1	000007	全新好	主力做T，成功率35.62	4.06	10.03	-1103.06	1859.86	2962.92	4822.79	25339.73	-4.35	19.03	21.29	13	日振幅值达到15的前5只证券	20210226	星期五
2	000007	全新好	主力做T，成功率35.62	4.06	10.03	-1103.06	1859.86	2962.92	4822.79	25339.73	-4.35	19.03	21.29	13	日涨幅偏离值达到7的前5只证券	20210226	星期五
3	000007	全新好	主力做T，成功率33.48	4.06	10.03	-981.97	3279.68	4261.65	7541.34	45991.77	-2.14	16.40	21.29	13	连续三个交易日内，涨幅偏离值累计达到20的证券	20210226	星期五
4	000007	全新好	主力做T，成功率35.62	4.06	10.03	-1103.06	1859.86	2962.92	4822.79	25339.73	-4.35	19.03	21.29	13	日换手率达到20的前5只证券	20210226	星期五
5	000056	皇庭国际	实力游资买入，成功率39.74	3.40	10.03	1092.08	1687.08	595.00	2282.08	2198.44	49.68	103.80	0.71	31	日涨幅偏离值达到7的前5只证券	20210226	星期五
6	000523	广州浪奇	2家机构买入，成功率30.70	2.76	3.76	204.10	852.00	647.90	1499.89	6012.59	3.39	24.95	3.62	17	日振幅值达到15的前5只证券	20210226	星期五
7	000523	广州浪奇	主力做T，成功率56.06	2.76	3.76	144.17	1767.21	1623.04	3390.25	15797.40	0.91	21.46	3.62	17	连续三个交易日内，涨幅偏离值累计达到20的证券	20210226	星期五
8	000584	哈工智能	1家机构卖出，成功率21.28	8.11	-4.14	-1351.98	7284.47	8636.45	15920.92	113845.79	-1.19	13.98	17.75	60	日振幅值达到15的前5只证券	20210226	星期五
9	000587	*ST金洲	浙江资金买入，成功率26.94	1.52	4.83	-100.24	1236.29	1336.53	2572.82	4778.80	-2.10	53.84	2.43	18	连续三个交易日内，涨幅偏离值累计达到12的ST证券、*ST证券和未完成股改证券	20210226	星期五
10	000662	天夏退	卖一主卖，成功率43.33	0.50	-9.09	-0.01	0.04	0.05	0.09	0.05	-30.00	170.00	0.00	5	退市整理期	20210226	星期五
11	000707	ST双环	实力游资买入，成功率49.54	2.43	2.53	-194.09	946.49	1140.59	2087.08	5840.96	-3.32	35.73	3.31	11	连续三个交易日内，涨幅偏离值累计达到12的ST证券、*ST证券和未完成股改证券	20210226	星期五
12	000711	京蓝科技	上海资金买入，成功率44.37	2.70	3.05	-52.88	1184.81	1237.68	2422.49	16224.53	-0.33	14.93	7.61	22	日振幅值达到15的前5只证券	20210226	星期五
13	000713	丰乐种业	主力做T，成功率28.73	17.08	5.82	-1985.79	9542.98	11528.76	21071.74	150884.99	-1.32	13.97	22.52	68	日换手率达到20的前5只证券	20210226	星期五
14	000798	中水渔业	实力游资买入，成功率43.13	9.27	9.96	1525.84	3827.19	2301.35	6128.55	25315.61	6.03	24.21	8.94	30	日涨幅偏离值达到7的前5只证券	20210226	星期五
15	000807	云铝股份	卖一主卖，成功率48.25	9.55	-9.99	-16176.58	24013.59	40190.17	64203.76	194820.87	-8.30	32.96	7.22	269	日跌幅偏离值达到7的前5只证券	20210226	星期五
16	000816	智慧农业	买一主买，成功率39.58	3.69	10.15	5221.05	9674.46	4453.41	14127.88	54316.79	9.61	26.01	11.37	49	日涨幅偏离值达到7的前5只证券	20210226	星期五
17	000820	*ST节能	实力游资买入，成功率60.64	1.37	5.38	162.52	556.16	393.64	949.80	2179.58	7.46	43.58	2.54	4	连续三个交易日内，涨幅偏离值累计达到12的ST证券、*ST证券和未完成股改证券	20210226	星期五
18	000918	嘉凯城	实力游资卖出，成功率51.48	7.98	-4.09	-19.66	6555.09	6574.74	13129.83	66309.97	-0.03	19.80	4.40	144	日振幅值达到15的前5只证券	20210226	星期五
19	000995	皇台酒业	实力游资买入，成功率43.10	20.81	9.99	7126.40	11158.74	4032.34	15191.08	47534.47	14.99	31.96	13.32	37	日涨幅偏离值达到7的前5只证券	20210226	星期五
20	002002	鸿达兴业	1家机构买入，成功率43.34	3.93	10.08	-4621.10	15183.33	19804.43	34987.75	110480.98	-4.18	31.67	10.64	108	日涨幅偏离值达到7的前5只证券	20210226	星期五
21	002017	东信和平	实力游资买入，成功率42.05	11.86	10.02	4516.19	7244.32	2728.13	9972.45	32753.51	13.79	30.45	6.41	53	日涨幅偏离值达到7的前5只证券	20210226	星期五
22	002026	山东威达	2家机构买入，成功率42.92	10.37	2.67	6795.51	14165.00	7369.48	21534.48	92868.35	7.32	23.19	8.35	44	连续三个交易日内，涨幅偏离值累计达到20的证券	20210226	星期五
23	002089	ST新海	主力做T，成功率26.67	1.80	4.05	140.80	1475.31	1334.50	2809.81	6523.73	2.16	43.07	1.45	21	连续三个交易日内，涨幅偏离值累计达到12的ST证券、*ST证券	20210226	星期五
24	002139	拓邦股份	2家机构买入，成功率47.50	11.73	6.35	17123.24	54163.40	37040.16	91203.56	234198.46	7.31	38.94	10.84	110	连续三个交易日内，涨幅偏离值累计达到20的证券	20210226	星期五
25	002184	海得控制	卖一主卖，成功率33.30	22.09	-6.83	4670.91	13014.69	8343.78	21358.47	126067.84	3.71	16.94	33.12	35	日振幅值达到15的前5只证券	20210226	星期五
26	002184	海得控制	卖一主卖，成功率33.30	22.09	-6.83	4670.91	13014.69	8343.78	21358.47	126067.84	3.71	16.94	33.12	35	日换手率达到20的前5只证券	20210226	星期五
27	002212	天融信	2家机构买入，成功率50.71	20.89	10.01	886.66	9828.91	8942.25	18771.15	39541.40	2.24	47.47	1.73	234	日涨幅偏离值达到7的前5只证券	20210226	星期五
28	002366	台海核电	主力做T，成功率27.70	3.16	5.33	-476.21	3271.47	3747.68	7019.16	38166.14	-1.25	18.39	11.85	19	连续三个交易日内，涨幅偏离值累计达到20的证券	20210226	星期五
29	002464	众应互联	1家机构买入，成功率17.28	3.38	3.68	-2322.98	1465.64	3788.62	5254.25	29775.44	-7.80	17.65	17.06	18	日振幅值达到15的前5只证券	20210226	星期五
30	002529	*ST海源	买一主买，成功率58.14	7.19	3.45	482.94	1233.04	750.10	1983.15	7074.83	6.83	28.03	2.17	19	连续三个交易日内，涨幅偏离值累计达到12的ST证券、*ST证券	20210226	星期五
31	002597	金禾实业	4家机构卖出，成功率48.30	40.95	-9.00	-3250.27	10379.36	13629.63	24009.00	51260.43	-6.34	46.84	2.20	229	日跌幅偏离值达到7的前5只证券	20210226	星期五
32	002647	仁东控股	1家机构买入，成功率49.74	10.43	10.02	5078.94	11746.51	6667.57	18414.08	111260.15	4.56	16.55	20.07	58	日振幅值达到15的前5只证券	20210226	星期五
33	002647	仁东控股	1家机构买入，成功率49.74	10.43	10.02	5078.94	11746.51	6667.57	18414.08	111260.15	4.56	16.55	20.07	58	日涨幅偏离值达到7的前5只证券	20210226	星期五
34	002684	ST猛狮	实力游资买入，成功率48.54	2.45	5.15	215.67	972.29	756.62	1728.90	6110.65	3.53	28.29	5.70	11	连续三个交易日内，涨幅偏离值累计达到12的ST证券、*ST证券	20210226	星期五
35	002781	奇信股份	主力做T，成功率53.98	8.80	7.45	-1173.54	4073.34	5246.88	9320.22	31952.95	-3.67	29.17	7.88	18	连续三个交易日内，涨幅偏离值累计达到20的证券	20210226	星期五
36	002862	实丰文化	实力游资买入，成功率36.73	10.28	8.78	751.18	2931.71	2180.53	5112.23	16256.52	4.62	31.45	14.54	12	日振幅值达到15的前5只证券	20210226	星期五
37	002862	实丰文化	实力游资买入，成功率36.73	10.28	8.78	751.18	2931.71	2180.53	5112.23	16256.52	4.62	31.45	14.54	12	日换手率达到20的前5只证券	20210226	星期五
38	002998	优彩资源	买一主买，成功率44.62	15.00	9.97	2928.79	6276.70	3347.91	9624.61	50701.05	5.78	18.98	43.75	12	日振幅值达到15的前5只证券	20210226	星期五
39	002998	优彩资源	买一主买，成功率44.62	15.00	9.97	2928.79	6276.70	3347.91	9624.61	50701.05	5.78	18.98	43.75	12	日涨幅偏离值达到7的前5只证券	20210226	星期五
40	002998	优彩资源	实力游资买入，成功率40.72	15.00	9.97	3226.86	9012.51	5785.65	14798.16	93141.35	3.46	15.89	43.75	12	连续三个交易日内，涨幅偏离值累计达到20的证券	20210226	星期五
41	002998	优彩资源	买一主买，成功率44.62	15.00	9.97	2928.79	6276.70	3347.91	9624.61	50701.05	5.78	18.98	43.75	12	日换手率达到20的前5只证券	20210226	星期五
42	003022	联泓新科	3家机构卖出，成功率43.76	28.88	-9.47	-7043.56	6950.16	13993.72	20943.88	58199.19	-12.10	35.99	13.35	43	日跌幅偏离值达到7的前5只证券	20210226	星期五
43	003022	联泓新科	5家机构卖出，成功率45.00	28.88	-9.47	-22042.24	15402.47	37444.71	52847.18	172385.26	-12.79	30.66	13.35	43	连续三个交易日内，跌幅偏离值累计达到20的证券	20210226	星期五
44	003035	南网能源	西藏自治区资金买入，成功率47.46	6.49	6.39	573.47	9818.44	9244.97	19063.41	145182.04	0.39	13.13	30.12	49	日换手率达到20的前5只证券	20210226	星期五
45	003037	三和管桩	1家机构买入，成功率27.03	13.12	5.55	979.51	2254.81	1275.30	3530.10	23678.23	4.14	14.91	26.95	9	日换手率达到20的前5只证券	20210226	星期五
46	003038	鑫铂股份	实力游资卖出，成功率35.86	37.50	-10.01	-1503.75	536.63	2040.38	2577.00	4037.25	-37.25	63.83	4.05	10	日跌幅偏离值达到7的前5只证券	20210226	星期五
47	200054	建车B	实力游资买入，成功率53.33	4.99	8.71	28.36	62.61	34.25	96.87	99.28	28.57	97.56	0.81	1	日涨幅偏离值达到7的前5只证券	20210226	星期五
48	200468	宁通信B	广东资金买入，成功率50.95	3.33	7.42	-77.91	146.87	224.78	371.64	490.42	-15.89	75.78	1.79	3	日涨幅偏离值达到7的前5只证券	20210226	星期五
49	300025	华星创业	实力游资买入，成功率43.35	4.27	19.94	2685.41	4422.78	1737.38	6160.16	12110.84	22.17	50.86	7.39	17	日涨幅达到15的前5只证券	20210226	星期五
50	300278	华昌达	1家机构买入，成功率54.39	4.68	0.86	525.52	10154.12	9628.59	19782.71	143413.92	0.37	13.79	24.56	19	连续三个交易日内，涨幅偏离值累计达到30的证券	20210226	星期五
51	300369	绿盟科技	3家机构买入，成功率46.28	14.89	19.98	-8745.91	9731.74	18477.64	28209.38	59208.78	-14.77	47.64	5.51	109	日涨幅达到15的前5只证券	20210226	星期五
52	300595	欧普康视	4家机构卖出，成功率46.40	93.21	-16.62	3977.75	44420.33	40442.58	84862.91	155545.07	2.56	54.56	3.58	408	日跌幅达到15的前5只证券	20210226	星期五
53	300720	海川智能	实力游资买入，成功率39.10	24.25	16.03	1635.63	3222.10	1586.47	4808.57	27144.97	6.03	17.71	17.96	15	日涨幅达到15的前5只证券	20210226	星期五
54	300917	特发服务	广东资金卖出，成功率33.05	38.90	-4.28	-1980.19	3371.41	5351.60	8723.02	39405.94	-5.03	22.14	44.93	8	日换手率达到30的前5只证券	20210226	星期五
55	300937	药易购	西藏自治区资金卖出，成功率30.82	89.96	-10.03	694.54	5596.53	4901.99	10498.51	91596.67	0.76	11.46	40.92	20	日换手率达到30的前5只证券	20210226	星期五
56	300945	曼卡龙	主力做T，成功率28.12	23.18	-11.36	-84.02	2836.75	2920.77	5757.52	42926.11	-0.20	13.41	37.13	11	日换手率达到30的前5只证券	20210226	星期五
57	300949	奥雅设计	西藏自治区资金买入，成功率28.40	109.00	101.00	3803.70	6812.60	3008.91	9821.51	103931.66	3.66	9.45	57.53	16	无价格涨跌幅限制的证券	20210226	星期五
58	300951	博硕科技	西藏自治区资金买入，成功率27.48	135.20	79.84	4735.78	9864.04	5128.26	14992.30	156987.07	3.02	9.55	50.52	27	无价格涨跌幅限制的证券	20210226	星期五
59	600086	退市金钰	实力游资卖出，成功率41.56	0.19	-5.00	-21.66	298.99	320.65	619.64	1208.23	-1.79	51.29	6.03	2	退市整理的证券	20210226	星期五
60	600112	ST天成	实力游资买入，成功率44.11	1.24	5.08	-387.00	629.92	1016.91	1646.83	4478.35	-8.64	36.77	4.28	6	ST、*ST和S证券连续三个交易日内收盘价格涨幅偏离值累计达到15的证券	20210226	星期五
61	600193	ST创兴	上海资金买入，成功率52.06	5.79	5.08	290.67	1629.23	1338.56	2967.79	5420.82	5.36	54.75	0.48	25	ST、*ST和S证券连续三个交易日内收盘价格涨幅偏离值累计达到15的证券	20210226	星期五
62	600219	南山铝业	3家机构卖出，成功率43.11	4.12	-10.04	-14877.85	28901.30	43779.15	72680.45	180600.99	-8.24	40.24	3.59	492	有价格涨跌幅限制的日收盘价格跌幅偏离值达到7的前三只证券	20210226	星期五
63	600340	华夏幸福	买一主买，成功率36.00	8.48	8.86	-13525.19	20233.95	33759.14	53993.09	281045.64	-4.81	19.21	6.21	330	非ST、*ST和S证券连续三个交易日内收盘价格涨幅偏离值累计达到20的证券	20210226	星期五
64	600506	香梨股份	实力游资买入，成功率52.05	8.42	10.07	1459.17	3638.36	2179.19	5817.56	9984.37	14.61	58.27	8.18	12	有价格涨跌幅限制的日收盘价格涨幅偏离值达到7的前三只证券	20210226	星期五
65	600593	大连圣亚	买一主买，成功率36.67	24.95	9.91	-3343.00	24495.43	27838.43	52333.85	66095.34	-5.06	79.18	9.68	32	非ST、*ST和S证券连续三个交易日内收盘价格涨幅偏离值累计达到20的证券	20210226	星期五
66	600714	金瑞矿业	实力游资买入，成功率28.14	7.88	10.06	502.25	3739.96	3237.71	6977.67	20919.77	2.40	33.35	9.50	23	有价格涨跌幅限制的日收盘价格涨幅偏离值达到7的前三只证券	20210226	星期五
67	600714	金瑞矿业	实力游资买入，成功率28.14	7.88	10.06	502.25	3739.96	3237.71	6977.67	22155.40	2.27	31.49	9.50	23	非ST、*ST和S证券连续三个交易日内收盘价格涨幅偏离值累计达到20的证券	20210226	星期五
68	600722	金牛化工	实力游资买入，成功率36.88	6.70	5.35	981.24	5798.58	4817.34	10615.91	97655.15	1.00	10.87	22.83	46	有价格涨跌幅限制的日价格振幅达到15的前三只证券	20210226	星期五
69	600754	锦江酒店	4家机构卖出，成功率45.72	53.86	-9.99	-3883.21	11184.39	15067.60	26251.98	37752.70	-10.29	69.54	0.85	432	有价格涨跌幅限制的日收盘价格跌幅偏离值达到7的前三只证券	20210226	星期五
70	600776	东方通信	实力游资买入，成功率38.22	14.54	9.98	-14106.04	12206.96	26313.00	38519.97	166110.14	-8.49	23.19	5.05	139	非ST、*ST和S证券连续三个交易日内收盘价格涨幅偏离值累计达到20的证券	20210226	星期五
71	600834	申通地铁	实力游资买入，成功率43.84	11.01	9.99	435.85	4369.31	3933.45	8302.76	22207.84	1.96	37.39	2.78	53	非ST、*ST和S证券连续三个交易日内收盘价格涨幅偏离值累计达到20的证券	20210226	星期五
72	600916	中国黄金	实力游资买入，成功率71.90	18.65	10.03	6757.57	6934.94	177.37	7112.30	8798.79	76.80	80.83	1.34	34	非ST、*ST和S证券连续三个交易日内收盘价格涨幅偏离值累计达到20的证券	20210226	星期五
73	601963	重庆银行	实力游资卖出，成功率22.82	13.28	-3.35	-2227.20	4763.10	6990.30	11753.40	107484.14	-2.07	10.94	23.31	46	有价格涨跌幅限制的日换手率达到20的前三只证券	20210226	星期五
74	603032	德新交运	实力游资买入，成功率34.89	11.69	9.97	-806.33	1721.97	2528.29	4250.26	21765.32	-3.70	19.53	5.74	19	非ST、*ST和S证券连续三个交易日内收盘价格涨幅偏离值累计达到20的证券	20210226	星期五
75	603222	济民制药	实力游资买入，成功率36.57	13.79	9.97	278.90	4700.64	4421.74	9122.38	62539.08	0.45	14.59	14.98	44	有价格涨跌幅限制的日价格振幅达到15的前三只证券	20210226	星期五
76	603559	中通国脉	实力游资买入，成功率30.71	14.69	10.04	1500.20	2124.41	624.21	2748.63	5190.71	28.90	52.95	2.52	21	有价格涨跌幅限制的日收盘价格涨幅偏离值达到7的前三只证券	20210226	星期五
77	603655	朗博科技	实力游资买入，成功率37.54	23.70	5.62	690.85	2671.71	1980.86	4652.56	30832.44	2.24	15.09	12.88	25	有价格涨跌幅限制的日价格振幅达到15的前三只证券	20210226	星期五
78	603983	丸美股份	1家机构卖出，成功率55.86	51.13	-9.98	-1832.12	2589.24	4421.36	7010.61	22207.23	-8.25	31.57	5.52	39	有价格涨跌幅限制的日收盘价格跌幅偏离值达到7的前三只证券	20210226	星期五
79	605077	华康股份	实力游资卖出，成功率22.98	93.00	-9.71	29062.04	47925.02	18862.98	66788.00	321355.75	9.04	20.78	23.82	27	非ST、*ST和S证券连续三个交易日内收盘价格跌幅偏离值累计达到20的证券	20210226	星期五
80	605077	华康股份	实力游资卖出，成功率29.32	93.00	-9.71	99.81	10329.41	10229.60	20559.01	66514.19	0.15	30.91	23.82	27	有价格涨跌幅限制的日换手率达到20的前三只证券	20210226	星期五
81	605133	嵘泰股份	买一主买，成功率54.44	35.44	9.99	1651.53	1718.46	66.93	1785.39	1718.46	96.11	103.89	0.60	14	非ST、*ST和S证券连续三个交易日内收盘价格涨幅偏离值累计达到20的证券	20210226	星期五
82	605155	西大门	卖一主卖，成功率21.53	26.10	-3.26	-1032.29	896.87	1929.16	2826.04	14614.57	-7.06	19.34	23.44	6	有价格涨跌幅限制的日换手率达到20的前三只证券	20210226	星期五
83	605268	王力安防	买一主买，成功率62.11	17.99	10.03	1037.09	1077.26	40.17	1117.43	1077.26	96.27	103.73	0.56	12	非ST、*ST和S证券连续三个交易日内收盘价格涨幅偏离值累计达到20的证券	20210226	星期五
84	688017	绿的谐波	上海资金买入，成功率57.21	129.10	18.77	6686.93	25524.41	18837.48	44361.89	39335.95	17.00	112.78	12.51	36	有价格涨跌幅限制的日收盘价格涨幅达到15的前五只证券	20210226	星期五
85	688308	欧科亿	3家机构买入，成功率44.71	36.10	8.18	6340.71	10965.71	4625.00	15590.71	60447.14	10.49	25.79	28.10	8	有价格涨跌幅限制的连续3个交易日内收盘价格涨幅偏离值累计达到30的证券	20210226	星期五
86	900941	东信Ｂ股	1家机构买入，成功率58.64	0.53	7.35	-3.77	50.90	54.67	105.57	332.32	-1.14	31.77	2.15	1	有价格涨跌幅限制的日收盘价格涨幅偏离值达到7的前三只证券	20210226	星期五
