1	000488	晨鸣纸业	主力做T，成功率52.17	8.45	10.03	1074.80	16773.22	15698.42	32471.63	108024.82	0.99	30.06	8.20	140	日涨幅偏离值达到7的前5只证券	20210203	星期三
2	000502	绿景控股	1家机构买入，成功率66.55	6.12	9.09	450.75	1554.55	1103.80	2658.36	4007.77	11.25	66.33	4.15	11	日振幅值达到15的前5只证券	20210203	星期三
3	000523	广州浪奇	实力游资卖出，成功率46.67	2.07	-10.00	273.75	1022.56	748.81	1771.38	7615.33	3.59	23.26	5.84	13	日跌幅偏离值达到7的前5只证券	20210203	星期三
4	000564	供销大集	1家机构卖出，成功率30.00	2.07	-3.72	1401.07	4647.51	3246.44	7893.95	48956.79	2.86	16.12	2.86	42	连续三个交易日内，跌幅偏离值累计达到20的证券	20210203	星期三
5	000581	威孚高科	1家机构买入，成功率51.87	25.81	10.02	24376.89	40905.37	16528.48	57433.85	145647.29	16.74	39.43	6.96	211	日涨幅偏离值达到7的前5只证券	20210203	星期三
6	000603	盛达资源	实力游资卖出，成功率42.65	14.37	-10.02	-7211.73	4898.90	12110.63	17009.53	57461.89	-12.55	29.60	6.87	83	日跌幅偏离值达到7的前5只证券	20210203	星期三
7	000690	宝新能源	卖一主卖，成功率34.31	6.72	-9.92	-5043.90	8852.54	13896.44	22748.99	65185.13	-7.74	34.90	4.47	140	日跌幅偏离值达到7的前5只证券	20210203	星期三
8	000710	贝瑞基因	2家机构买入，成功率46.38	35.74	10.00	-5658.71	6643.85	12302.56	18946.40	31833.17	-17.78	59.52	2.61	127	日涨幅偏离值达到7的前5只证券	20210203	星期三
9	000752	*ST西发	实力游资卖出，成功率43.33	3.48	-4.92	-694.38	618.03	1312.41	1930.44	4195.66	-16.55	46.01	0.92	9	连续三个交易日内，跌幅偏离值累计达到12的ST证券、*ST证券和未完成股改证券	20210203	星期三
10	000798	中水渔业	1家机构买入，成功率45.74	8.92	9.99	3108.54	4052.05	943.51	4995.55	10131.62	30.68	49.31	3.62	28	日涨幅偏离值达到7的前5只证券	20210203	星期三
11	000812	陕西金叶	1家机构买入，成功率48.08	3.71	10.09	3652.32	5744.37	2092.05	7836.43	36523.63	10.00	21.46	14.91	25	日涨幅偏离值达到7的前5只证券	20210203	星期三
12	000972	ST中基	卖一主卖，成功率33.33	1.56	-4.88	-392.71	304.42	697.12	1001.54	2215.00	-17.73	45.22	0.84	12	连续三个交易日内，跌幅偏离值累计达到12的ST证券、*ST证券和未完成股改证券	20210203	星期三
13	002052	*ST同洲	实力游资买入，成功率36.44	1.23	5.13	1087.26	1698.63	611.38	2310.01	4465.64	24.35	51.73	0.78	9	连续三个交易日内，涨幅偏离值累计达到12的ST证券、*ST证券	20210203	星期三
14	002127	南极电商	2家机构买入，成功率47.79	10.78	10.00	8438.74	34366.97	25928.23	60295.20	190038.48	4.44	31.73	9.28	212	日涨幅偏离值达到7的前5只证券	20210203	星期三
15	002230	科大讯飞	2家机构卖出，成功率54.27	44.41	-9.99	14882.29	81296.84	66414.55	147711.40	560833.84	2.65	26.34	5.91	900	日跌幅偏离值达到7的前5只证券	20210203	星期三
16	002249	大洋电机	实力游资买入，成功率42.32	4.48	10.07	114.66	10020.60	9905.94	19926.53	56520.04	0.20	35.26	7.57	75	日涨幅偏离值达到7的前5只证券	20210203	星期三
17	002331	皖通科技	实力游资买入，成功率24.72	17.92	10.01	5390.11	13718.30	8328.19	22046.50	51497.81	10.47	42.81	7.69	69	日涨幅偏离值达到7的前5只证券	20210203	星期三
18	002331	皖通科技	主力做T，成功率36.75	17.92	10.01	5208.00	24640.50	19432.50	44073.00	123918.08	4.20	35.57	7.69	69	连续三个交易日内，涨幅偏离值累计达到20的证券	20210203	星期三
19	002366	台海核电	实力游资卖出，成功率34.88	2.39	-7.72	-4431.59	2527.59	6959.18	9486.76	26253.76	-16.88	36.13	4.75	14	连续三个交易日内，跌幅偏离值累计达到20的证券	20210203	星期三
20	002595	豪迈科技	1家机构卖出，成功率73.04	32.20	-10.01	550.20	5530.80	4980.61	10511.41	22196.05	2.48	47.36	1.26	170	日跌幅偏离值达到7的前5只证券	20210203	星期三
21	002612	朗姿股份	实力游资买入，成功率49.39	22.02	2.56	334.70	6708.82	6374.12	13082.94	70105.96	0.48	18.66	12.20	58	日振幅值达到15的前5只证券	20210203	星期三
22	002614	奥佳华	1家机构卖出，成功率48.35	13.91	-9.97	-2365.79	8036.74	10402.53	18439.27	44250.52	-5.35	41.67	7.94	55	日跌幅偏离值达到7的前5只证券	20210203	星期三
23	002745	木林森	主力做T，成功率44.55	12.90	-9.85	-21379.02	26580.82	47959.84	74540.66	168725.85	-12.67	44.18	7.20	121	连续三个交易日内，跌幅偏离值累计达到20的证券	20210203	星期三
24	002759	天际股份	买一主买，成功率64.06	22.45	10.00	-462.68	9909.83	10372.51	20282.34	47794.16	-0.97	42.44	5.46	90	日涨幅偏离值达到7的前5只证券	20210203	星期三
25	002790	瑞尔特	实力游资卖出，成功率23.44	4.95	-9.84	-979.54	922.35	1901.89	2824.24	7893.98	-12.41	35.78	4.78	13	连续三个交易日内，跌幅偏离值累计达到20的证券	20210203	星期三
26	002813	路畅科技	1家机构买入，成功率39.11	27.08	1.39	683.63	2909.24	2225.61	5134.86	34649.71	1.97	14.82	37.21	9	日换手率达到20的前5只证券	20210203	星期三
27	002901	大博医疗	1家机构卖出，成功率27.32	59.27	-9.99	30.36	3688.19	3657.83	7346.02	19673.70	0.15	37.34	0.95	202	日跌幅偏离值达到7的前5只证券	20210203	星期三
28	002908	德生科技	江苏资金卖出，成功率41.26	14.90	-10.02	102.35	2350.89	2248.54	4599.43	16291.02	0.63	28.23	7.53	21	日跌幅偏离值达到7的前5只证券	20210203	星期三
29	002984	森麒麟	4家机构买入，成功率50.34	38.33	9.99	3904.45	15262.48	11358.04	26620.52	105983.70	3.68	25.12	14.47	26	连续三个交易日内，涨幅偏离值累计达到20的证券	20210203	星期三
30	003000	华文食品	2家机构买入，成功率49.41	17.41	9.98	1993.96	5574.13	3580.17	9154.30	31990.10	6.23	28.62	48.73	7	日振幅值达到15的前5只证券	20210203	星期三
31	003000	华文食品	2家机构买入，成功率42.27	17.41	9.98	2742.54	9686.24	6943.70	16629.93	66595.21	4.12	24.97	48.73	7	连续三个交易日内，涨幅偏离值累计达到20的证券	20210203	星期三
32	003000	华文食品	2家机构买入，成功率49.41	17.41	9.98	1993.96	5574.13	3580.17	9154.30	31990.10	6.23	28.62	48.73	7	日换手率达到20的前5只证券	20210203	星期三
33	003022	联泓新科	2家机构买入，成功率33.17	31.35	10.00	3396.18	7865.12	4468.94	12334.06	50123.90	6.78	24.61	11.24	46	日涨幅偏离值达到7的前5只证券	20210203	星期三
34	003028	振邦智能	1家机构买入，成功率32.80	44.88	5.65	1262.21	3221.47	1959.26	5180.73	29288.33	4.31	17.69	24.37	12	日换手率达到20的前5只证券	20210203	星期三
35	003031	中瓷电子	1家机构买入，成功率37.51	62.45	1.74	-1697.24	3776.79	5474.03	9250.83	46752.68	-3.63	19.79	27.45	17	日换手率达到20的前5只证券	20210203	星期三
36	003032	传智教育	实力游资买入，成功率38.20	28.55	10.02	2152.48	4728.44	2575.96	7304.39	33624.31	6.40	21.72	30.89	11	日换手率达到20的前5只证券	20210203	星期三
37	200488	晨鸣B	广东资金买入，成功率38.72	4.08	9.09	301.39	1982.56	1681.17	3663.73	6403.71	4.71	57.21	2.78	24	日涨幅偏离值达到7的前5只证券	20210203	星期三
38	200488	晨鸣B	广东资金买入，成功率28.72	4.08	9.09	1658.43	6254.78	4596.35	10851.13	19946.10	8.31	54.40	2.78	24	连续三个交易日内，涨幅偏离值累计达到20的证券	20210203	星期三
39	300118	东方日升	主力做T，成功率77.78	14.36	-10.86	95508.82	1184230.41	1088721.59	2272952.00	4869568.07	1.96	46.68	21.32	91	严重异常期间日收盘价格跌幅偏离值累计达到50的证券	20210203	星期三
40	300118	东方日升	主力做T，成功率77.78	14.36	-10.86	276258.68	8424103.62	8147844.94	16571948.57	4869568.00	5.67	340.32	21.32	91	严重异常期间日收盘价格跌幅偏离值累计达到70的证券	20210203	星期三
41	300313	天山生物	实力游资买入，成功率34.57	16.30	20.03	-865.15	6580.57	7445.72	14026.28	50207.24	-1.72	27.94	17.41	30	日涨幅达到15的前5只证券	20210203	星期三
42	300906	日月明	1家机构卖出，成功率40.32	51.64	-4.41	-636.02	2777.73	3413.75	6191.49	41527.70	-1.53	14.91	40.60	10	日换手率达到30的前5只证券	20210203	星期三
43	300929	华骐环保	1家机构买入，成功率20.93	38.40	3.62	2156.03	5048.71	2892.68	7941.39	32005.73	6.74	24.81	49.72	7	日换手率达到30的前5只证券	20210203	星期三
44	300933	中辰股份	实力游资卖出，成功率16.65	14.75	-3.59	-975.62	4630.38	5606.00	10236.37	68188.18	-1.43	15.01	55.93	13	日换手率达到30的前5只证券	20210203	星期三
45	300937	药易购	主力做T，成功率27.68	92.47	20.00	793.77	6780.00	5986.23	12766.24	102159.73	0.78	12.50	58.55	21	日涨幅达到15的前5只证券	20210203	星期三
46	300937	药易购	主力做T，成功率27.68	92.47	20.00	793.77	6780.00	5986.23	12766.24	102159.73	0.78	12.50	58.55	21	日振幅值达到30的前5只证券	20210203	星期三
47	300937	药易购	主力做T，成功率27.68	92.47	20.00	793.77	6780.00	5986.23	12766.24	102159.73	0.78	12.50	58.55	21	日换手率达到30的前5只证券	20210203	星期三
48	300938	信测标准	西藏自治区资金买入，成功率28.06	67.91	11.80	386.16	3142.55	2756.39	5898.94	46419.71	0.83	12.71	48.79	11	日换手率达到30的前5只证券	20210203	星期三
49	300940	南极光	西藏自治区资金买入，成功率29.38	106.03	730.96	6881.76	10368.33	3486.57	13854.90	186455.73	3.69	7.43	78.83	30	无价格涨跌幅限制的证券	20210203	星期三
50	600086	退市金钰	卖一主卖，成功率28.43	0.30	-9.09	-0.07	2.05	2.12	4.17	2.27	-3.03	183.51	0.01	3	退市整理的证券	20210203	星期三
51	600086	退市金钰	卖一主卖，成功率13.33	0.30	-9.09	-0.56	4.84	5.39	10.23	6.55	-8.48	156.18	0.01	3	非ST、*ST和S证券连续三个交易日内收盘价格跌幅偏离值累计达到20的证券	20210203	星期三
52	600166	福田汽车	1家机构买入，成功率31.84	3.34	9.87	39362.97	56386.58	17023.62	73410.20	280576.18	14.03	26.16	7.04	220	非ST、*ST和S证券连续三个交易日内收盘价格涨幅偏离值累计达到20的证券	20210203	星期三
53	600198	大唐电信	实力游资卖出，成功率30.98	5.02	-10.04	51.86	365.76	313.90	679.66	2238.67	2.32	30.36	0.51	44	有价格涨跌幅限制的日收盘价格跌幅偏离值达到7的前三只证券	20210203	星期三
54	600198	大唐电信	实力游资卖出，成功率31.34	5.02	-10.04	-137.10	570.49	707.59	1278.08	4883.64	-2.81	26.17	0.51	44	非ST、*ST和S证券连续三个交易日内收盘价格跌幅偏离值累计达到20的证券	20210203	星期三
55	600518	ST康美	实力游资卖出，成功率31.79	1.97	-4.83	-521.77	435.60	957.38	1392.98	3926.44	-13.29	35.48	0.18	87	ST、*ST和S证券连续三个交易日内收盘价格跌幅偏离值累计达到15的证券	20210203	星期三
56	600576	祥源文化	实力游资买入，成功率35.06	5.10	9.91	2332.28	5754.70	3422.42	9177.12	56217.93	4.15	16.32	18.78	32	有价格涨跌幅限制的日价格振幅达到15的前三只证券	20210203	星期三
57	600609	金杯汽车	实力游资买入，成功率35.85	4.57	10.12	199.15	2517.81	2318.66	4836.47	20389.83	0.98	23.72	4.16	50	有价格涨跌幅限制的日收盘价格涨幅偏离值达到7的前三只证券	20210203	星期三
58	600652	ST游久	卖一主卖，成功率43.33	1.42	-4.70	-463.53	391.70	855.23	1246.93	2759.00	-16.80	45.20	1.95	12	ST、*ST和S证券连续三个交易日内收盘价格跌幅偏离值累计达到15的证券	20210203	星期三
59	600687	退市刚泰	卖一主卖，成功率42.94	0.27	-3.57	-10.82	193.12	203.94	397.06	378.00	-2.86	105.04	0.92	4	退市整理的证券	20210203	星期三
60	600695	绿庭投资	卖一主卖，成功率58.00	4.13	-10.02	-170.40	123.65	294.06	417.71	505.02	-33.74	82.71	0.33	15	有价格涨跌幅限制的日收盘价格跌幅偏离值达到7的前三只证券	20210203	星期三
61	600715	文投控股	实力游资卖出，成功率31.02	2.12	-9.79	-1571.90	1174.81	2746.71	3921.52	17481.58	-8.99	22.43	1.52	39	非ST、*ST和S证券连续三个交易日内收盘价格跌幅偏离值累计达到20的证券	20210203	星期三
62	600805	悦达投资	买一主买，成功率70.14	3.83	10.06	1114.03	1959.23	845.20	2804.43	2187.77	50.92	128.19	0.67	33	有价格涨跌幅限制的日收盘价格涨幅偏离值达到7的前三只证券	20210203	星期三
63	600978	*ST宜生	卖一主卖，成功率34.33	0.78	-4.88	-211.56	225.57	437.13	662.70	691.01	-30.62	95.90	0.21	12	ST、*ST和S证券连续三个交易日内收盘价格跌幅偏离值累计达到15的证券	20210203	星期三
64	601015	陕西黑猫	1家机构买入，成功率41.58	8.20	10.07	9936.22	18926.28	8990.06	27916.34	112454.11	8.84	24.82	8.90	134	有价格涨跌幅限制的日收盘价格涨幅偏离值达到7的前三只证券	20210203	星期三
65	601015	陕西黑猫	上海资金买入，成功率40.72	8.20	10.07	18303.57	54590.85	36287.27	90878.12	332181.88	5.51	27.36	8.90	134	非ST、*ST和S证券连续三个交易日内收盘价格涨幅偏离值累计达到20的证券	20210203	星期三
66	603016	新宏泰	实力游资卖出，成功率42.22	24.90	-9.32	-1175.97	3228.62	4404.59	7633.22	27704.06	-4.24	27.55	6.94	37	有价格涨跌幅限制的日价格振幅达到15的前三只证券	20210203	星期三
67	603085	天成自控	实力游资卖出，成功率56.85	8.46	-7.64	-13788.55	4373.79	18162.34	22536.13	43121.42	-31.98	52.26	15.94	25	有价格涨跌幅限制的日价格振幅达到15的前三只证券	20210203	星期三
68	603698	航天工程	实力游资卖出，成功率36.03	13.39	-10.01	31.09	1250.67	1219.58	2470.24	23223.10	0.13	10.64	3.10	72	有价格涨跌幅限制的日收盘价格跌幅偏离值达到7的前三只证券	20210203	星期三
69	605005	合兴股份	实力游资卖出，成功率50.64	17.84	-8.51	-1916.21	6104.46	8020.67	14125.13	49492.13	-3.87	28.54	66.50	7	有价格涨跌幅限制的日换手率达到20的前三只证券	20210203	星期三
70	605018	长华股份	买一主买，成功率51.96	16.40	2.50	1.24	3297.05	3295.81	6592.86	38868.64	0.00	16.96	57.15	7	有价格涨跌幅限制的日换手率达到20的前三只证券	20210203	星期三
71	605055	迎丰股份	实力游资买入，成功率58.22	9.23	10.01	901.84	3856.38	2954.55	6810.93	52184.80	1.73	13.05	69.09	7	非ST、*ST和S证券连续三个交易日内收盘价格涨幅偏离值累计达到20的证券	20210203	星期三
72	605055	迎丰股份	实力游资买入，成功率53.12	9.23	10.01	1299.68	3791.43	2491.75	6283.19	48075.73	2.70	13.07	69.09	7	有价格涨跌幅限制的日换手率达到20的前三只证券	20210203	星期三
73	605368	蓝天燃气	西藏自治区资金卖出，成功率26.86	16.24	-9.93	-1428.89	3519.31	4948.21	8467.52	68937.24	-2.07	12.28	28.88	11	非ST、*ST和S证券连续三个交易日内收盘价格跌幅偏离值累计达到20的证券	20210203	星期三
74	688689	银河微电	买一主买，成功率46.68	34.03	4.87	1218.91	3054.53	1835.62	4890.16	30621.33	3.98	15.97	32.09	10	有价格涨跌幅限制的日换手率达到30的前五只证券	20210203	星期三
75	900919	绿庭B股	实力游资卖出，成功率49.49	0.19	-10.00	-1.31	4.64	5.94	10.58	7.12	-18.34	148.70	0.11	1	有价格涨跌幅限制的日收盘价格跌幅偏离值达到7的前三只证券	20210203	星期三
76	900938	海科B	实力游资卖出，成功率46.38	0.18	-7.11	12.79	34.89	22.10	56.99	112.38	11.38	50.71	1.90	0	有价格涨跌幅限制的日收盘价格跌幅偏离值达到7的前三只证券	20210203	星期三
77	900945	海控B股	上海资金买入，成功率44.62	0.16	4.55	23.28	44.90	21.62	66.51	67.02	34.74	99.24	1.21	0	有价格涨跌幅限制的日价格振幅达到15的前三只证券	20210203	星期三
