1	000301	东方盛虹	2家机构买入，成功率46.65	14.01	3.24	-17623.73	22261.63	39885.36	62146.99	103274.44	-17.06	60.18	4.29	243	日振幅值达到15的前5只证券	20210201	星期一
2	000413	东旭光电	主力做T，成功率25.44	1.94	-10.19	24.09	1747.31	1723.21	3470.52	26193.18	0.09	13.25	2.75	94	日跌幅偏离值达到7的前5只证券	20210201	星期一
3	000425	徐工机械	2家机构买入，成功率41.56	5.90	10.07	24971.30	33560.46	8589.16	42149.62	92935.13	26.87	45.35	2.34	413	日涨幅偏离值达到7的前5只证券	20210201	星期一
4	000426	兴业矿业	3家机构买入，成功率48.39	7.84	9.96	1691.02	6264.41	4573.39	10837.80	37431.31	4.52	28.95	3.26	116	日涨幅偏离值达到7的前5只证券	20210201	星期一
5	000547	航天发展	4家机构卖出，成功率45.53	22.36	-9.98	4514.08	32786.98	28272.90	61059.88	161735.14	2.79	37.75	5.79	270	日跌幅偏离值达到7的前5只证券	20210201	星期一
6	000659	珠海中富	实力游资买入，成功率52.46	3.70	9.47	2811.46	5058.72	2247.27	7305.99	20824.27	13.50	35.08	4.54	48	日振幅值达到15的前5只证券	20210201	星期一
7	000673	*ST当代	实力游资买入，成功率59.19	1.42	5.19	471.66	868.78	397.12	1265.91	3302.14	14.28	38.34	0.27	11	连续三个交易日内，涨幅偏离值累计达到12的ST证券、*ST证券和未完成股改证券	20210201	星期一
8	000691	亚太实业	实力游资卖出，成功率40.29	4.78	-9.98	-410.65	1369.00	1779.65	3148.65	19295.19	-2.13	16.32	13.69	14	日跌幅偏离值达到7的前5只证券	20210201	星期一
9	000691	亚太实业	1家机构卖出，成功率34.03	4.78	-9.98	-2231.14	2231.67	4462.81	6694.48	50051.68	-4.46	13.38	13.69	14	连续三个交易日内，跌幅偏离值累计达到20的证券	20210201	星期一
10	000697	炼石航空	2家机构卖出，成功率31.18	8.27	-10.01	-1233.82	1557.45	2791.27	4348.72	15818.16	-7.80	27.49	3.26	48	日跌幅偏离值达到7的前5只证券	20210201	星期一
11	000901	航天科技	卖一主卖，成功率30.14	8.30	-9.98	-2042.21	1889.84	3932.05	5821.89	21867.94	-9.34	26.62	3.44	63	日跌幅偏离值达到7的前5只证券	20210201	星期一
12	000975	银泰黄金	2家机构买入，成功率45.05	8.79	10.01	9602.31	13816.21	4213.90	18030.12	72113.62	13.32	25.00	4.79	152	日涨幅偏离值达到7的前5只证券	20210201	星期一
13	000977	浪潮信息	上海资金买入，成功率41.53	28.55	10.02	10739.28	17759.50	7020.22	24779.71	61338.69	17.51	40.40	1.49	415	日涨幅偏离值达到7的前5只证券	20210201	星期一
14	000996	中国中期	买一主买，成功率46.57	9.89	10.01	1635.05	3515.79	1880.74	5396.53	28482.25	5.74	18.95	8.38	34	日涨幅偏离值达到7的前5只证券	20210201	星期一
15	002124	天邦股份	买一主买，成功率37.92	15.70	10.02	9871.15	25607.86	15736.71	41344.56	118308.63	8.34	34.95	8.22	148	日涨幅偏离值达到7的前5只证券	20210201	星期一
16	002145	中核钛白	实力游资卖出，成功率46.49	7.67	-3.88	-5963.41	23305.20	29268.61	52573.81	164213.93	-3.63	32.02	13.39	122	日振幅值达到15的前5只证券	20210201	星期一
17	002174	游族网络	2家机构卖出，成功率49.63	11.61	-10.00	-60.71	3973.66	4034.37	8008.03	26654.78	-0.23	30.04	3.31	80	日跌幅偏离值达到7的前5只证券	20210201	星期一
18	002239	奥特佳	实力游资卖出，成功率41.25	3.65	-10.10	-5602.93	2228.39	7831.32	10059.70	37986.07	-14.75	26.48	3.29	114	日跌幅偏离值达到7的前5只证券	20210201	星期一
19	002331	皖通科技	主力做T，成功率49.33	14.81	10.03	-1378.12	11456.13	12834.25	24290.38	39656.14	-3.48	61.25	7.35	57	日振幅值达到15的前5只证券	20210201	星期一
20	002377	国创高新	湖北资金买入，成功率57.78	3.30	4.10	-1274.24	1047.89	2322.13	3370.02	5862.40	-21.74	57.49	1.98	30	日振幅值达到15的前5只证券	20210201	星期一
21	002382	蓝帆医疗	1家机构买入，成功率49.29	26.74	10.00	11521.50	29239.05	17717.55	46956.60	182315.86	6.32	25.76	9.26	199	日涨幅偏离值达到7的前5只证券	20210201	星期一
22	002383	合众思壮	实力游资卖出，成功率36.22	5.00	-10.07	438.93	1640.56	1201.64	2842.20	10292.05	4.26	27.62	3.47	29	日跌幅偏离值达到7的前5只证券	20210201	星期一
23	002427	ST尤夫	卖一主卖，成功率48.33	4.26	-4.91	-175.94	493.86	669.80	1163.66	1973.65	-8.91	58.96	0.08	19	连续三个交易日内，跌幅偏离值累计达到12的ST证券、*ST证券	20210201	星期一
24	002493	荣盛石化	3家机构买入，成功率53.00	37.62	10.00	-13763.54	50740.75	64504.28	115245.03	209264.77	-6.58	55.07	0.99	2188	日涨幅偏离值达到7的前5只证券	20210201	星期一
25	002530	金财互联	实力游资卖出，成功率41.24	7.90	-10.02	911.71	2757.47	1845.76	4603.23	8098.66	11.26	56.84	1.61	50	日跌幅偏离值达到7的前5只证券	20210201	星期一
26	002553	南方轴承	买一主买，成功率36.38	14.38	10.02	1504.43	7026.75	5522.32	12549.07	71602.14	2.10	17.53	22.53	34	日涨幅偏离值达到7的前5只证券	20210201	星期一
27	002553	南方轴承	主力做T，成功率30.73	14.38	10.02	438.74	11907.66	11468.92	23376.58	194705.62	0.23	12.01	22.53	34	连续三个交易日内，涨幅偏离值累计达到20的证券	20210201	星期一
28	002553	南方轴承	买一主买，成功率36.38	14.38	10.02	1504.43	7026.75	5522.32	12549.07	71602.14	2.10	17.53	22.53	34	日换手率达到20的前5只证券	20210201	星期一
29	002619	艾格拉斯	实力游资卖出，成功率43.57	1.62	-10.00	484.25	1437.38	953.13	2390.51	12313.59	3.93	19.41	5.29	23	日跌幅偏离值达到7的前5只证券	20210201	星期一
30	002648	卫星石化	2家机构买入，成功率40.53	38.70	10.01	-3682.33	21321.86	25004.20	46326.06	87260.46	-4.22	53.09	2.19	412	日涨幅偏离值达到7的前5只证券	20210201	星期一
31	002735	王子新材	北京资金卖出，成功率50.00	35.39	-8.98	-1585.14	11089.71	12674.85	23764.56	30860.51	-5.14	77.01	9.13	33	日振幅值达到15的前5只证券	20210201	星期一
32	002824	和胜股份	1家机构买入，成功率42.03	15.90	10.03	3959.16	6003.64	2044.48	8048.12	16514.48	23.97	48.73	5.05	17	连续三个交易日内，涨幅偏离值累计达到20的证券	20210201	星期一
33	002843	泰嘉股份	买一主买，成功率48.48	8.68	6.77	2016.51	3681.66	1665.15	5346.81	9118.21	22.12	58.64	5.24	18	日振幅值达到15的前5只证券	20210201	星期一
34	003018	金富科技	实力游资卖出，成功率28.30	12.66	-6.36	-723.77	853.84	1577.61	2431.45	16745.65	-4.32	14.52	20.46	8	日换手率达到20的前5只证券	20210201	星期一
35	003026	中晶科技	主力做T，成功率24.49	89.53	8.93	-1140.70	3814.65	4955.36	8770.01	58624.10	-1.95	14.96	27.17	22	日换手率达到20的前5只证券	20210201	星期一
36	003031	中瓷电子	西藏自治区资金买入，成功率25.26	67.60	2.42	-2317.00	3633.52	5950.52	9584.03	55632.42	-4.16	17.23	31.66	18	日换手率达到20的前5只证券	20210201	星期一
37	003032	传智教育	3家机构买入，成功率48.25	24.56	9.99	3668.33	9411.59	5743.26	15154.85	88398.45	4.15	17.14	27.11	10	连续三个交易日内，涨幅偏离值累计达到20的证券	20210201	星期一
38	003032	传智教育	买一主买，成功率38.49	24.56	9.99	103.49	3003.33	2899.83	5903.16	25753.12	0.40	22.92	27.11	10	日换手率达到20的前5只证券	20210201	星期一
39	200056	皇庭B	广东资金卖出，成功率41.83	1.22	-8.96	-16.16	16.75	32.91	49.67	46.78	-34.54	106.17	0.19	2	日跌幅偏离值达到7的前5只证券	20210201	星期一
40	200413	东旭B	广东资金卖出，成功率45.55	1.15	-10.16	4.61	64.79	60.18	124.97	208.17	2.22	60.03	0.84	2	日跌幅偏离值达到7的前5只证券	20210201	星期一
41	200488	晨鸣B	广东资金买入，成功率42.22	3.49	10.09	377.53	970.94	593.41	1564.35	2679.92	14.09	58.37	1.30	21	日涨幅偏离值达到7的前5只证券	20210201	星期一
42	300118	东方日升	实力游资卖出，成功率35.52	19.29	-19.99	4052.64	6540.08	2487.45	9027.53	22679.45	17.87	39.80	1.86	122	日跌幅达到15的前5只证券	20210201	星期一
43	300307	慈星股份	3家机构买入，成功率54.47	7.43	20.03	-1649.58	2633.22	4282.80	6916.01	18045.28	-9.14	38.33	3.30	57	日涨幅达到15的前5只证券	20210201	星期一
44	300326	凯利泰	1家机构卖出，成功率39.49	10.28	-18.02	3850.85	9771.54	5920.69	15692.23	52466.97	7.34	29.91	7.00	74	日跌幅达到15的前5只证券	20210201	星期一
45	300462	华铭智能	实力游资卖出，成功率43.27	15.38	-15.82	-477.54	1020.21	1497.75	2517.96	12659.58	-3.77	19.89	7.15	18	日跌幅达到15的前5只证券	20210201	星期一
46	300906	日月明	实力游资买入，成功率42.39	63.94	20.01	4616.14	7300.47	2684.33	9984.81	59447.89	7.77	16.80	50.51	13	日涨幅达到15的前5只证券	20210201	星期一
47	300906	日月明	实力游资买入，成功率42.39	63.94	20.01	4616.14	7300.47	2684.33	9984.81	59447.89	7.77	16.80	50.51	13	日换手率达到30的前5只证券	20210201	星期一
48	300923	研奥股份	实力游资买入，成功率52.00	41.16	20.00	3927.64	5266.08	1338.44	6604.51	31448.86	12.49	21.00	41.23	8	日涨幅达到15的前5只证券	20210201	星期一
49	300929	华骐环保	主力做T，成功率21.86	38.32	9.64	-976.33	2654.15	3630.48	6284.63	32107.66	-3.04	19.57	47.84	7	日换手率达到30的前5只证券	20210201	星期一
50	300930	屹通新材	西藏自治区资金买入，成功率36.72	32.34	14.56	-141.96	1853.54	1995.50	3849.04	37259.26	-0.38	10.33	51.48	8	日换手率达到30的前5只证券	20210201	星期一
51	300931	通用电梯	买一主买，成功率39.09	15.86	19.97	4467.92	6522.80	2054.88	8577.68	45579.12	9.80	18.82	53.45	9	日涨幅达到15的前5只证券	20210201	星期一
52	300931	通用电梯	买一主买，成功率39.09	15.86	19.97	4467.92	6522.80	2054.88	8577.68	45579.12	9.80	18.82	53.45	9	日换手率达到30的前5只证券	20210201	星期一
53	300932	三友联众	西藏自治区资金买入，成功率31.24	50.55	6.06	-2863.10	4175.84	7038.94	11214.78	69716.52	-4.11	16.09	46.48	15	日换手率达到30的前5只证券	20210201	星期一
54	300933	中辰股份	实力游资买入，成功率23.84	16.33	19.99	1729.01	4184.27	2455.26	6639.53	38627.98	4.48	17.19	28.40	14	日涨幅达到15的前5只证券	20210201	星期一
55	300933	中辰股份	1家机构买入，成功率34.45	16.33	19.99	1445.34	8996.38	7551.04	16547.43	99958.61	1.45	16.55	28.40	14	连续三个交易日内，涨幅偏离值累计达到30的证券	20210201	星期一
56	600086	退市金钰	卖一主卖，成功率54.76	0.37	-9.76	-0.16	11.59	11.74	23.33	12.03	-1.31	194.01	0.02	4	非ST、*ST和S证券连续三个交易日内收盘价格跌幅偏离值累计达到20的证券	20210201	星期一
57	600086	退市金钰	卖一主卖，成功率62.14	0.37	-9.76	0.01	7.88	7.87	15.75	7.90	0.19	199.25	0.02	4	退市整理的证券	20210201	星期一
58	600198	大唐电信	广东资金卖出，成功率41.67	6.20	-10.01	-665.91	508.97	1174.87	1683.84	3143.30	-21.19	53.57	0.24	55	非ST、*ST和S证券连续三个交易日内收盘价格跌幅偏离值累计达到20的证券	20210201	星期一
59	600213	亚星客车	实力游资卖出，成功率41.30	6.89	-10.05	-3010.07	1473.60	4483.68	5957.28	14382.71	-20.93	41.42	9.32	15	有价格涨跌幅限制的日收盘价格跌幅偏离值达到7的前三只证券	20210201	星期一
60	600223	鲁商发展	实力游资买入，成功率22.39	13.84	10.02	4131.06	19728.88	15597.82	35326.70	271243.85	1.52	13.02	6.88	140	非ST、*ST和S证券连续三个交易日内收盘价格涨幅偏离值累计达到20的证券	20210201	星期一
61	600405	动力源	卖一主卖，成功率26.75	5.28	-10.05	-195.08	2111.83	2306.92	4418.75	11701.45	-1.67	37.76	3.97	29	有价格涨跌幅限制的日收盘价格跌幅偏离值达到7的前三只证券	20210201	星期一
62	600428	中远海特	卖一主卖，成功率29.16	4.27	-6.77	-8338.60	3501.33	11839.92	15341.25	97146.45	-8.58	15.79	3.15	92	非ST、*ST和S证券连续三个交易日内收盘价格跌幅偏离值累计达到20的证券	20210201	星期一
63	600531	豫光金铅	买一主买，成功率40.83	6.13	8.11	2034.12	11949.70	9915.58	21865.29	177328.98	1.15	12.33	12.62	67	非ST、*ST和S证券连续三个交易日内收盘价格涨幅偏离值累计达到20的证券	20210201	星期一
64	600683	京投发展	实力游资买入，成功率55.76	4.36	10.10	-308.12	1406.70	1714.82	3121.51	9721.27	-3.17	32.11	3.05	32	有价格涨跌幅限制的日收盘价格涨幅偏离值达到7的前三只证券	20210201	星期一
65	600687	退市刚泰	实力游资卖出，成功率45.81	0.29	-9.38	31.61	210.28	178.66	388.94	416.78	7.59	93.32	0.96	4	退市整理的证券	20210201	星期一
66	600695	绿庭投资	实力游资卖出，成功率50.91	5.10	-10.05	-263.06	89.56	352.61	442.17	657.70	-40.00	67.23	0.35	19	有价格涨跌幅限制的日收盘价格跌幅偏离值达到7的前三只证券	20210201	星期一
67	600715	文投控股	实力游资买入，成功率38.96	2.61	10.13	628.32	1579.12	950.80	2529.92	6546.67	9.60	38.64	1.40	48	有价格涨跌幅限制的日收盘价格涨幅偏离值达到7的前三只证券	20210201	星期一
68	600715	文投控股	实力游资买入，成功率38.58	2.61	10.13	1217.41	2397.97	1180.55	3578.52	11491.26	10.59	31.14	1.40	48	非ST、*ST和S证券连续三个交易日内收盘价格涨幅偏离值累计达到20的证券	20210201	星期一
69	601015	陕西黑猫	上海资金买入，成功率46.49	6.77	10.08	5411.25	29537.17	24125.93	53663.10	114004.80	4.75	47.07	10.66	110	有价格涨跌幅限制的日收盘价格涨幅偏离值达到7的前三只证券	20210201	星期一
70	601127	小康股份	实力游资卖出，成功率47.21	16.57	-9.99	13.61	13324.81	13311.20	26636.01	146994.27	0.01	18.12	5.08	158	非ST、*ST和S证券连续三个交易日内收盘价格跌幅偏离值累计达到20的证券	20210201	星期一
71	601866	中远海发	实力游资卖出，成功率36.12	2.73	-2.15	-8816.18	16472.72	25288.90	41761.62	193371.10	-4.56	21.60	2.33	217	非ST、*ST和S证券连续三个交易日内收盘价格跌幅偏离值累计达到20的证券	20210201	星期一
72	603129	春风动力	4家机构卖出，成功率44.82	139.53	-4.27	1653.51	34300.23	32646.72	66946.95	116038.12	1.42	57.69	2.63	187	非ST、*ST和S证券连续三个交易日内收盘价格跌幅偏离值累计达到20的证券	20210201	星期一
73	603508	思维列控	实力游资卖出，成功率41.37	17.55	-10.00	917.68	2703.71	1786.04	4489.75	12993.90	7.06	34.55	2.14	40	非ST、*ST和S证券连续三个交易日内收盘价格跌幅偏离值累计达到20的证券	20210201	星期一
74	603709	中源家居	上海资金买入，成功率36.67	24.80	8.01	453.90	1854.29	1400.39	3254.68	6746.29	6.73	48.24	14.55	5	有价格涨跌幅限制的日价格振幅达到15的前三只证券	20210201	星期一
75	603711	香飘飘	1家机构买入，成功率47.42	21.91	9.99	-118.29	1923.70	2042.00	3965.70	14156.91	-0.84	28.01	1.10	89	非ST、*ST和S证券连续三个交易日内收盘价格涨幅偏离值累计达到20的证券	20210201	星期一
76	603843	正平股份	实力游资买入，成功率41.70	4.21	9.92	51.34	2146.49	2095.15	4241.64	19780.68	0.26	21.44	6.88	24	非ST、*ST和S证券连续三个交易日内收盘价格涨幅偏离值累计达到20的证券	20210201	星期一
77	605005	合兴股份	实力游资买入，成功率42.61	17.73	9.99	4569.40	6348.03	1778.63	8126.66	35952.58	12.71	22.60	57.51	7	有价格涨跌幅限制的日价格振幅达到15的前三只证券	20210201	星期一
78	605005	合兴股份	实力游资买入，成功率42.61	17.73	9.99	4569.40	6348.03	1778.63	8126.66	35952.58	12.71	22.60	57.51	7	有价格涨跌幅限制的日换手率达到20的前三只证券	20210201	星期一
79	605018	长华股份	实力游资卖出，成功率34.32	16.29	-10.00	-4391.20	3108.87	7500.07	10608.94	48397.72	-9.07	21.92	65.38	7	非ST、*ST和S证券连续三个交易日内收盘价格跌幅偏离值累计达到20的证券	20210201	星期一
80	605018	长华股份	实力游资卖出，成功率34.95	16.29	-10.00	-4213.35	3065.25	7278.60	10343.85	45776.29	-9.20	22.60	65.38	7	有价格涨跌幅限制的日换手率达到20的前三只证券	20210201	星期一
81	605155	西大门	实力游资买入，成功率53.35	32.02	10.00	-898.02	7636.82	8534.84	16171.66	72985.36	-1.23	22.16	49.18	8	非ST、*ST和S证券连续三个交易日内收盘价格涨幅偏离值累计达到20的证券	20210201	星期一
82	605155	西大门	实力游资买入，成功率40.13	32.02	10.00	-2791.69	4550.69	7342.38	11893.07	36559.20	-7.64	32.53	49.18	8	有价格涨跌幅限制的日换手率达到20的前三只证券	20210201	星期一
83	605183	确成股份	实力游资卖出，成功率29.08	16.30	-3.66	-5050.32	4107.01	9157.33	13264.34	93240.10	-5.42	14.23	21.58	8	非ST、*ST和S证券连续三个交易日内收盘价格跌幅偏离值累计达到20的证券	20210201	星期一
84	605398	新炬网络	实力游资卖出，成功率36.49	63.33	-1.40	2876.44	4206.69	1330.24	5536.93	33059.11	8.70	16.75	35.91	9	有价格涨跌幅限制的日价格振幅达到15的前三只证券	20210201	星期一
85	688669	聚石化学	实力游资买入，成功率42.04	50.46	14.66	1691.43	3399.83	1708.39	5108.22	36533.15	4.63	13.98	40.08	10	有价格涨跌幅限制的日换手率达到30的前五只证券	20210201	星期一
86	900919	绿庭B股	上海资金卖出，成功率43.33	0.23	-10.04	-0.63	3.40	4.03	7.43	7.97	-7.93	93.22	0.10	1	有价格涨跌幅限制的日收盘价格跌幅偏离值达到7的前三只证券	20210201	星期一
87	900921	丹科B股	实力游资买入，成功率32.87	0.26	9.62	6.41	22.90	16.48	39.38	80.41	7.98	48.97	1.63	0	有价格涨跌幅限制的日收盘价格涨幅偏离值达到7的前三只证券	20210201	星期一
88	900945	海控Ｂ股	实力游资卖出，成功率43.17	0.17	-10.00	-2.33	3.77	6.10	9.86	12.57	-18.52	78.50	0.20	1	有价格涨跌幅限制的日收盘价格跌幅偏离值达到7的前三只证券	20210201	星期一
89	900948	伊泰Ｂ股	卖一主卖，成功率29.15	0.48	-9.96	-19.12	71.99	91.11	163.10	375.74	-5.09	43.41	0.58	5	有价格涨跌幅限制的日收盘价格跌幅偏离值达到7的前三只证券	20210201	星期一
