1	000488	晨鸣纸业	2家机构买入，成功率43.27	10.21	10.02	8450.13	26728.31	18278.18	45006.49	128221.35	6.59	35.10	7.94	169	日涨幅偏离值达到7的前5只证券	20210210	星期三
2	000545	金浦钛业	实力游资买入，成功率39.03	2.87	9.96	-1868.78	2149.85	4018.63	6168.48	27174.81	-6.88	22.70	10.24	28	日涨幅偏离值达到7的前5只证券	20210210	星期三
3	000633	合金投资	实力游资卖出，成功率34.66	5.80	-9.94	-1278.98	783.81	2062.79	2846.61	5767.29	-22.18	49.36	2.58	22	日跌幅偏离值达到7的前5只证券	20210210	星期三
4	000708	中信特钢	4家机构买入，成功率48.16	33.37	9.99	4250.83	11958.44	7707.62	19666.06	29146.47	14.58	67.47	0.72	420	日涨幅偏离值达到7的前5只证券	20210210	星期三
5	000710	贝瑞基因	3家机构买入，成功率46.27	40.50	9.99	6183.43	10946.48	4763.05	15709.53	36991.97	16.72	42.47	2.66	143	日涨幅偏离值达到7的前5只证券	20210210	星期三
6	000812	陕西金叶	2家机构卖出，成功率44.83	3.61	-6.72	-505.30	2268.99	2774.29	5043.28	26644.14	-1.90	18.93	10.82	24	日跌幅偏离值达到7的前5只证券	20210210	星期三
7	000892	欢瑞世纪	实力游资买入，成功率43.78	3.18	10.03	975.97	2903.61	1927.65	4831.26	14134.27	6.90	34.18	8.62	17	日涨幅偏离值达到7的前5只证券	20210210	星期三
8	000908	景峰医药	实力游资卖出，成功率23.77	4.01	-9.68	-1075.99	2550.11	3626.10	6176.20	35810.05	-3.00	17.25	12.06	29	日跌幅偏离值达到7的前5只证券	20210210	星期三
9	000971	*ST高升	卖一主卖，成功率50.45	2.64	-2.94	-2029.04	761.76	2790.80	3552.56	9947.92	-20.40	35.71	1.82	21	连续三个交易日内，跌幅偏离值累计达到12的ST证券、*ST证券和未完成股改证券	20210210	星期三
10	000985	大庆华科	实力游资卖出，成功率23.20	11.63	-5.29	81.83	471.57	389.73	861.30	4010.36	2.04	21.48	2.64	15	日跌幅偏离值达到7的前5只证券	20210210	星期三
11	002002	鸿达兴业	1家机构买入，成功率43.04	3.17	10.07	5343.72	15348.88	10005.16	25354.05	73639.74	7.26	34.43	8.63	87	日涨幅偏离值达到7的前5只证券	20210210	星期三
12	002145	中核钛白	1家机构买入，成功率31.21	9.02	10.00	-1460.65	18107.73	19568.38	37676.12	120992.40	-1.21	31.14	8.79	144	日涨幅偏离值达到7的前5只证券	20210210	星期三
13	002241	歌尔股份	2家机构买入，成功率48.92	34.16	10.02	11845.19	127959.46	116114.27	244073.74	630431.01	1.88	38.72	6.50	995	日涨幅偏离值达到7的前5只证券	20210210	星期三
14	002331	皖通科技	卖一主卖，成功率32.67	12.20	-9.96	3426.74	9054.60	5627.86	14682.46	14600.47	23.47	100.56	3.12	47	日跌幅偏离值达到7的前5只证券	20210210	星期三
15	002331	皖通科技	实力游资卖出，成功率26.67	12.20	-9.96	1834.67	9623.93	7789.27	17413.20	22583.11	8.12	77.11	3.12	47	连续三个交易日内，跌幅偏离值累计达到20的证券	20210210	星期三
16	002352	顺丰控股	主力做T，成功率56.03	117.10	10.00	3566.77	80690.12	77123.36	157813.48	298715.15	1.19	52.83	0.57	5258	日涨幅偏离值达到7的前5只证券	20210210	星期三
17	002360	同德化工	1家机构卖出，成功率45.42	8.75	-9.98	-1177.60	3510.77	4688.37	8199.14	41020.37	-2.87	19.99	15.32	26	日跌幅偏离值达到7的前5只证券	20210210	星期三
18	002532	天山铝业	1家机构卖出，成功率42.38	9.19	-9.99	-846.37	10436.53	11282.90	21719.43	99361.95	-0.85	21.86	24.50	39	日跌幅偏离值达到7的前5只证券	20210210	星期三
19	002612	朗姿股份	1家机构买入，成功率49.47	26.38	10.01	11545.20	17346.40	5801.20	23147.60	109118.53	10.58	21.21	16.15	69	日涨幅偏离值达到7的前5只证券	20210210	星期三
20	002984	森麒麟	4家机构买入，成功率44.09	46.80	9.60	2684.26	12455.43	9771.17	22226.61	95506.25	2.81	23.27	11.50	32	连续三个交易日内，涨幅偏离值累计达到20的证券	20210210	星期三
21	003000	华文食品	实力游资买入，成功率46.33	19.80	10.00	264.36	4725.23	4460.87	9186.10	40923.53	0.65	22.45	53.73	8	日换手率达到20的前5只证券	20210210	星期三
22	003031	中瓷电子	2家机构卖出，成功率29.05	52.10	-9.99	-3271.21	3758.59	7029.80	10788.39	67885.07	-4.82	15.89	25.20	14	连续三个交易日内，跌幅偏离值累计达到20的证券	20210210	星期三
23	003031	中瓷电子	1家机构卖出，成功率32.83	52.10	-9.99	-1417.21	1936.45	3353.66	5290.11	36236.65	-3.91	14.60	25.20	14	日换手率达到20的前5只证券	20210210	星期三
24	003032	传智教育	1家机构卖出，成功率33.44	25.48	-5.84	479.66	2729.49	2249.83	4979.32	26436.94	1.81	18.83	26.03	10	日换手率达到20的前5只证券	20210210	星期三
25	003035	南网能源	卖一主卖，成功率31.06	7.33	-9.95	-23429.73	21761.12	45190.85	66951.97	296971.41	-7.89	22.54	50.64	56	日振幅值达到15的前5只证券	20210210	星期三
26	003035	南网能源	卖一主卖，成功率31.06	7.33	-9.95	-23429.73	21761.12	45190.85	66951.97	296971.41	-7.89	22.54	50.64	56	日跌幅偏离值达到7的前5只证券	20210210	星期三
27	003035	南网能源	卖一主卖，成功率31.06	7.33	-9.95	-23429.73	21761.12	45190.85	66951.97	296971.41	-7.89	22.54	50.64	56	日换手率达到20的前5只证券	20210210	星期三
28	003036	泰坦股份	实力游资卖出，成功率33.10	11.37	-9.98	-1911.98	889.96	2801.94	3691.91	12301.27	-15.54	30.01	19.85	6	日跌幅偏离值达到7的前5只证券	20210210	星期三
29	003037	三和管桩	西藏自治区资金买入，成功率40.14	12.60	3.03	769.32	2845.79	2076.47	4922.25	43618.85	1.76	11.28	51.42	9	日换手率达到20的前5只证券	20210210	星期三
30	003038	鑫铂股份	上海资金买入，成功率59.12	26.04	44.03	707.16	738.44	31.28	769.72	739.63	95.61	104.07	1.07	7	无价格涨跌幅限制的证券	20210210	星期三
31	200488	晨鸣B	实力游资买入，成功率65.98	5.47	10.06	1949.95	3892.44	1942.48	5834.92	7185.01	27.14	81.21	2.33	32	日涨幅偏离值达到7的前5只证券	20210210	星期三
32	200488	晨鸣B	实力游资买入，成功率65.21	5.47	10.06	5635.36	8977.91	3342.55	12320.45	19369.92	29.09	63.61	2.33	32	连续三个交易日内，涨幅偏离值累计达到20的证券	20210210	星期三
33	300937	药易购	1家机构买入，成功率29.45	73.84	13.22	3935.13	8255.05	4319.91	12574.96	75234.96	5.23	16.71	46.83	17	日换手率达到30的前5只证券	20210210	星期三
34	300939	秋田微	西藏自治区资金买入，成功率40.75	65.35	4.18	-940.24	2591.37	3531.61	6122.99	47131.81	-1.99	12.99	36.30	13	日换手率达到30的前5只证券	20210210	星期三
35	300940	南极光	西藏自治区资金卖出，成功率33.41	50.37	-3.52	1664.86	6079.63	4414.77	10494.40	62696.75	2.66	16.74	44.51	14	日换手率达到30的前5只证券	20210210	星期三
36	300943	春晖智控	西藏自治区资金买入，成功率26.55	36.20	269.77	1769.96	3222.20	1452.25	4674.45	65773.09	2.69	7.11	65.49	11	无价格涨跌幅限制的证券	20210210	星期三
37	300945	曼卡龙	西藏自治区资金买入，成功率23.88	21.92	380.70	2277.56	3868.41	1590.85	5459.26	76667.82	2.97	7.12	67.75	11	无价格涨跌幅限制的证券	20210210	星期三
38	300947	德必集团	西藏自治区资金买入，成功率31.02	86.90	68.84	1726.43	3801.92	2075.49	5877.41	62566.29	2.76	9.39	46.77	12	无价格涨跌幅限制的证券	20210210	星期三
39	600066	宇通客车	4家机构买入，成功率45.07	14.25	10.04	1848.84	24118.39	22269.56	46387.95	62751.38	2.95	73.92	1.99	315	有价格涨跌幅限制的日收盘价格涨幅偏离值达到7的前三只证券	20210210	星期三
40	600086	退市金钰	卖一主卖，成功率49.40	0.19	-9.52	-366.35	974.19	1340.54	2314.74	5717.93	-6.41	40.48	6.09	2	非ST、*ST和S证券连续三个交易日内收盘价格跌幅偏离值累计达到20的证券	20210210	星期三
41	600086	退市金钰	实力游资卖出，成功率70.56	0.19	-9.52	80.75	335.47	254.72	590.19	1275.33	6.33	46.28	6.09	2	退市整理的证券	20210210	星期三
42	600112	ST天成	实力游资卖出，成功率30.75	0.90	-5.26	-609.51	404.09	1013.61	1417.70	3443.28	-17.70	41.17	2.31	5	ST、*ST和S证券连续三个交易日内收盘价格跌幅偏离值累计达到15的证券	20210210	星期三
43	600121	郑州煤电	浙江资金卖出，成功率28.00	4.82	-10.07	-11914.00	4359.86	16273.86	20633.72	61202.26	-19.47	33.71	10.17	59	有价格涨跌幅限制的日收盘价格跌幅偏离值达到7的前三只证券	20210210	星期三
44	600185	格力地产	1家机构卖出，成功率53.96	5.81	-10.06	1607.87	6786.10	5178.23	11964.33	53470.61	3.01	22.38	4.43	120	有价格涨跌幅限制的日收盘价格跌幅偏离值达到7的前三只证券	20210210	星期三
45	600230	沧州大化	1家机构买入，成功率25.46	12.50	6.11	8937.12	16940.55	8003.43	24943.98	86189.66	10.37	28.94	6.08	51	非ST、*ST和S证券连续三个交易日内收盘价格涨幅偏离值累计达到20的证券	20210210	星期三
46	600247	*ST成城	卖一主卖，成功率33.33	0.84	-4.55	-601.56	319.49	921.05	1240.54	2618.29	-22.98	47.38	3.18	3	ST、*ST和S证券连续三个交易日内收盘价格跌幅偏离值累计达到15的证券	20210210	星期三
47	600549	厦门钨业	1家机构买入，成功率40.35	20.83	9.98	34187.59	77798.15	43610.56	121408.71	360800.50	9.48	33.65	8.51	293	非ST、*ST和S证券连续三个交易日内收盘价格涨幅偏离值累计达到20的证券	20210210	星期三
48	600589	广东榕泰	实力游资买入，成功率41.71	2.62	10.08	1678.57	1975.18	296.62	2271.80	2365.40	70.96	96.04	1.29	18	有价格涨跌幅限制的日收盘价格涨幅偏离值达到7的前三只证券	20210210	星期三
49	600687	退市刚泰	上海资金买入，成功率40.03	0.29	0.00	18.21	89.91	71.70	161.61	163.42	11.14	98.89	0.38	4	退市整理的证券	20210210	星期三
50	600793	宜宾纸业	实力游资卖出，成功率32.26	11.24	-8.77	3066.86	7075.35	4008.49	11083.85	55084.28	5.57	20.12	14.37	20	非ST、*ST和S证券连续三个交易日内收盘价格跌幅偏离值累计达到20的证券	20210210	星期三
51	600916	中国黄金	买一主买，成功率70.00	9.57	10.00	1304.26	1355.12	50.85	1405.97	1355.12	96.25	103.75	0.40	17	非ST、*ST和S证券连续三个交易日内收盘价格涨幅偏离值累计达到20的证券	20210210	星期三
52	601015	陕西黑猫	实力游资卖出，成功率29.03	9.71	-1.42	-3749.40	9785.62	13535.02	23320.63	160347.88	-2.34	14.54	9.92	158	有价格涨跌幅限制的日价格振幅达到15的前三只证券	20210210	星期三
53	601963	重庆银行	实力游资卖出，成功率30.77	12.40	-8.22	-1744.04	22709.77	24453.81	47163.58	424897.76	-0.41	11.10	39.21	43	非ST、*ST和S证券连续三个交易日内收盘价格跌幅偏离值累计达到20的证券	20210210	星期三
54	601963	重庆银行	卖一主卖，成功率16.29	12.40	-8.22	-4522.45	9590.64	14113.10	23703.74	174589.11	-2.59	13.58	39.21	43	有价格涨跌幅限制的日换手率达到20的前三只证券	20210210	星期三
55	603399	吉翔股份	买一主买，成功率52.35	3.94	10.06	262.21	751.24	489.03	1240.27	1273.96	20.58	97.36	0.64	20	有价格涨跌幅限制的日收盘价格涨幅偏离值达到7的前三只证券	20210210	星期三
56	603976	正川股份	实力游资买入，成功率40.28	44.08	9.24	1247.23	3180.80	1933.57	5114.37	35626.19	3.50	14.36	5.99	67	有价格涨跌幅限制的日价格振幅达到15的前三只证券	20210210	星期三
57	605005	合兴股份	实力游资卖出，成功率52.41	13.62	-4.89	177.57	4723.69	4546.12	9269.82	51034.65	0.35	18.16	21.03	5	非ST、*ST和S证券连续三个交易日内收盘价格跌幅偏离值累计达到20的证券	20210210	星期三
58	605006	山东玻纤	实力游资买入，成功率34.67	10.86	10.03	3094.66	5212.54	2117.88	7330.42	37705.13	8.21	19.44	35.58	11	有价格涨跌幅限制的日换手率达到20的前三只证券	20210210	星期三
59	605018	长华股份	实力游资卖出，成功率37.75	16.81	-10.01	-1303.85	2061.40	3365.25	5426.66	19533.19	-6.68	27.78	26.70	7	有价格涨跌幅限制的日价格振幅达到15的前三只证券	20210210	星期三
60	605055	迎丰股份	实力游资买入，成功率47.33	8.67	4.71	1264.13	3886.02	2621.89	6507.92	24589.50	5.14	26.47	35.17	7	有价格涨跌幅限制的日换手率达到20的前三只证券	20210210	星期三
61	605136	丽人丽妆	实力游资卖出，成功率26.27	28.60	-5.30	-308.62	5206.74	5515.37	10722.11	92097.75	-0.34	11.64	21.16	11	非ST、*ST和S证券连续三个交易日内收盘价格跌幅偏离值累计达到20的证券	20210210	星期三
62	605255	天普股份	实力游资卖出，成功率55.56	15.36	-10.02	-2895.51	1594.46	4489.97	6084.43	11959.42	-24.21	50.88	22.59	5	有价格涨跌幅限制的日收盘价格跌幅偏离值达到7的前三只证券	20210210	星期三
63	688039	当虹科技	1家机构买入，成功率23.65	67.71	19.84	714.62	1580.06	865.44	2445.50	4951.31	14.43	49.39	1.61	33	有价格涨跌幅限制的日收盘价格涨幅达到15的前五只证券	20210210	星期三
64	688050	爱博医疗	1家机构买入，成功率46.53	224.40	19.22	3926.66	13448.93	9522.27	22971.20	53272.51	7.37	43.12	11.07	50	有价格涨跌幅限制的日收盘价格涨幅达到15的前五只证券	20210210	星期三
65	688185	康希诺	1家机构买入，成功率42.37	540.00	20.00	22671.82	38775.40	16103.58	54878.98	187844.05	12.07	29.22	16.63	122	有价格涨跌幅限制的日收盘价格涨幅达到15的前五只证券	20210210	星期三
66	688202	美迪西	3家机构买入，成功率46.61	296.41	17.80	3515.13	7754.94	4239.80	11994.74	22999.02	15.28	52.15	3.13	77	有价格涨跌幅限制的日收盘价格涨幅达到15的前五只证券	20210210	星期三
67	688628	优利德	实力游资卖出，成功率39.56	32.01	-4.56	-1149.78	4654.50	5804.28	10458.78	65628.51	-1.75	15.94	16.23	8	有价格涨跌幅限制的连续3个交易日内收盘价格跌幅偏离值累计达到30的证券	20210210	星期三
68	900945	海控B股	北京资金买入，成功率32.22	0.17	8.86	-0.21	12.05	12.27	24.32	28.25	-0.75	86.09	0.45	1	有价格涨跌幅限制的日收盘价格涨幅偏离值达到7的前三只证券	20210210	星期三
