1	000007	全新好	1家机构买入，成功率45.52	3.36	10.16	548.85	4444.42	3895.58	8340.00	17701.93	3.10	47.11	5.95	10	连续三个交易日内，涨幅偏离值累计达到20的证券	20210222	星期一
2	000009	中国宝安	广东资金买入，成功率38.31	10.29	9.94	68632.06	102880.63	34248.57	137129.20	372962.84	18.40	36.77	9.13	263	连续三个交易日内，涨幅偏离值累计达到20的证券	20210222	星期一
3	000059	华锦股份	主力做T，成功率33.44	6.27	3.81	5847.87	17329.37	11481.50	28810.86	88995.91	6.57	32.37	3.66	100	连续三个交易日内，涨幅偏离值累计达到20的证券	20210222	星期一
4	000060	中金岭南	买一主买，成功率40.46	5.22	5.88	18214.77	42003.61	23788.84	65792.46	291290.61	6.25	22.59	7.25	186	连续三个交易日内，涨幅偏离值累计达到20的证券	20210222	星期一
5	000408	*ST藏格	1家机构买入，成功率43.77	9.36	2.63	-1107.61	14582.50	15690.10	30272.60	67057.57	-1.65	45.14	7.48	44	连续三个交易日内，涨幅偏离值累计达到12的ST证券、*ST证券和未完成股改证券	20210222	星期一
6	000422	ST宜化	买一主买，成功率30.71	3.41	4.60	1398.92	5227.71	3828.79	9056.50	14929.00	9.37	60.66	2.29	31	连续三个交易日内，涨幅偏离值累计达到12的ST证券、*ST证券和未完成股改证券	20210222	星期一
7	000426	兴业矿业	1家机构买入，成功率45.88	8.46	10.01	8223.13	19161.40	10938.27	30099.67	78785.60	10.44	38.20	1.64	125	连续三个交易日内，涨幅偏离值累计达到20的证券	20210222	星期一
8	000523	广州浪奇	主力做T，成功率26.29	2.53	9.05	340.11	1681.86	1341.75	3023.61	8992.48	3.78	33.62	4.18	16	连续三个交易日内，涨幅偏离值累计达到20的证券	20210222	星期一
9	000629	攀钢钒钛	买一主买，成功率41.30	2.39	10.14	8944.42	19567.95	10623.53	30191.48	70642.94	12.66	42.74	4.03	178	日涨幅偏离值达到7的前5只证券	20210222	星期一
10	000630	铜陵有色	买一主买，成功率29.56	3.04	10.14	11097.11	20519.02	9421.91	29940.94	73000.09	15.20	41.01	2.29	320	日涨幅偏离值达到7的前5只证券	20210222	星期一
11	000630	铜陵有色	主力做T，成功率42.61	3.04	10.14	9977.34	42191.33	32213.99	74405.31	307003.12	3.25	24.24	2.29	320	连续三个交易日内，涨幅偏离值累计达到20的证券	20210222	星期一
12	000683	远兴能源	4家机构买入，成功率48.85	2.71	10.16	15197.42	22272.82	7075.40	29348.23	85637.46	17.75	34.27	5.67	92	连续三个交易日内，涨幅偏离值累计达到20的证券	20210222	星期一
13	000698	沈阳化工	2家机构买入，成功率41.58	7.67	10.04	-3152.61	6199.54	9352.15	15551.69	75872.85	-4.16	20.50	12.88	60	日涨幅偏离值达到7的前5只证券	20210222	星期一
14	000698	沈阳化工	主力做T，成功率37.78	7.67	10.04	-3587.28	10002.05	13589.34	23591.39	137427.11	-2.61	17.17	12.88	60	连续三个交易日内，涨幅偏离值累计达到20的证券	20210222	星期一
15	000713	丰乐种业	实力游资买入，成功率55.75	17.13	10.02	8968.19	16494.89	7526.71	24021.60	179749.87	4.99	13.36	27.30	68	日涨幅偏离值达到7的前5只证券	20210222	星期一
16	000713	丰乐种业	实力游资买入，成功率53.64	17.13	10.02	9202.37	22565.32	13362.95	35928.27	340918.23	2.70	10.54	27.30	68	连续三个交易日内，涨幅偏离值累计达到20的证券	20210222	星期一
17	000713	丰乐种业	实力游资买入，成功率55.75	17.13	10.02	8968.19	16494.89	7526.71	24021.60	179749.87	4.99	13.36	27.30	68	日换手率达到20的前5只证券	20210222	星期一
18	000751	锌业股份	1家机构买入，成功率33.21	3.75	8.07	1759.65	7314.83	5555.18	12870.01	99661.35	1.77	12.91	10.67	53	连续三个交易日内，涨幅偏离值累计达到20的证券	20210222	星期一
19	000798	中水渔业	1家机构买入，成功率42.72	9.20	10.05	-509.58	4531.99	5041.57	9573.56	43632.07	-1.17	21.94	9.07	29	连续三个交易日内，涨幅偏离值累计达到20的证券	20210222	星期一
20	000799	酒鬼酒	2家机构卖出，成功率48.21	155.68	-10.00	-6025.56	46646.95	52672.51	99319.45	308797.84	-1.95	32.16	5.92	506	日跌幅偏离值达到7的前5只证券	20210222	星期一
21	000816	智慧农业	1家机构买入，成功率41.15	3.63	10.00	5985.24	15067.61	9082.37	24149.98	114047.85	5.25	21.18	11.49	49	连续三个交易日内，涨幅偏离值累计达到20的证券	20210222	星期一
22	000822	山东海化	1家机构买入，成功率36.87	4.58	10.10	1589.05	8083.89	6494.84	14578.73	41513.10	3.83	35.12	5.46	41	连续三个交易日内，涨幅偏离值累计达到20的证券	20210222	星期一
23	000878	云南铜业	主力做T，成功率39.65	17.55	10.03	-15859.89	20833.02	36692.91	57525.92	268310.13	-5.91	21.44	9.39	288	日涨幅偏离值达到7的前5只证券	20210222	星期一
24	000878	云南铜业	主力做T，成功率34.97	17.55	10.03	-8827.72	58217.66	67045.37	125263.03	638882.58	-1.38	19.61	9.39	288	连续三个交易日内，涨幅偏离值累计达到20的证券	20210222	星期一
25	000892	欢瑞世纪	实力游资买入，成功率35.60	3.16	1.61	96.83	1282.12	1185.29	2467.42	18949.16	0.51	13.02	11.56	17	日振幅值达到15的前5只证券	20210222	星期一
26	000918	嘉凯城	1家机构买入，成功率45.38	6.88	10.08	-815.47	7140.98	7956.45	15097.43	61113.40	-1.33	24.70	1.71	124	连续三个交易日内，涨幅偏离值累计达到20的证券	20210222	星期一
27	000923	河钢资源	1家机构买入，成功率48.10	30.52	3.14	-8010.17	26962.36	34972.53	61934.89	175129.15	-4.57	35.37	3.67	192	连续三个交易日内，涨幅偏离值累计达到20的证券	20210222	星期一
28	000932	华菱钢铁	2家机构买入，成功率42.38	5.96	9.76	7490.64	43350.23	35859.59	79209.81	254403.90	2.94	31.14	4.76	252	连续三个交易日内，涨幅偏离值累计达到20的证券	20210222	星期一
29	000949	新乡化纤	实力游资买入，成功率43.34	4.57	10.12	688.46	4892.90	4204.43	9097.33	19986.18	3.44	45.52	2.16	57	连续三个交易日内，涨幅偏离值累计达到20的证券	20210222	星期一
30	002042	华孚时尚	1家机构买入，成功率49.03	5.08	9.01	-749.94	5691.02	6440.96	12131.98	42377.99	-1.77	28.63	2.70	77	连续三个交易日内，涨幅偏离值累计达到20的证券	20210222	星期一
31	002092	中泰化学	1家机构买入，成功率48.28	12.12	7.64	38199.48	80904.21	42704.73	123608.95	487440.39	7.84	25.36	8.40	260	连续三个交易日内，涨幅偏离值累计达到20的证券	20210222	星期一
32	002109	兴化股份	主力做T，成功率42.04	4.44	9.90	1052.70	5025.26	3972.56	8997.82	32690.87	3.22	27.52	2.55	47	连续三个交易日内，涨幅偏离值累计达到20的证券	20210222	星期一
33	002124	天邦股份	1家机构买入，成功率48.59	19.46	10.01	3244.09	39752.72	36508.63	76261.34	246787.72	1.31	30.90	12.51	200	日涨幅偏离值达到7的前5只证券	20210222	星期一
34	002124	天邦股份	1家机构买入，成功率47.59	19.46	10.01	5407.40	59394.05	53986.64	113380.69	418373.16	1.29	27.10	12.51	200	连续三个交易日内，涨幅偏离值累计达到20的证券	20210222	星期一
35	002139	拓邦股份	卖一主卖，成功率48.85	9.71	-9.59	-673.80	17012.78	17686.58	34699.36	101288.32	-0.67	34.26	11.01	91	日跌幅偏离值达到7的前5只证券	20210222	星期一
36	002164	宁波东力	买一主买，成功率33.81	8.98	10.05	3672.00	7977.23	4305.23	12282.45	63200.75	5.81	19.43	15.99	41	日涨幅偏离值达到7的前5只证券	20210222	星期一
37	002168	惠程科技	1家机构买入，成功率47.49	3.84	10.03	1888.19	5806.79	3918.60	9725.39	23432.14	8.06	41.50	3.38	30	连续三个交易日内，涨幅偏离值累计达到20的证券	20210222	星期一
38	002184	海得控制	1家机构买入，成功率36.44	20.40	6.19	-311.03	15137.72	15448.75	30586.48	171650.21	-0.18	17.82	21.30	32	连续三个交易日内，涨幅偏离值累计达到20的证券	20210222	星期一
39	002188	*ST巴士	买一主买，成功率10.00	2.66	5.14	207.23	571.61	364.38	935.99	1660.52	12.48	56.37	1.13	6	连续三个交易日内，涨幅偏离值累计达到12的ST证券、*ST证券	20210222	星期一
40	002221	东华能源	3家机构买入，成功率40.38	13.90	9.97	-7204.17	28391.94	35596.11	63988.05	178818.47	-4.03	35.78	8.57	213	日涨幅偏离值达到7的前5只证券	20210222	星期一
41	002221	东华能源	2家机构买入，成功率32.73	13.90	9.97	-9250.84	32134.88	41385.71	73520.59	275096.60	-3.36	26.73	8.57	213	连续三个交易日内，涨幅偏离值累计达到20的证券	20210222	星期一
42	002234	民和股份	1家机构买入，成功率44.01	15.84	3.60	2840.13	9039.43	6199.30	15238.73	61700.98	4.60	24.70	10.27	33	连续三个交易日内，涨幅偏离值累计达到20的证券	20210222	星期一
43	002248	华东数控	实力游资买入，成功率27.00	5.01	5.92	-171.11	1034.16	1205.27	2239.42	6767.67	-2.53	33.09	2.13	15	连续三个交易日内，涨幅偏离值累计达到20的证券	20210222	星期一
44	002274	华昌化工	2家机构买入，成功率48.22	6.41	9.95	-2116.68	19041.15	21157.82	40198.97	77158.93	-2.74	52.10	13.05	60	日涨幅偏离值达到7的前5只证券	20210222	星期一
45	002274	华昌化工	1家机构买入，成功率48.37	6.41	9.95	-894.89	28826.84	29721.73	58548.57	149512.97	-0.60	39.16	13.05	60	连续三个交易日内，涨幅偏离值累计达到20的证券	20210222	星期一
46	002280	*ST联络	1家机构买入，成功率27.43	2.33	4.96	-145.30	2802.97	2948.28	5751.25	25947.06	-0.56	22.17	2.13	41	连续三个交易日内，涨幅偏离值累计达到12的ST证券、*ST证券	20210222	星期一
47	002304	洋河股份	3家机构卖出，成功率43.53	197.88	-8.56	-31974.16	87717.60	119691.76	207409.36	343821.77	-9.30	60.32	1.36	2469	日跌幅偏离值达到7的前5只证券	20210222	星期一
48	002312	三泰控股	1家机构买入，成功率26.11	9.15	9.98	-1999.48	13962.17	15961.65	29923.82	98521.45	-2.03	30.37	8.34	121	日涨幅偏离值达到7的前5只证券	20210222	星期一
49	002312	三泰控股	1家机构买入，成功率24.66	9.15	9.98	-2840.74	18261.03	21101.77	39362.80	160775.61	-1.77	24.48	8.34	121	连续三个交易日内，涨幅偏离值累计达到20的证券	20210222	星期一
50	002321	华英农业	主力做T，成功率25.24	3.32	8.14	952.30	4046.48	3094.18	7140.66	25443.90	3.74	28.06	6.92	18	连续三个交易日内，涨幅偏离值累计达到20的证券	20210222	星期一
51	002356	*ST赫美	实力游资买入，成功率20.63	1.21	5.22	103.82	246.10	142.28	388.38	1050.00	9.89	36.99	0.43	6	连续三个交易日内，涨幅偏离值累计达到12的ST证券、*ST证券	20210222	星期一
52	002366	台海核电	浙江资金买入，成功率38.12	2.77	9.92	245.86	2481.79	2235.93	4717.71	14846.13	1.66	31.78	5.12	17	连续三个交易日内，涨幅偏离值累计达到20的证券	20210222	星期一
53	002378	章源钨业	主力做T，成功率32.62	7.58	9.54	-1496.74	11141.86	12638.59	23780.45	130780.00	-1.14	18.18	7.54	69	连续三个交易日内，涨幅偏离值累计达到20的证券	20210222	星期一
54	002464	众应互联	实力游资买入，成功率42.27	2.94	6.52	618.25	2280.92	1662.67	3943.58	28422.20	2.18	13.88	10.92	15	连续三个交易日内，涨幅偏离值累计达到20的证券	20210222	星期一
55	002473	ST圣莱	北京资金买入，成功率47.31	4.96	3.98	223.78	886.40	662.61	1549.01	1271.19	17.60	121.86	1.25	8	连续三个交易日内，涨幅偏离值累计达到12的ST证券、*ST证券	20210222	星期一
56	002532	天山铝业	实力游资买入，成功率37.69	12.23	9.98	-3070.62	12477.52	15548.14	28025.66	96940.41	-3.17	28.91	1.98	52	连续三个交易日内，涨幅偏离值累计达到20的证券	20210222	星期一
57	002547	春兴精工	1家机构买入，成功率40.95	4.07	2.26	606.51	5158.85	4552.33	9711.18	36313.47	1.67	26.74	4.90	31	连续三个交易日内，涨幅偏离值累计达到20的证券	20210222	星期一
58	002568	百润股份	3家机构卖出，成功率48.85	117.47	-10.00	245.38	26383.13	26137.75	52520.88	90449.00	0.27	58.07	2.17	410	日跌幅偏离值达到7的前5只证券	20210222	星期一
59	002591	恒大高新	实力游资买入，成功率31.74	5.84	9.98	1242.85	1628.74	385.89	2014.63	1956.31	63.53	102.98	0.74	13	连续三个交易日内，涨幅偏离值累计达到20的证券	20210222	星期一
60	002684	ST猛狮	实力游资买入，成功率41.56	2.01	5.24	-185.76	681.90	867.66	1549.57	5849.84	-3.18	26.49	1.83	9	连续三个交易日内，涨幅偏离值累计达到12的ST证券、*ST证券	20210222	星期一
61	002740	爱迪尔	实力游资买入，成功率43.16	4.93	10.04	1264.19	2349.98	1085.79	3435.76	10231.90	12.36	33.58	3.89	12	连续三个交易日内，涨幅偏离值累计达到20的证券	20210222	星期一
62	002776	柏堡龙	2家机构买入，成功率46.72	3.54	3.21	-801.27	3622.18	4423.46	8045.64	30324.06	-2.64	26.53	7.31	19	连续三个交易日内，涨幅偏离值累计达到20的证券	20210222	星期一
63	002956	西麦食品	4家机构买入，成功率43.88	31.24	2.26	1824.23	6613.98	4789.76	11403.74	54689.43	3.34	20.85	9.49	22	连续三个交易日内，涨幅偏离值累计达到20的证券	20210222	星期一
64	002998	优彩资源	2家机构买入，成功率43.61	12.53	10.01	2919.59	9024.90	6105.30	15130.20	65589.75	4.45	23.07	35.57	10	连续三个交易日内，涨幅偏离值累计达到20的证券	20210222	星期一
65	002998	优彩资源	2家机构买入，成功率40.21	12.53	10.01	2297.90	5558.70	3260.80	8819.49	35339.27	6.50	24.96	35.57	10	日换手率达到20的前5只证券	20210222	星期一
66	003000	华文食品	1家机构买入，成功率35.54	16.10	0.00	612.95	1832.31	1219.35	3051.66	20134.34	3.04	15.16	31.66	6	日换手率达到20的前5只证券	20210222	星期一
67	003035	南网能源	1家机构买入，成功率45.08	6.79	1.34	-1432.85	12295.89	13728.74	26024.64	152692.26	-0.94	17.04	29.47	51	日换手率达到20的前5只证券	20210222	星期一
68	003036	泰坦股份	1家机构卖出，成功率39.00	11.18	-2.02	396.20	1717.05	1320.85	3037.91	15682.47	2.53	19.37	25.61	6	日换手率达到20的前5只证券	20210222	星期一
69	003037	三和管桩	1家机构买入，成功率35.66	14.18	4.65	379.06	3207.53	2828.46	6035.99	38982.50	0.97	15.48	42.09	10	日换手率达到20的前5只证券	20210222	星期一
70	003038	鑫铂股份	1家机构买入，成功率55.42	34.65	10.00	805.96	846.64	40.69	887.33	846.64	95.19	104.81	0.27	9	连续三个交易日内，涨幅偏离值累计达到20的证券	20210222	星期一
71	200468	宁通信B	买一主买，成功率42.96	2.81	10.20	74.37	148.61	74.24	222.85	287.48	25.87	77.52	1.26	2	日涨幅偏离值达到7的前5只证券	20210222	星期一
72	200488	晨鸣B	广东资金卖出，成功率71.18	6.13	-7.40	4059.29	6246.50	2187.21	8433.71	16179.72	25.09	52.13	4.07	36	日振幅值达到15的前5只证券	20210222	星期一
73	300140	中环装备	1家机构买入，成功率43.85	5.91	10.26	1549.47	3736.19	2186.72	5922.90	26830.15	5.78	22.08	5.56	23	连续三个交易日内，涨幅偏离值累计达到30的证券	20210222	星期一
74	300189	神农科技	1家机构买入，成功率48.66	5.23	19.95	249.06	3830.65	3581.60	7412.25	86065.42	0.29	8.61	18.34	50	日涨幅达到15的前5只证券	20210222	星期一
75	300189	神农科技	1家机构买入，成功率45.11	5.23	19.95	1135.35	5657.21	4521.85	10179.06	126447.43	0.90	8.05	18.34	50	连续三个交易日内，涨幅偏离值累计达到30的证券	20210222	星期一
76	300192	科德教育	2家机构买入，成功率44.86	15.75	4.10	-1848.41	9127.65	10976.06	20103.71	107578.51	-1.72	18.69	16.38	31	连续三个交易日内，涨幅偏离值累计达到30的证券	20210222	星期一
77	300208	青岛中程	广东资金买入，成功率65.50	11.43	16.28	-1103.50	7283.27	8386.76	15670.03	109629.95	-1.01	14.29	9.02	79	连续三个交易日内，涨幅偏离值累计达到30的证券	20210222	星期一
78	300274	阳光电源	2家机构卖出，成功率46.07	92.35	-17.68	29759.68	193116.69	163357.00	356473.69	1092264.12	2.72	32.64	9.99	1003	日跌幅达到15的前5只证券	20210222	星期一
79	300278	华昌达	2家机构买入，成功率43.77	3.89	20.06	1326.70	3005.80	1679.11	4684.91	22810.61	5.82	20.54	15.44	16	日涨幅达到15的前5只证券	20210222	星期一
80	300278	华昌达	2家机构买入，成功率45.31	3.89	20.06	806.86	3360.22	2553.36	5913.58	35174.59	2.29	16.81	15.44	16	连续三个交易日内，涨幅偏离值累计达到30的证券	20210222	星期一
81	300312	邦讯技术	买一主买，成功率26.76	4.20	20.00	-270.63	1771.22	2041.85	3813.07	14635.27	-1.85	26.05	17.76	9	日涨幅达到15的前5只证券	20210222	星期一
82	300312	邦讯技术	实力游资买入，成功率29.23	4.20	20.00	-172.66	2470.40	2643.06	5113.46	24242.70	-0.71	21.09	17.76	9	连续三个交易日内，涨幅偏离值累计达到30的证券	20210222	星期一
83	300325	ST德威	主力做T，成功率29.81	1.61	8.78	33.72	2322.11	2288.39	4610.50	32229.18	0.10	14.31	8.81	16	连续三个交易日内，涨幅偏离值累计达到30的证券	20210222	星期一
84	300345	华民股份	1家机构买入，成功率28.11	4.18	11.47	206.97	2916.33	2709.36	5625.68	26460.25	0.78	21.26	8.39	18	连续三个交易日内，涨幅偏离值累计达到30的证券	20210222	星期一
85	300402	宝色股份	实力游资买入，成功率48.94	16.00	20.03	2306.02	3480.85	1174.83	4655.67	13125.46	17.57	35.47	4.30	32	日涨幅达到15的前5只证券	20210222	星期一
86	300402	宝色股份	实力游资买入，成功率43.05	16.00	20.03	1962.15	4243.53	2281.38	6524.90	24160.83	8.12	27.01	4.30	32	连续三个交易日内，涨幅偏离值累计达到30的证券	20210222	星期一
87	300697	电工合金	1家机构买入，成功率42.70	16.94	19.97	2156.82	3758.15	1601.33	5359.48	13998.48	15.41	38.29	4.19	35	日涨幅达到15的前5只证券	20210222	星期一
88	300697	电工合金	1家机构买入，成功率42.47	16.94	19.97	1907.48	4189.57	2282.09	6471.67	20224.17	9.43	32.00	4.19	35	连续三个交易日内，涨幅偏离值累计达到30的证券	20210222	星期一
89	300930	屹通新材	2家机构买入，成功率37.67	26.51	3.31	711.52	1944.20	1232.68	3176.89	19121.97	3.72	16.61	30.02	6	日换手率达到30的前5只证券	20210222	星期一
90	300937	药易购	1家机构买入，成功率36.02	91.99	3.88	-9596.03	6789.99	16386.02	23176.01	109700.31	-8.75	21.13	53.82	21	日换手率达到30的前5只证券	20210222	星期一
91	300939	秋田微	实力游资买入，成功率24.67	72.81	0.03	210.29	2869.08	2658.80	5527.88	47435.97	0.44	11.65	33.45	15	日换手率达到30的前5只证券	20210222	星期一
92	300940	南极光	1家机构卖出，成功率34.97	52.33	-0.72	-2728.93	2611.18	5340.11	7951.29	49575.10	-5.50	16.04	33.48	15	日换手率达到30的前5只证券	20210222	星期一
93	600086	退市金钰	实力游资买入，成功率48.89	0.20	5.26	-241.01	345.39	586.39	931.78	1139.48	-21.15	81.77	5.65	2	退市整理的证券	20210222	星期一
94	600112	ST天成	实力游资买入，成功率15.58	1.05	5.00	-151.36	527.06	678.42	1205.48	5418.40	-2.79	22.25	2.49	5	ST、*ST和S证券连续三个交易日内收盘价格涨幅偏离值累计达到15的证券	20210222	星期一
95	600191	华资实业	实力游资买入，成功率45.11	3.54	9.94	451.17	2147.55	1696.37	3843.92	11833.36	3.81	32.48	3.59	17	非ST、*ST和S证券连续三个交易日内收盘价格涨幅偏离值累计达到20的证券	20210222	星期一
96	600220	江苏阳光	买一主买，成功率48.76	2.54	9.96	2126.59	10050.66	7924.07	17974.73	26012.49	8.18	69.10	3.60	45	非ST、*ST和S证券连续三个交易日内收盘价格涨幅偏离值累计达到20的证券	20210222	星期一
97	600295	鄂尔多斯	买一主买，成功率26.65	16.29	9.99	9559.14	15533.53	5974.40	21507.93	71762.40	13.32	29.97	1.73	106	非ST、*ST和S证券连续三个交易日内收盘价格涨幅偏离值累计达到20的证券	20210222	星期一
98	600331	宏达股份	买一主买，成功率41.44	2.22	9.90	939.81	2463.78	1523.97	3987.75	10616.85	8.85	37.56	0.52	45	非ST、*ST和S证券连续三个交易日内收盘价格涨幅偏离值累计达到20的证券	20210222	星期一
99	600403	大有能源	买一主买，成功率33.84	3.90	9.86	1535.54	4323.84	2788.31	7112.15	32321.47	4.75	22.00	2.29	93	非ST、*ST和S证券连续三个交易日内收盘价格涨幅偏离值累计达到20的证券	20210222	星期一
100	600408	ST安泰	实力游资买入，成功率29.09	3.26	5.16	-357.92	820.81	1178.73	1999.54	3238.13	-11.05	61.75	0.29	33	ST、*ST和S证券连续三个交易日内收盘价格涨幅偏离值累计达到15的证券	20210222	星期一
101	600497	驰宏锌锗	实力游资买入，成功率40.95	6.32	8.97	9185.83	42940.86	33755.02	76695.88	425613.96	2.16	18.02	5.21	322	非ST、*ST和S证券连续三个交易日内收盘价格涨幅偏离值累计达到20的证券	20210222	星期一
102	600540	新赛股份	实力游资买入，成功率45.07	5.01	6.60	452.33	3567.28	3114.95	6682.23	20252.09	2.23	33.00	3.57	24	非ST、*ST和S证券连续三个交易日内收盘价格涨幅偏离值累计达到20的证券	20210222	星期一
103	600567	山鹰国际	1家机构买入，成功率37.31	3.84	10.03	12120.72	22720.74	10600.02	33320.76	133661.69	9.07	24.93	1.23	176	非ST、*ST和S证券连续三个交易日内收盘价格涨幅偏离值累计达到20的证券	20210222	星期一
104	600577	精达股份	买一主买，成功率36.75	3.48	10.13	6204.91	9800.60	3595.69	13396.29	33442.66	18.55	40.06	5.16	67	有价格涨跌幅限制的日收盘价格涨幅偏离值达到7的前三只证券	20210222	星期一
105	600577	精达股份	买一主买，成功率40.38	3.48	10.13	6610.55	11417.11	4806.56	16223.66	55810.22	11.84	29.07	5.16	67	非ST、*ST和S证券连续三个交易日内收盘价格涨幅偏离值累计达到20的证券	20210222	星期一
106	600640	号百控股	买一主买，成功率39.25	11.69	9.97	2452.33	5321.77	2869.44	8191.21	25798.27	9.51	31.75	1.43	93	非ST、*ST和S证券连续三个交易日内收盘价格涨幅偏离值累计达到20的证券	20210222	星期一
107	600687	退市刚泰	实力游资买入，成功率36.67	0.31	0.00	22.32	108.36	86.03	194.39	349.08	6.39	55.68	0.75	5	退市整理的证券	20210222	星期一
108	600695	绿庭投资	实力游资买入，成功率66.67	4.03	10.11	-669.20	795.62	1464.82	2260.44	8741.79	-7.66	25.86	6.04	15	有价格涨跌幅限制的日收盘价格涨幅偏离值达到7的前三只证券	20210222	星期一
109	600695	绿庭投资	买一主买，成功率42.49	4.03	10.11	-701.69	1353.61	2055.30	3408.91	16403.45	-4.28	20.78	6.04	15	非ST、*ST和S证券连续三个交易日内收盘价格涨幅偏离值累计达到20的证券	20210222	星期一
110	600711	盛屯矿业	普通席位买入，成功率43.27	9.70	7.18	-2662.36	69529.49	72191.85	141721.33	915305.85	-0.29	15.48	17.57	235	非ST、*ST和S证券连续三个交易日内收盘价格涨幅偏离值累计达到20的证券	20210222	星期一
111	600740	山西焦化	1家机构买入，成功率41.41	7.05	5.54	2023.82	35400.02	33376.20	68776.21	224746.70	0.90	30.60	17.45	68	非ST、*ST和S证券连续三个交易日内收盘价格涨幅偏离值累计达到20的证券	20210222	星期一
112	600759	洲际油气	买一主买，成功率39.95	2.16	10.20	2724.96	8784.83	6059.87	14844.70	54103.96	5.04	27.44	11.34	49	有价格涨跌幅限制的日收盘价格涨幅偏离值达到7的前三只证券	20210222	星期一
113	600759	洲际油气	实力游资买入，成功率40.27	2.16	10.20	906.82	9830.36	8923.54	18753.91	92647.74	0.98	20.24	11.34	49	非ST、*ST和S证券连续三个交易日内收盘价格涨幅偏离值累计达到20的证券	20210222	星期一
114	600766	园城黄金	实力游资买入，成功率38.63	4.22	9.90	-16.13	1103.24	1119.38	2222.62	4230.16	-0.38	52.54	3.65	9	非ST、*ST和S证券连续三个交易日内收盘价格涨幅偏离值累计达到20的证券	20210222	星期一
115	600768	宁波富邦	买一主买，成功率36.99	8.40	5.13	-655.00	2843.76	3498.76	6342.52	14792.65	-4.43	42.88	9.01	11	非ST、*ST和S证券连续三个交易日内收盘价格涨幅偏离值累计达到20的证券	20210222	星期一
116	600792	云煤能源	实力游资买入，成功率42.62	4.53	9.95	4318.29	11415.56	7097.27	18512.83	84076.78	5.14	22.02	8.27	45	非ST、*ST和S证券连续三个交易日内收盘价格涨幅偏离值累计达到20的证券	20210222	星期一
117	600809	山西汾酒	3家机构卖出，成功率35.96	381.43	-10.00	14940.24	89379.22	74438.98	163818.21	361343.39	4.13	45.34	1.06	3303	有价格涨跌幅限制的日收盘价格跌幅偏离值达到7的前三只证券	20210222	星期一
118	600810	神马股份	实力游资买入，成功率55.66	13.52	10.01	2487.30	9001.35	6514.06	15515.41	46887.05	5.30	33.09	1.66	78	非ST、*ST和S证券连续三个交易日内收盘价格涨幅偏离值累计达到20的证券	20210222	星期一
119	600890	中房股份	实力游资买入，成功率58.11	3.66	9.91	-489.06	1065.75	1554.81	2620.56	5249.20	-9.32	49.92	1.46	21	非ST、*ST和S证券连续三个交易日内收盘价格涨幅偏离值累计达到20的证券	20210222	星期一
120	600916	中国黄金	买一主买，成功率83.33	12.74	10.02	2746.79	2840.47	93.67	2934.14	2840.47	96.70	103.30	0.45	23	非ST、*ST和S证券连续三个交易日内收盘价格涨幅偏离值累计达到20的证券	20210222	星期一
121	600961	株冶集团	实力游资买入，成功率41.72	7.38	9.99	934.42	4887.35	3952.93	8840.28	25273.83	3.70	34.98	4.79	39	非ST、*ST和S证券连续三个交易日内收盘价格涨幅偏离值累计达到20的证券	20210222	星期一
122	601020	华钰矿业	实力游资买入，成功率29.36	9.79	4.48	-1445.90	7882.87	9328.76	17211.63	129556.42	-1.12	13.29	11.32	54	非ST、*ST和S证券连续三个交易日内收盘价格涨幅偏离值累计达到20的证券	20210222	星期一
123	601038	一拖股份	实力游资买入，成功率40.54	9.75	10.05	35.38	6106.83	6071.45	12178.28	50916.77	0.07	23.92	3.97	58	非ST、*ST和S证券连续三个交易日内收盘价格涨幅偏离值累计达到20的证券	20210222	星期一
124	601212	白银有色	实力游资买入，成功率35.80	3.09	9.96	746.37	11515.01	10768.64	22283.65	129182.21	0.58	17.25	2.92	229	非ST、*ST和S证券连续三个交易日内收盘价格涨幅偏离值累计达到20的证券	20210222	星期一
125	601216	君正集团	西藏自治区资金买入，成功率34.63	6.68	7.40	4867.42	81989.39	77121.97	159111.36	815334.54	0.60	19.51	7.62	564	非ST、*ST和S证券连续三个交易日内收盘价格涨幅偏离值累计达到20的证券	20210222	星期一
126	601222	林洋能源	1家机构买入，成功率38.22	8.00	10.04	18475.16	33089.53	14614.37	47703.89	140749.56	13.13	33.89	5.34	140	非ST、*ST和S证券连续三个交易日内收盘价格涨幅偏离值累计达到20的证券	20210222	星期一
127	601600	中国铝业	买一主买，成功率34.10	4.36	8.46	17854.79	77722.73	59867.94	137590.67	519321.44	3.44	26.49	3.78	570	非ST、*ST和S证券连续三个交易日内收盘价格涨幅偏离值累计达到20的证券	20210222	星期一
128	601618	中国中冶	1家机构买入，成功率43.18	3.55	9.91	18244.43	45454.81	27210.38	72665.18	354351.11	5.15	20.51	3.46	634	非ST、*ST和S证券连续三个交易日内收盘价格涨幅偏离值累计达到20的证券	20210222	星期一
129	601899	紫金矿业	4家机构买入，成功率44.95	14.63	7.26	-124911.36	383246.79	508158.15	891404.94	3006834.62	-4.15	29.65	5.25	2873	非ST、*ST和S证券连续三个交易日内收盘价格涨幅偏离值累计达到20的证券	20210222	星期一
130	603032	德新交运	买一主买，成功率29.34	9.10	10.04	-232.17	1058.20	1290.37	2348.57	7791.93	-2.98	30.14	3.81	15	非ST、*ST和S证券连续三个交易日内收盘价格涨幅偏离值累计达到20的证券	20210222	星期一
131	603113	金能科技	1家机构买入，成功率40.82	25.53	10.00	11244.82	37863.96	26619.15	64483.11	174102.22	6.46	37.04	3.91	183	非ST、*ST和S证券连续三个交易日内收盘价格涨幅偏离值累计达到20的证券	20210222	星期一
132	603222	济民制药	实力游资买入，成功率40.91	10.90	9.99	2239.83	6294.66	4054.83	10349.48	60923.39	3.68	16.99	8.44	35	非ST、*ST和S证券连续三个交易日内收盘价格涨幅偏离值累计达到20的证券	20210222	星期一
133	603353	和顺石油	实力游资买入，成功率36.89	50.42	7.35	-125.92	4097.81	4223.73	8321.54	50722.64	-0.25	16.41	14.76	17	非ST、*ST和S证券连续三个交易日内收盘价格涨幅偏离值累计达到20的证券	20210222	星期一
134	603399	吉翔股份	买一主买，成功率29.26	5.24	10.08	706.30	3400.34	2694.04	6094.38	39041.71	1.81	15.61	7.64	27	非ST、*ST和S证券连续三个交易日内收盘价格涨幅偏离值累计达到20的证券	20210222	星期一
135	603416	信捷电气	1家机构卖出，成功率50.46	94.32	-10.00	1425.73	3332.21	1906.48	5238.68	14038.15	10.16	37.32	1.61	86	有价格涨跌幅限制的日收盘价格跌幅偏离值达到7的前三只证券	20210222	星期一
136	603557	起步股份	实力游资买入，成功率43.71	8.20	5.67	3090.06	5605.23	2515.17	8120.39	42294.11	7.31	19.20	5.93	41	非ST、*ST和S证券连续三个交易日内收盘价格涨幅偏离值累计达到20的证券	20210222	星期一
137	603655	朗博科技	实力游资买入，成功率42.01	19.68	10.01	133.74	1764.62	1630.88	3395.50	20230.01	0.66	16.78	5.38	21	非ST、*ST和S证券连续三个交易日内收盘价格涨幅偏离值累计达到20的证券	20210222	星期一
138	603786	科博达	2家机构卖出，成功率27.39	75.05	-10.00	-1730.94	5096.97	6827.91	11924.89	23632.55	-7.32	50.46	7.61	30	有价格涨跌幅限制的日收盘价格跌幅偏离值达到7的前三只证券	20210222	星期一
139	603809	豪能股份	2家机构买入，成功率39.31	21.83	3.51	1221.71	4592.62	3370.91	7963.53	34939.99	3.50	22.79	3.03	46	非ST、*ST和S证券连续三个交易日内收盘价格涨幅偏离值累计达到20的证券	20210222	星期一
140	603825	华扬联众	实力游资买入，成功率27.18	16.13	10.03	2037.44	4428.92	2391.48	6820.39	29491.25	6.91	23.13	3.59	37	非ST、*ST和S证券连续三个交易日内收盘价格涨幅偏离值累计达到20的证券	20210222	星期一
141	605006	山东玻纤	实力游资卖出，成功率42.89	12.96	-1.44	-1581.90	5060.44	6642.34	11702.78	63637.27	-2.49	18.39	47.82	13	有价格涨跌幅限制的日价格振幅达到15的前三只证券	20210222	星期一
142	605006	山东玻纤	实力游资卖出，成功率42.89	12.96	-1.44	-1581.90	5060.44	6642.34	11702.78	63637.27	-2.49	18.39	47.82	13	有价格涨跌幅限制的日换手率达到20的前三只证券	20210222	星期一
143	605055	迎丰股份	江苏资金卖出，成功率40.75	8.63	-6.90	-2832.85	2587.34	5420.19	8007.53	33349.03	-8.49	24.01	46.33	7	有价格涨跌幅限制的日换手率达到20的前三只证券	20210222	星期一
144	605337	李子园	实力游资卖出，成功率36.38	37.76	-5.69	1774.98	5608.48	3833.50	9441.98	57037.11	3.11	16.55	38.84	15	有价格涨跌幅限制的日换手率达到20的前三只证券	20210222	星期一
145	900909	华谊B股	买一主买，成功率50.71	0.55	8.98	53.85	80.80	26.95	107.75	183.62	29.33	58.68	1.38	1	有价格涨跌幅限制的日收盘价格涨幅偏离值达到7的前三只证券	20210222	星期一
146	900936	鄂资Ｂ股	实力游资买入，成功率13.33	1.22	10.01	221.94	289.32	67.38	356.70	653.81	33.95	54.56	1.29	4	有价格涨跌幅限制的日收盘价格涨幅偏离值达到7的前三只证券	20210222	星期一
