1	000002	万科A	1家机构买入，成功率49.93	32.99	10.00	110070.37	201406.60	91336.24	292742.84	838266.36	13.13	34.92	2.67	3205	日涨幅偏离值达到7的前5只证券	20210225	星期四
2	000029	深深房A	主力做T，成功率43.30	7.91	10.01	2387.30	6904.30	4516.99	11421.29	23298.30	10.25	49.02	3.47	71	日涨幅偏离值达到7的前5只证券	20210225	星期四
3	000029	深深房A	买一主买，成功率43.43	7.91	10.01	4331.00	9695.78	5364.78	15060.56	41306.74	10.48	36.46	3.47	71	连续三个交易日内，涨幅偏离值累计达到20的证券	20210225	星期四
4	000056	皇庭国际	买一主买，成功率29.00	3.09	9.96	1749.06	2441.86	692.81	3134.67	5191.68	33.69	60.38	1.19	28	连续三个交易日内，涨幅偏离值累计达到20的证券	20210225	星期四
5	000564	*ST大集	实力游资买入，成功率44.22	1.92	4.92	-287.34	5650.96	5938.30	11589.26	41563.05	-0.69	27.88	6.17	39	连续三个交易日内，涨幅偏离值累计达到12的ST证券、*ST证券和未完成股改证券	20210225	星期四
6	000584	哈工智能	主力做T，成功率19.86	8.46	10.01	-1760.37	5768.48	7528.85	13297.33	74305.47	-2.37	17.90	12.35	62	日涨幅偏离值达到7的前5只证券	20210225	星期四
7	000683	远兴能源	1家机构卖出，成功率31.67	2.65	-7.67	-10922.46	9676.03	20598.50	30274.53	101397.39	-10.77	29.86	10.75	90	日振幅值达到15的前5只证券	20210225	星期四
8	000683	远兴能源	1家机构卖出，成功率31.67	2.65	-7.67	-10922.46	9676.03	20598.50	30274.53	101397.39	-10.77	29.86	10.75	90	日跌幅偏离值达到7的前5只证券	20210225	星期四
9	000708	中信特钢	4家机构卖出，成功率42.38	29.09	-7.68	-4141.01	5394.36	9535.37	14929.73	28359.49	-14.60	52.64	0.76	366	日跌幅偏离值达到7的前5只证券	20210225	星期四
10	000737	ST南风	实力游资买入，成功率56.81	5.82	5.05	772.50	1669.59	897.09	2566.68	2629.27	29.38	97.62	0.18	32	连续三个交易日内，涨幅偏离值累计达到12的ST证券、*ST证券和未完成股改证券	20210225	星期四
11	000918	嘉凯城	1家机构买入，成功率48.98	8.32	10.05	-768.80	4212.68	4981.47	9194.15	25752.18	-2.99	35.70	1.79	150	日涨幅偏离值达到7的前5只证券	20210225	星期四
12	000918	嘉凯城	1家机构买入，成功率49.84	8.32	10.05	-1714.27	6485.57	8199.84	14685.41	55889.83	-3.07	26.28	1.79	150	连续三个交易日内，涨幅偏离值累计达到20的证券	20210225	星期四
13	000933	神火股份	买一主买，成功率47.49	10.00	10.01	17369.09	21947.33	4578.24	26525.57	34634.65	50.15	76.59	1.83	190	日涨幅偏离值达到7的前5只证券	20210225	星期四
14	000980	*ST众泰	实力游资买入，成功率52.22	2.58	4.88	251.73	456.36	204.63	661.00	457.69	55.00	144.42	0.06	32	连续三个交易日内，涨幅偏离值累计达到12的ST证券、*ST证券和未完成股改证券	20210225	星期四
15	000995	皇台酒业	2家机构卖出，成功率33.26	18.92	-9.69	-282.40	3553.72	3836.12	7389.84	40204.80	-0.70	18.38	11.54	34	日跌幅偏离值达到7的前5只证券	20210225	星期四
16	002109	兴化股份	实力游资卖出，成功率27.53	4.83	-10.06	370.69	9654.92	9284.23	18939.15	86448.64	0.43	21.91	15.32	51	日振幅值达到15的前5只证券	20210225	星期四
17	002109	兴化股份	实力游资卖出，成功率27.53	4.83	-10.06	370.69	9654.92	9284.23	18939.15	86448.64	0.43	21.91	15.32	51	日跌幅偏离值达到7的前5只证券	20210225	星期四
18	002139	拓邦股份	2家机构买入，成功率47.80	11.03	9.97	8874.15	21202.77	12328.62	33531.39	74146.44	11.97	45.22	7.47	103	日涨幅偏离值达到7的前5只证券	20210225	星期四
19	002145	中核钛白	实力游资卖出，成功率44.31	9.60	-7.96	1163.28	21111.59	19948.31	41059.90	157463.68	0.74	26.08	10.09	153	日跌幅偏离值达到7的前5只证券	20210225	星期四
20	002184	海得控制	买一主买，成功率33.88	23.71	10.02	2962.78	7117.38	4154.60	11271.98	58363.41	5.08	19.31	16.47	37	日涨幅偏离值达到7的前5只证券	20210225	星期四
21	002184	海得控制	主力做T，成功率36.45	23.71	10.02	2588.10	9957.43	7369.33	17326.76	117618.63	2.20	14.73	16.47	37	连续三个交易日内，涨幅偏离值累计达到20的证券	20210225	星期四
22	002378	章源钨业	实力游资卖出，成功率40.74	7.06	-7.23	-4317.35	5503.46	9820.81	15324.27	106180.09	-4.07	14.43	15.04	65	日振幅值达到15的前5只证券	20210225	星期四
23	002442	龙星化工	1家机构卖出，成功率48.85	4.86	-5.26	-4836.17	4067.54	8903.71	12971.25	47703.81	-10.14	27.19	19.08	23	日振幅值达到15的前5只证券	20210225	星期四
24	002464	众应互联	主力做T，成功率59.02	3.26	10.14	1081.47	3821.71	2740.24	6561.95	19849.34	5.45	33.06	7.32	17	连续三个交易日内，涨幅偏离值累计达到20的证券	20210225	星期四
25	002487	大金重工	2家机构买入，成功率52.13	9.06	3.54	767.98	11111.34	10343.36	21454.70	107158.51	0.72	20.02	11.07	49	连续三个交易日内，涨幅偏离值累计达到20的证券	20210225	星期四
26	002499	*ST科林	实力游资买入，成功率29.07	6.99	4.96	-4.27	426.99	431.25	858.24	1132.67	-0.38	75.77	0.41	13	连续三个交易日内，涨幅偏离值累计达到12的ST证券、*ST证券	20210225	星期四
27	002532	天山铝业	1家机构卖出，成功率41.12	12.04	-5.94	306.80	11561.89	11255.10	22816.99	136312.52	0.23	16.74	25.47	51	日振幅值达到15的前5只证券	20210225	星期四
28	002532	天山铝业	1家机构卖出，成功率41.12	12.04	-5.94	306.80	11561.89	11255.10	22816.99	136312.52	0.23	16.74	25.47	51	日换手率达到20的前5只证券	20210225	星期四
29	002647	仁东控股	1家机构买入，成功率34.70	9.48	9.98	-2251.24	12427.07	14678.31	27105.38	168105.15	-1.34	16.12	22.28	53	连续三个交易日内，涨幅偏离值累计达到20的证券	20210225	星期四
30	002647	仁东控股	主力做T，成功率30.64	9.48	9.98	-7926.52	6534.31	14460.83	20995.14	114867.82	-6.90	18.28	22.28	53	日涨幅偏离值达到7的前5只证券	20210225	星期四
31	002647	仁东控股	主力做T，成功率30.64	9.48	9.98	-7926.52	6534.31	14460.83	20995.14	114867.82	-6.90	18.28	22.28	53	日换手率达到20的前5只证券	20210225	星期四
32	002690	美亚光电	3家机构卖出，成功率43.80	39.60	-9.94	-3462.96	6744.08	10207.03	16951.11	36458.52	-9.50	46.49	2.70	130	日跌幅偏离值达到7的前5只证券	20210225	星期四
33	002735	王子新材	山东资金买入，成功率64.94	26.00	0.78	-7310.97	4596.10	11907.08	16503.18	28184.05	-25.94	58.56	12.68	24	日振幅值达到15的前5只证券	20210225	星期四
34	002766	ST索菱	买一主买，成功率42.41	4.75	4.86	1388.31	2226.78	838.47	3065.25	5289.76	26.25	57.95	2.00	14	连续三个交易日内，涨幅偏离值累计达到12的ST证券、*ST证券	20210225	星期四
35	002833	弘亚数控	3家机构买入，成功率49.78	56.98	10.00	-295.71	4833.53	5129.24	9962.77	22253.03	-1.33	44.77	3.33	70	日涨幅偏离值达到7的前5只证券	20210225	星期四
36	002968	新大正	2家机构买入，成功率49.92	63.29	2.89	-1792.70	2910.84	4703.54	7614.38	25971.41	-6.90	29.32	2.94	29	连续三个交易日内，涨幅偏离值累计达到20的证券	20210225	星期四
37	002998	优彩资源	实力游资买入，成功率43.34	13.64	10.00	557.88	4177.42	3619.54	7796.95	42440.30	1.31	18.37	40.37	11	日涨幅偏离值达到7的前5只证券	20210225	星期四
38	002998	优彩资源	实力游资买入，成功率43.34	13.64	10.00	557.88	4177.42	3619.54	7796.95	42440.30	1.31	18.37	40.37	11	日换手率达到20的前5只证券	20210225	星期四
39	003030	祖名股份	浙江资金卖出，成功率42.31	36.22	-8.30	-245.74	2257.93	2503.67	4761.60	17377.44	-1.41	27.40	14.86	11	日跌幅偏离值达到7的前5只证券	20210225	星期四
40	003038	鑫铂股份	主力做T，成功率59.87	41.67	-0.62	2920.28	6468.01	3547.73	10015.74	78242.23	3.73	12.80	67.24	11	日换手率达到20的前5只证券	20210225	星期四
41	003038	鑫铂股份	主力做T，成功率59.87	41.67	-0.62	2920.28	6468.01	3547.73	10015.74	78242.23	3.73	12.80	67.24	11	连续三个交易日内，日均换手率与前五个交易日的日均换手率的比值达到30倍，且换手率累计达20的证券	20210225	星期四
42	200054	建车B	实力游资买入，成功率29.00	4.59	10.07	44.71	79.36	34.65	114.00	92.16	48.51	123.70	0.82	1	日涨幅偏离值达到7的前5只证券	20210225	星期四
43	200056	皇庭B	实力游资买入，成功率30.65	1.56	9.86	-13.72	185.01	198.73	383.74	502.64	-2.73	76.35	1.63	3	日涨幅偏离值达到7的前5只证券	20210225	星期四
44	200056	皇庭B	广东资金买入，成功率40.25	1.56	9.86	-37.22	208.15	245.37	453.52	748.72	-4.97	60.57	1.63	3	连续三个交易日内，涨幅偏离值累计达到20的证券	20210225	星期四
45	300591	万里马	实力游资买入，成功率53.96	6.90	20.00	3216.50	5817.88	2601.39	8419.27	24319.88	13.23	34.62	17.64	14	日涨幅达到15的前5只证券	20210225	星期四
46	300711	广哈通信	实力游资买入，成功率27.83	17.56	15.37	1007.65	3869.80	2862.15	6731.95	34533.63	2.92	19.49	9.81	36	日涨幅达到15的前5只证券	20210225	星期四
47	300917	特发服务	1家机构买入，成功率41.36	40.64	19.99	1784.25	5156.60	3372.35	8528.95	30493.78	5.85	27.97	36.22	9	日涨幅达到15的前5只证券	20210225	星期四
48	300917	特发服务	1家机构买入，成功率41.36	40.64	19.99	1784.25	5156.60	3372.35	8528.95	30493.78	5.85	27.97	36.22	9	日换手率达到30的前5只证券	20210225	星期四
49	300927	江天化学	实力游资卖出，成功率37.02	33.76	-4.44	-291.51	1581.68	1873.19	3454.87	23971.17	-1.22	14.41	36.69	6	日换手率达到30的前5只证券	20210225	星期四
50	300937	药易购	西藏自治区资金买入，成功率28.82	99.99	13.56	1106.29	6176.55	5070.27	11246.82	101369.84	1.09	11.09	45.49	23	日换手率达到30的前5只证券	20210225	星期四
51	300939	秋田微	主力做T，成功率34.34	74.66	5.14	-805.03	2448.65	3253.69	5702.34	53105.39	-1.52	10.74	35.67	15	日换手率达到30的前5只证券	20210225	星期四
52	300945	曼卡龙	主力做T，成功率27.36	26.15	-2.93	-1572.75	2910.50	4483.26	7393.76	53651.56	-2.93	13.78	40.91	13	日换手率达到30的前5只证券	20210225	星期四
53	300948	冠中生态	实力游资买入，成功率34.81	71.69	451.46	4101.13	5992.42	1891.29	7883.72	102933.19	3.98	7.66	77.94	16	无价格涨跌幅限制的证券	20210225	星期四
54	600086	退市金钰	实力游资买入，成功率35.67	0.20	0.00	-9.30	100.92	110.22	211.13	278.67	-3.34	75.77	1.35	2	退市整理的证券	20210225	星期四
55	600162	香江控股	实力游资买入，成功率41.95	1.95	10.17	1922.11	3435.64	1513.53	4949.17	16409.64	11.71	30.16	2.53	66	有价格涨跌幅限制的日收盘价格涨幅偏离值达到7的前三只证券	20210225	星期四
56	600340	华夏幸福	实力游资买入，成功率34.81	7.79	10.03	2816.50	13882.37	11065.87	24948.23	81125.49	3.47	30.75	2.79	303	有价格涨跌幅限制的日收盘价格涨幅偏离值达到7的前三只证券	20210225	星期四
57	600515	*ST基础	广东资金买入，成功率41.11	7.48	5.06	1955.17	3984.05	2028.88	6012.93	26244.96	7.45	22.91	0.06	124	ST、*ST和S证券连续三个交易日内收盘价格涨幅偏离值累计达到15的证券	20210225	星期四
58	600695	绿庭投资	实力游资买入，成功率44.73	4.64	9.18	563.83	3058.59	2494.77	5553.36	32803.76	1.72	16.93	13.78	17	非ST、*ST和S证券连续三个交易日内收盘价格涨幅偏离值累计达到20的证券	20210225	星期四
59	600696	ST岩石	实力游资买入，成功率10.72	13.47	4.99	832.80	1813.56	980.77	2794.33	9040.80	9.21	30.91	1.33	45	ST、*ST和S证券连续三个交易日内收盘价格涨幅偏离值累计达到15的证券	20210225	星期四
60	600722	金牛化工	实力游资卖出，成功率28.12	6.36	-10.04	-2000.14	3909.02	5909.16	9818.17	80732.45	-2.48	12.16	17.99	43	有价格涨跌幅限制的日收盘价格跌幅偏离值达到7的前三只证券	20210225	星期四
61	600746	江苏索普	实力游资卖出，成功率49.59	12.58	-10.01	-3126.05	3941.06	7067.10	11008.16	48150.95	-6.49	22.86	11.86	38	有价格涨跌幅限制的日价格振幅达到15的前三只证券	20210225	星期四
62	600746	江苏索普	实力游资卖出，成功率49.59	12.58	-10.01	-3126.05	3941.06	7067.10	11008.16	48150.95	-6.49	22.86	11.86	38	有价格涨跌幅限制的日收盘价格跌幅偏离值达到7的前三只证券	20210225	星期四
63	600753	东方银星	实力游资买入，成功率53.68	22.80	7.95	-2058.31	6323.75	8382.06	14705.81	42090.60	-4.89	34.94	4.38	41	非ST、*ST和S证券连续三个交易日内收盘价格涨幅偏离值累计达到20的证券	20210225	星期四
64	600766	园城黄金	西藏自治区资金买入，成功率25.85	5.26	3.14	-445.50	1962.59	2408.08	4370.67	30803.51	-1.45	14.19	25.94	12	有价格涨跌幅限制的日价格振幅达到15的前三只证券	20210225	星期四
65	601963	重庆银行	实力游资买入，成功率21.27	13.74	7.09	-842.13	8050.94	8893.06	16944.00	167125.62	-0.50	10.14	35.49	48	有价格涨跌幅限制的日换手率达到20的前三只证券	20210225	星期四
66	603032	德新交运	实力游资买入，成功率28.56	10.63	10.04	-109.03	1517.75	1626.78	3144.53	11263.44	-0.97	27.92	7.03	17	有价格涨跌幅限制的日收盘价格涨幅偏离值达到7的前三只证券	20210225	星期四
67	603214	爱婴室	实力游资买入，成功率35.41	24.36	8.07	183.06	1414.35	1231.29	2645.64	13797.24	1.33	19.18	7.91	19	有价格涨跌幅限制的日价格振幅达到15的前三只证券	20210225	星期四
68	603222	济民制药	实力游资买入，成功率31.03	12.54	10.00	-755.16	6248.91	7004.07	13252.98	87243.95	-0.87	15.19	14.91	40	非ST、*ST和S证券连续三个交易日内收盘价格涨幅偏离值累计达到20的证券	20210225	星期四
69	603399	吉翔股份	实力游资买入，成功率38.08	6.09	9.93	1947.59	4105.73	2158.14	6263.87	45199.19	4.31	13.86	7.32	31	非ST、*ST和S证券连续三个交易日内收盘价格涨幅偏离值累计达到20的证券	20210225	星期四
70	603677	奇精机械	卖一主卖，成功率39.87	11.71	-9.71	-1399.98	691.36	2091.34	2782.69	9065.41	-15.44	30.70	3.94	22	有价格涨跌幅限制的日收盘价格跌幅偏离值达到7的前三只证券	20210225	星期四
71	605155	西大门	买一主买，成功率28.50	26.98	6.30	757.46	2216.88	1459.42	3676.31	22683.78	3.34	16.21	35.27	6	有价格涨跌幅限制的日换手率达到20的前三只证券	20210225	星期四
72	605228	神通科技	实力游资买入，成功率33.59	10.50	3.14	-2161.96	1704.90	3866.87	5571.77	34882.38	-6.20	15.97	41.69	8	有价格涨跌幅限制的日换手率达到20的前三只证券	20210225	星期四
73	900941	东信Ｂ股	实力游资买入，成功率50.06	0.49	9.62	8.25	103.27	95.02	198.29	494.58	1.67	40.09	3.40	1	有价格涨跌幅限制的日收盘价格涨幅偏离值达到7的前三只证券	20210225	星期四
