1	000026	飞亚达	1家机构买入，成功率43.98	12.35	9.97	2385.64	3589.39	1203.76	4793.15	9846.04	24.23	48.68	2.27	44	日涨幅偏离值达到7的前5只证券	20210205	星期五
2	000100	TCL科技	2家机构卖出，成功率44.14	8.46	-10.00	-70021.93	75428.23	145450.16	220878.38	781097.24	-8.96	28.28	6.98	1091	日跌幅偏离值达到7的前5只证券	20210205	星期五
3	000155	川能动力	2家机构卖出，成功率44.37	14.04	-10.00	-6715.16	19436.06	26151.22	45587.28	204704.94	-3.28	22.27	11.04	178	日跌幅偏离值达到7的前5只证券	20210205	星期五
4	000301	东方盛虹	4家机构卖出，成功率47.58	13.27	-9.97	691.47	26985.75	26294.27	53280.02	82326.15	0.84	64.72	3.41	230	日跌幅偏离值达到7的前5只证券	20210205	星期五
5	000428	华天酒店	买一主买，成功率49.21	2.60	10.17	1961.60	2258.51	296.91	2555.43	3642.18	53.86	70.16	1.38	26	日涨幅偏离值达到7的前5只证券	20210205	星期五
6	000571	*ST大洲	浙江资金买入，成功率45.56	2.33	0.87	506.49	1583.82	1077.32	2661.14	3700.71	13.69	71.91	0.77	19	连续三个交易日内，涨幅偏离值累计达到12的ST证券、*ST证券和未完成股改证券	20210205	星期五
7	000718	苏宁环球	实力游资买入，成功率43.40	4.26	10.08	7231.94	11623.52	4391.59	16015.11	58902.14	12.28	27.19	6.15	98	日涨幅偏离值达到7的前5只证券	20210205	星期五
8	000812	陕西金叶	1家机构买入，成功率38.41	4.09	0.25	-993.32	3868.38	4861.69	8730.07	64167.39	-1.55	13.61	23.63	27	日振幅值达到15的前5只证券	20210205	星期五
9	000812	陕西金叶	1家机构买入，成功率38.41	4.09	0.25	-993.32	3868.38	4861.69	8730.07	64167.39	-1.55	13.61	23.63	27	日换手率达到20的前5只证券	20210205	星期五
10	000892	欢瑞世纪	1家机构买入，成功率44.37	2.39	10.14	-231.03	1543.49	1774.52	3318.01	5595.63	-4.13	59.30	4.39	13	日涨幅偏离值达到7的前5只证券	20210205	星期五
11	000908	景峰医药	1家机构买入，成功率34.49	4.13	10.13	-3432.30	4225.74	7658.04	11883.78	23654.36	-14.51	50.24	8.01	30	日涨幅偏离值达到7的前5只证券	20210205	星期五
12	000908	景峰医药	主力做T，成功率30.12	4.13	10.13	987.82	8818.62	7830.80	16649.42	31733.59	3.11	52.47	8.01	30	连续三个交易日内，涨幅偏离值累计达到20的证券	20210205	星期五
13	000951	中国重汽	1家机构卖出，成功率47.72	39.96	-10.00	5132.67	25175.44	20042.77	45218.22	110568.25	4.64	40.90	3.97	268	日跌幅偏离值达到7的前5只证券	20210205	星期五
14	000971	*ST高升	实力游资买入，成功率40.06	2.72	5.02	-95.57	1174.84	1270.41	2445.24	8485.68	-1.13	28.82	1.20	22	连续三个交易日内，涨幅偏离值累计达到12的ST证券、*ST证券和未完成股改证券	20210205	星期五
15	001896	豫能控股	实力游资卖出，成功率33.89	5.60	-9.97	-21.78	4078.80	4100.57	8179.37	52159.39	-0.04	15.68	7.82	64	日跌幅偏离值达到7的前5只证券	20210205	星期五
16	002081	金螳螂	实力游资买入，成功率46.57	8.83	9.96	8393.95	15215.50	6821.55	22037.04	60462.88	13.88	36.45	2.68	230	日涨幅偏离值达到7的前5只证券	20210205	星期五
17	002089	ST新海	浙江资金买入，成功率52.95	1.53	4.79	550.94	1493.43	942.49	2435.92	5820.53	9.47	41.85	1.16	18	连续三个交易日内，涨幅偏离值累计达到12的ST证券、*ST证券	20210205	星期五
18	002092	中泰化学	1家机构卖出，成功率33.74	8.16	-9.93	-2973.61	19740.21	22713.82	42454.03	132136.98	-2.25	32.13	7.13	175	日振幅值达到15的前5只证券	20210205	星期五
19	002184	海得控制	实力游资卖出，成功率40.44	16.03	-9.99	-888.46	4197.56	5086.01	9283.57	50605.05	-1.76	18.35	18.93	25	日跌幅偏离值达到7的前5只证券	20210205	星期五
20	002221	东华能源	实力游资卖出，成功率34.40	10.62	-10.00	-370.03	5631.69	6001.72	11633.41	57378.45	-0.64	20.27	3.38	163	日跌幅偏离值达到7的前5只证券	20210205	星期五
21	002256	*ST兆新	实力游资买入，成功率43.48	1.58	5.33	30.41	3390.96	3360.55	6751.50	24049.25	0.13	28.07	5.95	22	连续三个交易日内，涨幅偏离值累计达到12的ST证券、*ST证券	20210205	星期五
22	002360	同德化工	实力游资卖出，成功率45.51	9.89	-10.01	-1289.20	7712.52	9001.72	16714.23	93031.59	-1.39	17.97	28.18	30	日振幅值达到15的前5只证券	20210205	星期五
23	002360	同德化工	实力游资卖出，成功率45.51	9.89	-10.01	-1289.20	7712.52	9001.72	16714.23	93031.59	-1.39	17.97	28.18	30	日跌幅偏离值达到7的前5只证券	20210205	星期五
24	002360	同德化工	实力游资卖出，成功率45.51	9.89	-10.01	-1289.20	7712.52	9001.72	16714.23	93031.59	-1.39	17.97	28.18	30	日换手率达到20的前5只证券	20210205	星期五
25	002531	天顺风能	主力做T，成功率27.99	7.45	-10.02	1414.80	8501.99	7087.19	15589.18	73725.64	1.92	21.14	5.49	132	日跌幅偏离值达到7的前5只证券	20210205	星期五
26	002532	天山铝业	2家机构买入，成功率44.42	8.44	10.04	4933.63	9477.50	4543.88	14021.38	46028.81	10.72	30.46	13.08	36	日涨幅偏离值达到7的前5只证券	20210205	星期五
27	002532	天山铝业	4家机构买入，成功率46.78	8.44	10.04	7293.53	13319.34	6025.80	19345.14	69318.66	10.52	27.91	13.08	36	连续三个交易日内，涨幅偏离值累计达到20的证券	20210205	星期五
28	002553	南方轴承	2家机构卖出，成功率28.35	13.37	-5.65	-2779.25	4479.62	7258.87	11738.49	76115.45	-3.65	15.42	23.40	31	日振幅值达到15的前5只证券	20210205	星期五
29	002612	朗姿股份	实力游资买入，成功率44.55	26.64	9.99	-10074.52	13424.30	23498.82	36923.13	162116.97	-6.21	22.78	24.54	70	日涨幅偏离值达到7的前5只证券	20210205	星期五
30	002612	朗姿股份	实力游资买入，成功率41.40	26.64	9.99	-7261.02	19412.53	26673.55	46086.08	248686.94	-2.92	18.53	24.54	70	连续三个交易日内，涨幅偏离值累计达到20的证券	20210205	星期五
31	002653	海思科	1家机构买入，成功率41.89	20.89	9.14	4414.32	8386.01	3971.69	12357.70	43336.11	10.19	28.52	2.24	99	连续三个交易日内，涨幅偏离值累计达到20的证券	20210205	星期五
32	002698	博实股份	2家机构买入，成功率38.55	12.83	2.48	3483.18	6184.31	2701.12	8885.43	22330.23	15.60	39.79	2.21	106	日振幅值达到15的前5只证券	20210205	星期五
33	002738	中矿资源	实力游资卖出，成功率28.98	27.15	-10.01	1861.60	9914.94	8053.34	17968.28	71898.61	2.59	24.99	10.31	67	日跌幅偏离值达到7的前5只证券	20210205	星期五
34	002948	青岛银行	实力游资买入，成功率39.70	5.50	10.00	4046.01	7935.33	3889.32	11824.65	62729.08	6.45	18.85	19.45	33	日涨幅偏离值达到7的前5只证券	20210205	星期五
35	003000	华文食品	实力游资卖出，成功率21.43	18.80	-1.83	-1606.53	6051.91	7658.44	13710.36	61692.02	-2.60	22.22	75.16	8	日换手率达到20的前5只证券	20210205	星期五
36	003003	天元股份	实力游资买入，成功率44.38	16.50	10.00	3262.48	5734.22	2471.74	8205.95	21150.68	15.42	38.80	29.50	7	日换手率达到20的前5只证券	20210205	星期五
37	003022	联泓新科	1家机构卖出，成功率42.97	28.70	-6.94	3260.30	12965.22	9704.91	22670.13	89128.60	3.66	25.44	18.94	42	日振幅值达到15的前5只证券	20210205	星期五
38	003032	传智教育	实力游资卖出，成功率39.73	27.88	-4.62	-1613.15	3014.89	4628.04	7642.93	37035.72	-4.36	20.64	33.77	11	日换手率达到20的前5只证券	20210205	星期五
39	003033	征和工业	1家机构卖出，成功率29.85	30.84	-2.65	-2711.39	2457.52	5168.91	7626.43	26555.18	-10.21	28.72	39.10	6	日换手率达到20的前5只证券	20210205	星期五
40	003035	南网能源	广东资金买入，成功率37.55	6.97	9.94	30871.96	38074.23	7202.26	45276.49	107587.93	28.69	42.08	20.86	53	日涨幅偏离值达到7的前5只证券	20210205	星期五
41	300427	红相股份	广东资金卖出，成功率42.92	14.46	-17.79	-6584.91	4208.20	10793.11	15001.31	40277.12	-16.35	37.25	8.62	46	日跌幅达到15的前5只证券	20210205	星期五
42	300443	金雷股份	1家机构卖出，成功率35.49	34.04	-15.74	2755.68	8115.10	5359.42	13474.52	83597.14	3.30	16.12	14.55	54	日跌幅达到15的前5只证券	20210205	星期五
43	300529	健帆生物	1家机构买入，成功率44.61	90.54	16.59	4676.12	42229.99	37553.87	79783.85	176400.53	2.65	45.23	4.22	418	日涨幅达到15的前5只证券	20210205	星期五
44	300543	朗科智能	上海资金卖出，成功率20.00	13.07	-15.40	-647.98	1502.95	2150.94	3653.89	18284.47	-3.54	19.98	8.44	21	日跌幅达到15的前5只证券	20210205	星期五
45	300551	古鳌科技	浙江资金卖出，成功率30.34	20.94	-20.02	-1300.66	3816.20	5116.86	8933.06	21692.06	-6.00	41.18	6.49	30	日跌幅达到15的前5只证券	20210205	星期五
46	300551	古鳌科技	浙江资金卖出，成功率30.34	20.94	-20.02	-1300.66	3816.20	5116.86	8933.06	21692.06	-6.00	41.18	6.49	30	日振幅值达到30的前5只证券	20210205	星期五
47	300846	首都在线	1家机构卖出，成功率30.51	25.08	-10.84	-4022.95	2396.23	6419.18	8815.42	52941.30	-7.60	16.65	37.80	13	日换手率达到30的前5只证券	20210205	星期五
48	300859	西域旅游	1家机构买入，成功率42.03	16.97	20.01	-36.31	2203.15	2239.45	4442.60	16893.68	-0.21	26.30	27.41	7	日涨幅达到15的前5只证券	20210205	星期五
49	300906	日月明	1家机构卖出，成功率43.15	41.67	-9.37	495.19	2128.62	1633.43	3762.05	27092.14	1.83	13.89	30.96	8	日换手率达到30的前5只证券	20210205	星期五
50	300933	中辰股份	西藏自治区资金卖出，成功率28.46	11.50	-9.45	692.22	2775.72	2083.50	4859.22	37846.25	1.83	12.84	36.23	10	日换手率达到30的前5只证券	20210205	星期五
51	300937	药易购	西藏自治区资金卖出，成功率26.58	81.68	-14.02	39.77	5660.86	5621.09	11281.96	82595.72	0.05	13.66	40.55	19	日换手率达到30的前5只证券	20210205	星期五
52	300939	秋田微	西藏自治区资金卖出，成功率33.01	75.57	-15.99	-467.60	5290.69	5758.28	11048.97	71169.74	-0.66	15.52	43.62	15	日跌幅达到15的前5只证券	20210205	星期五
53	300939	秋田微	西藏自治区资金卖出，成功率33.01	75.57	-15.99	-467.60	5290.69	5758.28	11048.97	71169.74	-0.66	15.52	43.62	15	日换手率达到30的前5只证券	20210205	星期五
