1	000155	川能动力	1家机构买入，成功率39.90	15.52	9.99	2387.98	27170.73	24782.75	51953.48	255173.53	0.94	20.36	13.47	197	日涨幅偏离值达到7的前5只证券	20210209	星期二
2	000408	*ST藏格	1家机构卖出，成功率36.67	8.06	-1.59	-3030.59	4116.10	7146.69	11262.78	32823.04	-9.23	34.31	2.39	38	连续三个交易日内，跌幅偏离值累计达到12的ST证券、*ST证券和未完成股改证券	20210209	星期二
3	000423	东阿阿胶	2家机构买入，成功率38.32	42.59	9.99	14967.56	25619.63	10652.07	36271.70	75383.70	19.86	48.12	2.80	278	日涨幅偏离值达到7的前5只证券	20210209	星期二
4	000626	远大控股	上海资金卖出，成功率42.49	15.78	-4.71	2778.55	9024.03	6245.49	15269.52	28727.55	9.67	53.15	3.56	73	日振幅值达到15的前5只证券	20210209	星期二
5	000626	远大控股	上海资金卖出，成功率42.49	15.78	-4.71	2778.55	9024.03	6245.49	15269.52	28727.55	9.67	53.15	3.56	73	日跌幅偏离值达到7的前5只证券	20210209	星期二
6	000633	合金投资	实力游资卖出，成功率17.08	6.44	-10.06	-169.17	1191.59	1360.76	2552.35	6890.16	-2.46	37.04	2.78	25	日跌幅偏离值达到7的前5只证券	20210209	星期二
7	000633	合金投资	实力游资卖出，成功率38.30	6.44	-10.06	-1384.97	2221.50	3606.47	5827.98	29899.60	-4.63	19.49	2.78	25	连续三个交易日内，跌幅偏离值累计达到20的证券	20210209	星期二
8	000711	京蓝科技	实力游资买入，成功率12.67	2.26	10.24	552.82	1269.30	716.48	1985.78	7032.88	7.86	28.24	0.27	19	连续三个交易日内，涨幅偏离值累计达到20的证券	20210209	星期二
9	000863	三湘印象	广东资金卖出，成功率43.18	3.73	-5.09	-580.51	1555.45	2135.96	3691.42	7740.79	-7.50	47.69	1.79	44	日跌幅偏离值达到7的前5只证券	20210209	星期二
10	000863	三湘印象	主力做T，成功率37.81	3.73	-5.09	-257.84	4155.37	4413.21	8568.58	20370.74	-1.27	42.06	1.79	44	连续三个交易日内，跌幅偏离值累计达到20的证券	20210209	星期二
11	000890	*ST胜尔	实力游资买入，成功率51.31	5.39	5.07	-48.24	904.35	952.59	1856.94	6898.36	-0.70	26.92	0.41	20	连续三个交易日内，涨幅偏离值累计达到12的ST证券、*ST证券和未完成股改证券	20210209	星期二
12	000892	欢瑞世纪	1家机构买入，成功率42.52	2.89	9.89	2.31	3374.97	3372.66	6747.64	20316.87	0.01	33.21	3.36	16	连续三个交易日内，涨幅偏离值累计达到20的证券	20210209	星期二
13	000908	景峰医药	实力游资卖出，成功率42.57	4.44	-2.20	-2688.15	3638.43	6326.58	9965.00	54710.83	-4.91	18.21	17.49	32	日振幅值达到15的前5只证券	20210209	星期二
14	000933	神火股份	1家机构买入，成功率41.89	8.01	10.03	3886.15	18658.49	14772.34	33430.83	93029.86	4.18	35.94	6.26	152	日涨幅偏离值达到7的前5只证券	20210209	星期二
15	000933	神火股份	主力做T，成功率35.14	8.01	10.03	-4136.25	33632.31	37768.56	71400.87	238658.63	-1.73	29.92	6.26	152	连续三个交易日内，涨幅偏离值累计达到20的证券	20210209	星期二
16	000951	中国重汽	2家机构买入，成功率44.51	46.20	10.00	90.29	20083.63	19993.35	40076.98	102314.85	0.09	39.17	3.46	310	日涨幅偏离值达到7的前5只证券	20210209	星期二
17	000963	华东医药	2家机构买入，成功率39.99	27.79	10.02	17016.04	28880.42	11864.38	40744.79	97257.99	17.50	41.89	2.06	486	日涨幅偏离值达到7的前5只证券	20210209	星期二
18	000971	*ST高升	卖一主卖，成功率30.00	2.72	-4.90	-1328.57	520.71	1849.28	2369.99	6063.96	-21.91	39.08	2.67	22	日跌幅偏离值达到7的前5只证券	20210209	星期二
19	000985	大庆华科	1家机构卖出，成功率23.29	12.28	-8.36	-1549.71	594.56	2144.27	2738.83	7548.44	-20.53	36.28	4.75	16	日跌幅偏离值达到7的前5只证券	20210209	星期二
20	002008	大族激光	1家机构买入，成功率43.32	47.85	10.00	32397.41	57501.56	25104.15	82605.71	167244.90	19.37	49.39	3.63	476	日涨幅偏离值达到7的前5只证券	20210209	星期二
21	002230	科大讯飞	1家机构买入，成功率35.65	48.69	10.01	18042.48	56755.36	38712.88	95468.23	280626.71	6.43	34.02	2.90	987	日涨幅偏离值达到7的前5只证券	20210209	星期二
22	002289	ST宇顺	实力游资卖出，成功率21.73	6.59	-5.04	-343.27	513.61	856.89	1370.50	2424.50	-14.16	56.53	1.42	17	日跌幅偏离值达到7的前5只证券	20210209	星期二
23	002289	ST宇顺	实力游资卖出，成功率21.73	6.59	-5.04	-343.27	513.61	856.89	1370.50	2558.44	-13.42	53.57	1.42	17	连续三个交易日内，跌幅偏离值累计达到12的ST证券、*ST证券	20210209	星期二
24	002331	皖通科技	实力游资卖出，成功率25.33	13.55	-10.03	-2369.30	1316.97	3686.28	5003.25	7982.64	-29.68	62.68	1.54	52	日跌幅偏离值达到7的前5只证券	20210209	星期二
25	002356	*ST赫美	实力游资卖出，成功率74.80	1.03	-1.90	-212.23	270.70	482.93	753.62	1403.98	-15.12	53.68	0.82	5	连续三个交易日内，跌幅偏离值累计达到12的ST证券、*ST证券	20210209	星期二
26	002532	天山铝业	主力做T，成功率49.10	10.21	10.02	-17501.97	11492.85	28994.82	40487.66	116107.49	-15.07	34.87	27.39	44	日涨幅偏离值达到7的前5只证券	20210209	星期二
27	002532	天山铝业	主力做T，成功率49.10	10.21	10.02	-17501.97	11492.85	28994.82	40487.66	116107.49	-15.07	34.87	27.39	44	日换手率达到20的前5只证券	20210209	星期二
28	002577	雷柏科技	1家机构卖出，成功率42.23	10.16	-8.30	-731.84	652.52	1384.36	2036.88	8325.92	-8.79	24.46	2.90	29	日跌幅偏离值达到7的前5只证券	20210209	星期二
29	002612	朗姿股份	1家机构买入，成功率36.37	23.98	0.00	2245.95	8845.79	6599.83	15445.62	98444.62	2.28	15.69	15.94	63	日振幅值达到15的前5只证券	20210209	星期二
30	002663	普邦股份	主力做T，成功率16.60	1.69	2.42	651.63	2238.83	1587.20	3826.03	9045.54	7.20	42.30	4.16	22	日振幅值达到15的前5只证券	20210209	星期二
31	002677	浙江美大	1家机构卖出，成功率34.98	17.72	-3.96	-2496.95	26858.23	29355.18	56213.40	107660.31	-2.32	52.21	7.62	50	连续三个交易日内，跌幅偏离值累计达到20的证券	20210209	星期二
32	002684	ST猛狮	实力游资卖出，成功率32.01	1.70	-5.03	-724.84	380.42	1105.26	1485.69	4637.43	-15.63	32.04	2.31	7	连续三个交易日内，跌幅偏离值累计达到12的ST证券、*ST证券	20210209	星期二
33	003000	华文食品	2家机构买入，成功率50.53	18.00	2.86	-1009.28	3420.66	4429.94	7850.59	32922.69	-3.07	23.85	46.54	7	日换手率达到20的前5只证券	20210209	星期二
34	003003	天元股份	卖一主卖，成功率35.38	13.67	-7.95	-1395.26	1846.48	3241.74	5088.22	16384.53	-8.52	31.06	26.66	6	日跌幅偏离值达到7的前5只证券	20210209	星期二
35	003003	天元股份	实力游资卖出，成功率51.09	13.67	-7.95	-3906.64	3242.83	7149.47	10392.30	41790.39	-9.35	24.87	26.66	6	连续三个交易日内，跌幅偏离值累计达到20的证券	20210209	星期二
36	003003	天元股份	卖一主卖，成功率35.38	13.67	-7.95	-1395.26	1846.48	3241.74	5088.22	16384.53	-8.52	31.06	26.66	6	日换手率达到20的前5只证券	20210209	星期二
37	003022	联泓新科	实力游资买入，成功率34.45	34.73	10.01	4391.61	9227.77	4836.17	14063.94	55766.54	7.87	25.22	11.22	51	日涨幅偏离值达到7的前5只证券	20210209	星期二
38	003031	中瓷电子	2家机构卖出，成功率13.36	57.88	-6.43	-2494.95	2083.44	4578.39	6661.83	31648.42	-7.88	21.05	20.09	15	日跌幅偏离值达到7的前5只证券	20210209	星期二
39	003035	南网能源	实力游资买入，成功率24.06	8.14	10.00	4938.21	24783.13	19844.92	44628.05	254384.35	1.94	17.54	43.40	62	日涨幅偏离值达到7的前5只证券	20210209	星期二
40	003035	南网能源	实力游资买入，成功率24.06	8.14	10.00	4938.21	24783.13	19844.92	44628.05	254384.35	1.94	17.54	43.40	62	日换手率达到20的前5只证券	20210209	星期二
41	003035	南网能源	主力做T，成功率35.16	8.14	10.00	32770.03	64065.92	31295.89	95361.82	686814.15	4.77	13.88	43.40	62	连续三个交易日内，涨幅偏离值累计达到20的证券	20210209	星期二
42	003036	泰坦股份	卖一主卖，成功率32.78	12.63	-3.95	-338.45	2635.66	2974.12	5609.78	33821.62	-1.00	16.59	51.07	7	日换手率达到20的前5只证券	20210209	星期二
43	003036	泰坦股份	主力做T，成功率35.46	12.63	-3.95	763.49	5197.58	4434.09	9631.66	44387.07	1.72	21.70	51.07	7	连续三个交易日内，日均换手率与前五个交易日的日均换手率的比值达到30倍，且换手率累计达20的证券	20210209	星期二
44	003037	三和管桩	买一主买，成功率54.44	12.23	9.98	779.52	807.85	28.33	836.17	807.85	96.49	103.51	0.30	8	连续三个交易日内，涨幅偏离值累计达到20的证券	20210209	星期二
45	300323	华灿光电	买一主买，成功率33.29	17.24	15.55	-1916.51	21580.99	23497.50	45078.49	92113.50	-2.08	48.94	6.62	144	日涨幅达到15的前5只证券	20210209	星期二
46	300641	正丹股份	1家机构买入，成功率47.21	5.88	20.00	900.59	2756.60	1856.01	4612.62	15422.39	5.84	29.91	5.80	29	日涨幅达到15的前5只证券	20210209	星期二
47	300859	西域旅游	3家机构卖出，成功率44.56	17.29	-1.65	2002.70	4430.35	2427.66	6858.01	21264.98	9.42	32.25	32.30	7	日换手率达到30的前5只证券	20210209	星期二
48	300896	爱美客	2家机构买入，成功率29.87	1088.40	20.00	14105.68	55402.76	41297.08	96699.84	288923.43	4.88	33.47	10.66	283	日涨幅达到15的前5只证券	20210209	星期二
49	300936	中英科技	主力做T，成功率70.00	47.46	-11.16	-919.60	360395.35	361314.95	721710.29	181459.46	-0.51	397.73	25.45	9	严重异常期间日收盘价格跌幅偏离值累计达到50的证券	20210209	星期二
50	300937	药易购	1家机构卖出，成功率28.92	65.22	-18.46	-4164.54	3761.40	7925.95	11687.35	70648.27	-5.89	16.54	43.56	15	日跌幅达到15的前5只证券	20210209	星期二
51	300937	药易购	1家机构卖出，成功率28.92	65.22	-18.46	-4164.54	3761.40	7925.95	11687.35	70648.27	-5.89	16.54	43.56	15	日换手率达到30的前5只证券	20210209	星期二
52	300937	药易购	西藏自治区资金卖出，成功率27.53	65.22	-18.46	-133.29	13616.16	13749.45	27365.61	227170.64	-0.06	12.05	43.56	15	连续三个交易日内，跌幅偏离值累计达到30的证券	20210209	星期二
53	300939	秋田微	主力做T，成功率34.29	62.73	-8.16	-181.96	3464.34	3646.30	7110.65	47140.39	-0.39	15.08	36.63	13	日换手率达到30的前5只证券	20210209	星期二
54	300939	秋田微	主力做T，成功率70.00	62.73	-8.16	-1117.74	514260.33	515378.07	1029638.40	260026.38	-0.43	395.97	36.63	13	严重异常期间日收盘价格跌幅偏离值累计达到50的证券	20210209	星期二
55	300941	创识科技	西藏自治区资金买入，成功率25.39	59.56	179.49	5708.15	9988.08	4279.93	14268.00	146139.23	3.91	9.76	67.15	19	无价格涨跌幅限制的证券	20210209	星期二
56	300942	易瑞生物	西藏自治区资金买入，成功率25.58	36.04	578.72	3223.59	5944.92	2721.33	8666.25	107198.60	3.01	8.08	72.92	14	无价格涨跌幅限制的证券	20210209	星期二
57	600055	万东医疗	实力游资买入，成功率40.51	15.31	9.99	5269.21	13723.47	8454.26	22177.73	112914.41	4.67	19.64	14.44	83	有价格涨跌幅限制的日价格振幅达到15的前三只证券	20210209	星期二
58	600086	退市金钰	卖一主卖，成功率48.52	0.21	-4.55	-579.71	760.37	1340.08	2100.46	4071.09	-14.24	51.59	18.98	2	退市整理的证券	20210209	星期二
59	600356	恒丰纸业	1家机构卖出，成功率42.67	7.87	-4.14	979.82	2540.21	1560.38	4100.59	18258.60	5.37	22.46	2.22	24	非ST、*ST和S证券连续三个交易日内收盘价格跌幅偏离值累计达到20的证券	20210209	星期二
60	600496	精工钢构	实力游资买入，成功率43.77	5.45	10.10	4332.07	7749.16	3417.09	11166.26	34814.49	12.44	32.07	4.31	82	有价格涨跌幅限制的日收盘价格涨幅偏离值达到7的前三只证券	20210209	星期二
61	600687	退市刚泰	买一主买，成功率39.72	0.29	0.00	8.94	108.49	99.55	208.04	218.76	4.09	95.10	0.52	4	退市整理的证券	20210209	星期二
62	600722	金牛化工	实力游资买入，成功率37.38	4.69	10.09	2307.42	3429.30	1121.88	4551.18	16542.70	13.95	27.51	1.35	32	非ST、*ST和S证券连续三个交易日内收盘价格涨幅偏离值累计达到20的证券	20210209	星期二
63	600793	宜宾纸业	西藏自治区资金卖出，成功率32.72	12.32	-8.81	3366.83	5274.91	1908.07	7182.98	25421.44	13.24	28.26	11.68	22	有价格涨跌幅限制的日收盘价格跌幅偏离值达到7的前三只证券	20210209	星期二
64	600805	悦达投资	买一主买，成功率30.19	3.48	0.58	-4407.73	4084.47	8492.20	12576.67	36457.06	-12.09	34.50	1.94	30	非ST、*ST和S证券连续三个交易日内收盘价格跌幅偏离值累计达到20的证券	20210209	星期二
65	601880	辽港股份	实力游资卖出，成功率42.79	1.73	-9.90	-1804.19	1632.99	3437.18	5070.17	16728.15	-10.79	30.31	0.55	302	有价格涨跌幅限制的日收盘价格跌幅偏离值达到7的前三只证券	20210209	星期二
66	601963	重庆银行	实力游资卖出，成功率37.46	13.51	-3.77	3911.34	15035.38	11124.05	26159.43	179667.73	2.18	14.56	40.05	47	有价格涨跌幅限制的日换手率达到20的前三只证券	20210209	星期二
67	603023	威帝股份	江苏资金买入，成功率46.64	4.25	10.10	473.89	1123.37	649.48	1772.85	4355.60	10.88	40.70	1.89	24	有价格涨跌幅限制的日价格振幅达到15的前三只证券	20210209	星期二
68	603023	威帝股份	江苏资金买入，成功率46.64	4.25	10.10	473.89	1123.37	649.48	1772.85	4355.60	10.88	40.70	1.89	24	有价格涨跌幅限制的日收盘价格涨幅偏离值达到7的前三只证券	20210209	星期二
69	603100	川仪股份	实力游资买入，成功率36.00	14.19	5.50	2260.15	4525.85	2265.70	6791.55	25287.34	8.94	26.86	4.50	56	有价格涨跌幅限制的日价格振幅达到15的前三只证券	20210209	星期二
70	603399	吉翔股份	买一主买，成功率26.77	3.58	10.15	338.78	667.17	328.39	995.56	1566.28	21.63	63.56	0.90	18	有价格涨跌幅限制的日收盘价格涨幅偏离值达到7的前三只证券	20210209	星期二
71	603976	正川股份	实力游资卖出，成功率37.98	40.35	-9.99	-9.46	615.41	624.87	1240.28	6969.99	-0.14	17.79	1.14	61	有价格涨跌幅限制的日收盘价格跌幅偏离值达到7的前三只证券	20210209	星期二
72	603976	正川股份	实力游资卖出，成功率34.76	40.35	-9.99	-319.94	1683.13	2003.06	3686.19	25625.31	-1.25	14.38	1.14	61	非ST、*ST和S证券连续三个交易日内收盘价格跌幅偏离值累计达到20的证券	20210209	星期二
73	605018	长华股份	实力游资买入，成功率43.11	18.68	10.01	-35.84	4468.83	4504.67	8973.50	39020.90	-0.09	23.00	53.49	8	有价格涨跌幅限制的日换手率达到20的前三只证券	20210209	星期二
74	605055	迎丰股份	实力游资卖出，成功率41.87	8.28	-3.72	-1418.79	7060.30	8479.09	15539.40	88225.68	-1.61	17.61	28.45	7	非ST、*ST和S证券连续三个交易日内收盘价格跌幅偏离值累计达到20的证券	20210209	星期二
75	605077	N华康	买一主买，成功率48.89	74.35	44.01	4555.24	4679.41	124.16	4803.57	4679.41	97.35	102.65	2.16	22	当日无价格涨跌幅限制的A股，出现异常波动停牌的	20210209	星期二
76	605077	N华康	买一主买，成功率48.89	74.35	44.01	4555.24	4679.41	124.16	4803.57	4679.41	97.35	102.65	2.16	22	无价格涨跌幅限制的证券	20210209	星期二
77	605081	N太和水	实力游资买入，成功率27.27	58.12	34.23	1754.41	2937.95	1183.54	4121.49	40762.50	4.30	10.11	34.78	11	当日无价格涨跌幅限制的A股，出现异常波动停牌的	20210209	星期二
78	605081	N太和水	实力游资买入，成功率27.27	58.12	34.23	1754.41	2937.95	1183.54	4121.49	40762.50	4.30	10.11	34.78	11	无价格涨跌幅限制的证券	20210209	星期二
79	605155	西大门	实力游资买入，成功率34.34	25.55	0.27	-754.33	1749.29	2503.62	4252.91	22195.59	-3.40	19.16	36.17	6	有价格涨跌幅限制的日换手率达到20的前三只证券	20210209	星期二
80	688177	百奥泰	北京资金卖出，成功率28.57	25.03	-18.73	-1702.33	1871.45	3573.78	5445.23	17827.08	-9.55	30.54	11.86	15	有价格涨跌幅限制的日收盘价格跌幅达到15的前五只证券	20210209	星期二
81	688363	华熙生物	1家机构买入，成功率42.54	207.98	16.29	3588.51	20758.16	17169.65	37927.81	110684.51	3.24	34.27	5.96	194	有价格涨跌幅限制的日收盘价格涨幅达到15的前五只证券	20210209	星期二
82	900938	海科B	上海资金买入，成功率36.25	0.20	8.84	-2.88	10.39	13.27	23.66	51.41	-5.59	46.02	0.81	1	有价格涨跌幅限制的日收盘价格涨幅偏离值达到7的前三只证券	20210209	星期二
83	900957	凌云B股	实力游资买入，成功率46.86	0.70	10.02	48.25	75.48	27.23	102.70	166.24	29.03	61.78	1.31	1	有价格涨跌幅限制的日收盘价格涨幅偏离值达到7的前三只证券	20210209	星期二
