1	000422	ST宜化	买一主买，成功率33.66	3.76	5.03	112.72	3615.98	3503.26	7119.24	19163.29	0.59	37.15	2.35	34	连续三个交易日内，涨幅偏离值累计达到12的ST证券、*ST证券和未完成股改证券	20210224	星期三
2	000568	泸州老窖	上海资金卖出，成功率48.90	247.01	-10.00	-23462.70	140319.66	163782.36	304102.02	689004.13	-3.41	44.14	1.86	3617	日跌幅偏离值达到7的前5只证券	20210224	星期三
3	000587	*ST金洲	新疆维吾尔自治区资金买入，成功率36.67	1.38	5.34	337.12	1270.42	933.30	2203.73	4227.80	7.97	52.12	1.18	17	连续三个交易日内，涨幅偏离值累计达到12的ST证券、*ST证券和未完成股改证券	20210224	星期三
4	000673	*ST当代	浙江资金买入，成功率41.50	1.85	5.11	916.24	2711.32	1795.08	4506.39	9707.17	9.44	46.42	4.39	15	连续三个交易日内，涨幅偏离值累计达到12的ST证券、*ST证券和未完成股改证券	20210224	星期三
5	000676	智度股份	实力游资买入，成功率42.41	5.36	10.06	-457.99	4584.47	5042.46	9626.93	26034.91	-1.76	36.98	4.91	55	日涨幅偏离值达到7的前5只证券	20210224	星期三
6	000718	苏宁环球	1家机构买入，成功率44.70	4.57	10.12	3810.14	14094.06	10283.92	24377.98	67264.26	5.66	36.24	6.55	105	日涨幅偏离值达到7的前5只证券	20210224	星期三
7	000812	陕西金叶	买一主买，成功率50.60	4.16	10.05	4324.89	7182.41	2857.52	10039.93	40628.53	10.64	24.71	15.12	28	日涨幅偏离值达到7的前5只证券	20210224	星期三
8	000818	航锦科技	买一主买，成功率44.28	22.56	10.00	-2731.13	13149.30	15880.43	29029.73	68331.06	-4.00	42.48	4.47	153	日涨幅偏离值达到7的前5只证券	20210224	星期三
9	000889	中嘉博创	1家机构买入，成功率60.50	6.45	6.97	4534.40	11704.81	7170.42	18875.23	67916.55	6.68	27.79	4.76	56	连续三个交易日内，涨幅偏离值累计达到20的证券	20210224	星期三
10	000918	嘉凯城	2家机构买入，成功率33.36	7.56	10.04	206.10	4512.20	4306.10	8818.29	30137.65	0.68	29.26	2.25	136	日涨幅偏离值达到7的前5只证券	20210224	星期三
11	000953	*ST河化	浙江资金买入，成功率59.95	4.78	5.05	-68.81	640.50	709.31	1349.81	2863.19	-2.40	47.14	1.10	14	连续三个交易日内，涨幅偏离值累计达到12的ST证券、*ST证券和未完成股改证券	20210224	星期三
12	000960	锡业股份	1家机构买入，成功率42.54	18.00	2.27	-69043.13	78434.26	147477.39	225911.64	811410.80	-8.51	27.84	12.36	300	连续三个交易日内，涨幅偏离值累计达到20的证券	20210224	星期三
13	002026	山东威达	2家机构买入，成功率63.86	9.76	10.03	2270.41	5976.23	3705.83	9682.06	27633.85	8.22	35.04	6.82	41	日涨幅偏离值达到7的前5只证券	20210224	星期三
14	002044	美年健康	2家机构卖出，成功率47.57	16.63	-10.01	-4897.69	25200.51	30098.20	55298.71	153025.36	-3.20	36.14	2.33	637	日跌幅偏离值达到7的前5只证券	20210224	星期三
15	002092	中泰化学	1家机构卖出，成功率45.45	11.08	-9.99	-30058.66	28403.98	58462.64	86866.61	210901.72	-14.25	41.19	8.59	238	日跌幅偏离值达到7的前5只证券	20210224	星期三
16	002109	兴化股份	主力做T，成功率47.29	5.37	10.04	-2458.24	6963.55	9421.79	16385.34	70760.86	-3.47	23.16	13.06	57	日涨幅偏离值达到7的前5只证券	20210224	星期三
17	002109	兴化股份	买一主买，成功率43.88	5.37	10.04	3497.65	14492.89	10995.23	25488.12	102954.10	3.40	24.76	13.06	57	连续三个交易日内，涨幅偏离值累计达到20的证券	20210224	星期三
18	002147	*ST新光	主力做T，成功率24.30	1.12	4.67	-181.72	1251.84	1433.56	2685.40	6113.09	-2.97	43.93	5.05	6	连续三个交易日内，涨幅偏离值累计达到12的ST证券、*ST证券	20210224	星期三
19	002175	ST东网	实力游资买入，成功率19.21	1.14	4.59	-559.83	1440.62	2000.44	3441.06	7769.68	-7.21	44.29	4.13	9	连续三个交易日内，涨幅偏离值累计达到12的ST证券、*ST证券	20210224	星期三
20	002319	*ST乐通	浙江资金买入，成功率54.76	7.98	2.57	-42.46	649.70	692.16	1341.87	3064.00	-1.39	43.79	0.76	16	连续三个交易日内，涨幅偏离值累计达到12的ST证券、*ST证券	20210224	星期三
21	002353	杰瑞股份	3家机构卖出，成功率49.24	44.01	-10.00	-10065.42	27649.94	37715.35	65365.29	126838.45	-7.94	51.53	4.62	265	日跌幅偏离值达到7的前5只证券	20210224	星期三
22	002378	章源钨业	1家机构买入，成功率40.60	7.61	9.97	1873.26	8833.63	6960.36	15793.99	78070.46	2.40	20.23	11.75	70	日涨幅偏离值达到7的前5只证券	20210224	星期三
23	002487	大金重工	4家机构买入，成功率46.01	8.75	10.06	3554.07	9236.56	5682.49	14919.04	41662.25	8.53	35.81	8.99	47	日涨幅偏离值达到7的前5只证券	20210224	星期三
24	002493	荣盛石化	3家机构卖出，成功率49.58	35.53	-10.01	-5570.23	59778.57	65348.80	125127.37	290732.00	-1.92	43.04	1.36	2067	日跌幅偏离值达到7的前5只证券	20210224	星期三
25	002532	天山铝业	1家机构买入，成功率43.58	12.80	1.59	-2370.61	12672.26	15042.88	27715.14	161276.85	-1.47	17.18	30.87	55	日振幅值达到15的前5只证券	20210224	星期三
26	002532	天山铝业	1家机构买入，成功率43.58	12.80	1.59	-2370.61	12672.26	15042.88	27715.14	161276.85	-1.47	17.18	30.87	55	日换手率达到20的前5只证券	20210224	星期三
27	002647	仁东控股	广东资金买入，成功率42.61	8.62	9.95	7263.77	10837.23	3573.47	14410.70	53237.33	13.64	27.07	11.26	48	日涨幅偏离值达到7的前5只证券	20210224	星期三
28	002648	卫星石化	1家机构卖出，成功率47.02	42.62	-9.99	3242.37	17232.09	13989.72	31221.81	88158.33	3.68	35.42	1.86	454	日跌幅偏离值达到7的前5只证券	20210224	星期三
29	002684	ST猛狮	买一主买，成功率36.81	2.22	5.21	-204.92	281.62	486.54	768.16	2506.99	-8.17	30.64	0.41	10	连续三个交易日内，涨幅偏离值累计达到12的ST证券、*ST证券	20210224	星期三
30	002811	郑中设计	1家机构买入，成功率43.71	9.26	9.98	1106.94	2518.93	1411.99	3930.92	9453.51	11.71	41.58	2.76	23	连续三个交易日内，涨幅偏离值累计达到20的证券	20210224	星期三
31	002819	东方中科	1家机构卖出，成功率35.13	34.65	-7.58	-1938.29	1550.00	3488.29	5038.28	15093.07	-12.84	33.38	2.94	48	日振幅值达到15的前5只证券	20210224	星期三
32	002998	优彩资源	卖一主卖，成功率48.67	12.40	-10.01	-1485.67	2099.88	3585.56	5685.44	25123.94	-5.91	22.63	24.16	10	日换手率达到20的前5只证券	20210224	星期三
33	003032	传智教育	卖一主卖，成功率46.29	22.81	-7.61	-1381.11	2730.22	4111.33	6841.55	20913.25	-6.60	32.71	22.98	9	日换手率达到20的前5只证券	20210224	星期三
34	003035	南网能源	1家机构卖出，成功率33.52	5.81	-5.99	751.64	9620.36	8868.73	18489.09	100486.55	0.75	18.40	22.24	44	日换手率达到20的前5只证券	20210224	星期三
35	003037	三和管桩	西藏自治区资金卖出，成功率35.72	12.48	-5.67	141.95	1224.49	1082.54	2307.03	19988.00	0.71	11.54	23.19	8	日换手率达到20的前5只证券	20210224	星期三
36	003038	鑫铂股份	实力游资买入，成功率71.76	41.93	9.99	1513.36	1553.54	40.18	1593.72	1586.12	95.41	100.48	1.06	11	连续三个交易日内，涨幅偏离值累计达到20的证券	20210224	星期三
37	200029	深深房B	广东资金买入，成功率32.75	3.23	6.60	-7.21	106.06	113.27	219.33	397.74	-1.81	55.14	1.25	3	日涨幅偏离值达到7的前5只证券	20210224	星期三
38	200056	皇庭B	广东资金买入，成功率27.33	1.42	10.08	25.11	94.03	68.91	162.94	246.08	10.21	66.22	0.86	3	日涨幅偏离值达到7的前5只证券	20210224	星期三
39	200488	晨鸣B	广东资金卖出，成功率51.00	5.78	-9.83	16.67	3503.90	3487.23	6991.14	12511.99	0.13	55.88	3.52	34	日跌幅偏离值达到7的前5只证券	20210224	星期三
40	200550	江铃B	广东资金买入，成功率35.00	7.94	5.59	-15.58	121.59	137.17	258.76	568.23	-2.74	45.54	0.25	23	日涨幅偏离值达到7的前5只证券	20210224	星期三
41	300071	华谊嘉信	1家机构买入，成功率45.78	2.50	20.19	308.15	3332.91	3024.76	6357.66	15580.64	1.98	40.80	10.21	16	日涨幅达到15的前5只证券	20210224	星期三
42	300102	乾照光电	实力游资买入，成功率47.89	5.82	20.00	3885.05	5470.71	1585.66	7056.37	24961.32	15.56	28.27	6.48	41	日涨幅达到15的前5只证券	20210224	星期三
43	300278	华昌达	1家机构买入，成功率42.23	4.39	19.95	3424.02	6385.17	2961.16	9346.33	39110.20	8.75	23.90	23.22	18	日涨幅达到15的前5只证券	20210224	星期三
44	300293	蓝英装备	买一主买，成功率33.33	13.86	20.00	-373.69	5154.29	5527.99	10682.28	44239.84	-0.84	24.15	12.28	37	日涨幅达到15的前5只证券	20210224	星期三
45	300312	邦讯技术	实力游资买入，成功率47.37	5.44	7.94	125.75	2348.89	2223.14	4572.03	38978.23	0.32	11.73	35.08	11	日振幅值达到30的前5只证券	20210224	星期三
46	300312	邦讯技术	实力游资买入，成功率47.37	5.44	7.94	125.75	2348.89	2223.14	4572.03	38978.23	0.32	11.73	35.08	11	日换手率达到30的前5只证券	20210224	星期三
47	300312	邦讯技术	实力游资买入，成功率33.88	5.44	7.94	-198.28	4162.66	4360.95	8523.61	74572.11	-0.27	11.43	35.08	11	连续三个交易日内，涨幅偏离值累计达到30的证券	20210224	星期三
48	300410	正业科技	广东资金买入，成功率51.55	7.92	9.24	211.13	4354.22	4143.08	8497.30	64862.79	0.33	13.10	15.94	29	连续三个交易日内，涨幅偏离值累计达到30的证券	20210224	星期三
49	300549	优德精密	1家机构买入，成功率37.65	20.11	19.99	2916.99	4765.84	1848.85	6614.68	16693.29	17.47	39.62	8.71	20	日涨幅达到15的前5只证券	20210224	星期三
50	300859	西域旅游	4家机构卖出，成功率33.59	20.81	-0.90	-1750.44	2147.89	3898.33	6046.22	26286.30	-6.66	23.00	31.71	8	日换手率达到30的前5只证券	20210224	星期三
51	300927	江天化学	1家机构卖出，成功率29.34	35.33	-8.38	-2511.57	1706.21	4217.77	5923.98	32785.71	-7.66	18.07	48.30	7	日换手率达到30的前5只证券	20210224	星期三
52	300937	药易购	主力做T，成功率33.06	88.05	-3.40	-1070.74	4006.16	5076.90	9083.06	70333.54	-1.52	12.91	34.15	20	日换手率达到30的前5只证券	20210224	星期三
53	300945	曼卡龙	西藏自治区资金卖出，成功率31.37	26.94	-3.27	216.65	4048.62	3831.97	7880.59	55941.63	0.39	14.09	41.57	13	日换手率达到30的前5只证券	20210224	星期三
54	600086	退市金钰	实力游资买入，成功率40.89	0.20	5.26	-132.80	95.92	228.72	324.64	404.30	-32.85	80.30	1.96	2	退市整理的证券	20210224	星期三
55	600146	*ST环球	上海资金买入，成功率14.02	1.26	5.00	96.89	675.00	578.11	1253.10	6082.73	1.59	20.60	4.99	6	ST、*ST和S证券连续三个交易日内收盘价格涨幅偏离值累计达到15的证券	20210224	星期三
56	600191	华资实业	1家机构买入，成功率39.68	3.72	10.06	415.71	1444.23	1028.52	2472.74	15133.01	2.75	16.34	8.77	18	有价格涨跌幅限制的日收盘价格涨幅偏离值达到7的前三只证券	20210224	星期三
57	600489	中金黄金	1家机构卖出，成功率45.12	9.98	-0.70	19174.11	84485.50	65311.38	149796.88	554823.92	3.46	27.00	5.26	365	非ST、*ST和S证券连续三个交易日内收盘价格涨幅偏离值累计达到20的证券	20210224	星期三
58	600518	ST康美	实力游资买入，成功率56.27	2.25	5.14	394.96	1829.85	1434.89	3264.74	18346.49	2.15	17.79	0.37	99	ST、*ST和S证券连续三个交易日内收盘价格涨幅偏离值累计达到15的证券	20210224	星期三
59	600687	退市刚泰	实力游资卖出，成功率11.94	0.30	-3.23	-19.29	119.98	139.27	259.26	541.17	-3.56	47.91	1.20	4	退市整理的证券	20210224	星期三
60	600695	绿庭投资	买一主买，成功率52.72	4.25	10.10	1422.46	2194.85	772.39	2967.24	9951.95	14.29	29.82	6.60	16	有价格涨跌幅限制的日收盘价格涨幅偏离值达到7的前三只证券	20210224	星期三
61	600714	金瑞矿业	实力游资买入，成功率29.51	6.51	9.97	986.93	2600.08	1613.15	4213.23	10433.77	9.46	40.38	2.19	19	非ST、*ST和S证券连续三个交易日内收盘价格涨幅偏离值累计达到20的证券	20210224	星期三
62	600763	通策医疗	5家机构卖出，成功率45.29	295.20	-10.00	-26090.22	46067.66	72157.88	118225.54	235253.96	-11.09	50.25	2.40	947	有价格涨跌幅限制的日收盘价格跌幅偏离值达到7的前三只证券	20210224	星期三
63	600763	通策医疗	4家机构卖出，成功率44.36	295.20	-10.00	-43517.22	97902.68	141419.89	239322.57	605192.87	-7.19	39.54	2.40	947	非ST、*ST和S证券连续三个交易日内收盘价格跌幅偏离值累计达到20的证券	20210224	星期三
64	600766	园城黄金	实力游资买入，成功率35.13	5.10	9.91	-232.48	2189.20	2421.68	4610.87	27233.23	-0.85	16.93	17.35	11	非ST、*ST和S证券连续三个交易日内收盘价格涨幅偏离值累计达到20的证券	20210224	星期三
65	600816	*ST安信	实力游资买入，成功率26.63	2.40	4.80	-39.56	1573.95	1613.51	3187.46	25568.71	-0.15	12.47	0.27	126	ST、*ST和S证券连续三个交易日内收盘价格涨幅偏离值累计达到15的证券	20210224	星期三
66	600846	同济科技	买一主买，成功率46.97	10.05	5.02	22771.70	32399.94	9628.24	42028.18	112624.21	20.22	37.32	7.96	63	非ST、*ST和S证券连续三个交易日内收盘价格涨幅偏离值累计达到20的证券	20210224	星期三
67	600896	览海医疗	实力游资买入，成功率33.28	4.84	10.00	941.86	4271.90	3330.04	7601.93	24638.84	3.82	30.85	4.47	42	非ST、*ST和S证券连续三个交易日内收盘价格涨幅偏离值累计达到20的证券	20210224	星期三
68	600916	中国黄金	上海资金买入，成功率34.22	15.41	9.99	4806.88	4969.17	162.29	5131.45	5492.84	87.51	93.42	1.66	28	非ST、*ST和S证券连续三个交易日内收盘价格涨幅偏离值累计达到20的证券	20210224	星期三
69	601127	小康股份	实力游资买入，成功率45.61	18.26	10.00	18210.28	31057.87	12847.60	43905.47	202696.83	8.98	21.66	8.21	174	非ST、*ST和S证券连续三个交易日内收盘价格涨幅偏离值累计达到20的证券	20210224	星期三
70	603032	德新交运	实力游资卖出，成功率20.16	9.66	-3.50	166.19	1348.86	1182.67	2531.53	11450.18	1.45	22.11	7.37	15	有价格涨跌幅限制的日价格振幅达到15的前三只证券	20210224	星期三
71	603185	上机数控	1家机构卖出，成功率39.18	143.10	-10.00	-13130.25	14528.15	27658.40	42186.56	90912.10	-14.44	46.40	7.88	112	有价格涨跌幅限制的日收盘价格跌幅偏离值达到7的前三只证券	20210224	星期三
72	603399	吉翔股份	实力游资买入，成功率34.78	5.54	9.92	907.27	1951.18	1043.91	2995.10	22685.18	4.00	13.20	8.78	28	有价格涨跌幅限制的日价格振幅达到15的前三只证券	20210224	星期三
73	603655	朗博科技	买一主买，成功率33.05	23.28	7.53	-489.22	2102.90	2592.12	4695.02	35425.29	-1.38	13.25	14.82	25	有价格涨跌幅限制的日价格振幅达到15的前三只证券	20210224	星期三
74	603698	航天工程	实力游资买入，成功率44.25	15.84	10.00	444.03	4542.88	4098.85	8641.74	65303.56	0.68	13.23	5.61	85	非ST、*ST和S证券连续三个交易日内收盘价格涨幅偏离值累计达到20的证券	20210224	星期三
75	603799	华友钴业	1家机构卖出，成功率47.13	96.66	-10.00	-52647.94	90423.95	143071.89	233495.84	632874.37	-8.32	36.89	5.45	1103	有价格涨跌幅限制的日收盘价格跌幅偏离值达到7的前三只证券	20210224	星期三
76	603996	*ST中新	实力游资买入，成功率74.63	2.23	5.19	-52.99	224.57	277.56	502.13	954.44	-5.55	52.61	0.08	7	ST、*ST和S证券连续三个交易日内收盘价格涨幅偏离值累计达到15的证券	20210224	星期三
77	605077	华康股份	卖一主卖，成功率33.50	110.89	-7.41	-570.96	11251.86	11822.82	23074.68	151005.76	-0.38	15.28	44.45	32	有价格涨跌幅限制的日换手率达到20的前三只证券	20210224	星期三
78	605133	N嵘泰	买一主买，成功率63.33	29.29	44.00	986.36	1034.77	48.40	1083.17	1034.77	95.32	104.68	0.89	12	无价格涨跌幅限制的证券	20210224	星期三
79	605133	N嵘泰	买一主买，成功率63.33	29.29	44.00	986.36	1034.77	48.40	1083.17	1034.77	95.32	104.68	0.89	12	当日无价格涨跌幅限制的A股，出现异常波动停牌的	20210224	星期三
80	605228	神通科技	实力游资买入，成功率39.52	10.18	10.05	2514.68	3631.96	1117.27	4749.23	25417.21	9.89	18.69	31.61	8	有价格涨跌幅限制的日收盘价格涨幅偏离值达到7的前三只证券	20210224	星期三
81	605228	神通科技	实力游资买入，成功率39.52	10.18	10.05	2514.68	3631.96	1117.27	4749.23	25417.21	9.89	18.69	31.61	8	有价格涨跌幅限制的日换手率达到20的前三只证券	20210224	星期三
82	605268	N王力	买一主买，成功率57.81	14.86	43.99	1460.15	1519.58	59.43	1579.02	1519.58	96.09	103.91	1.53	10	无价格涨跌幅限制的证券	20210224	星期三
83	605268	N王力	买一主买，成功率57.81	14.86	43.99	1460.15	1519.58	59.43	1579.02	1519.58	96.09	103.91	1.53	10	当日无价格涨跌幅限制的A股，出现异常波动停牌的	20210224	星期三
84	605337	李子园	实力游资卖出，成功率27.68	33.00	-6.65	-1638.36	2644.67	4283.02	6927.69	37308.44	-4.39	18.57	28.70	13	有价格涨跌幅限制的日换手率达到20的前三只证券	20210224	星期三
85	900919	绿庭B股	实力游资买入，成功率36.90	0.20	8.06	0.53	15.58	15.05	30.63	59.29	0.89	51.66	0.87	1	有价格涨跌幅限制的日收盘价格涨幅偏离值达到7的前三只证券	20210224	星期三
