1	000069	华侨城A	买一主买，成功率38.66	7.87	10.07	21152.36	48843.26	27690.90	76534.16	146016.62	14.49	52.41	2.67	555	日涨幅偏离值达到7的前5只证券	20210218	星期四
2	000333	美的集团	2家机构卖出，成功率49.54	98.30	-8.23	-155201.28	136358.44	291559.72	427918.17	943365.23	-16.45	45.36	1.37	6756	日跌幅偏离值达到7的前5只证券	20210218	星期四
3	000403	双林生物	湖北资金卖出，成功率49.48	44.79	-10.01	-4370.67	7382.56	11753.23	19135.80	40514.59	-10.79	47.23	1.82	218	日跌幅偏离值达到7的前5只证券	20210218	星期四
4	000488	晨鸣纸业	3家机构买入，成功率42.04	11.23	9.99	17386.90	37960.90	20574.00	58534.90	167458.57	10.38	34.95	9.10	186	日涨幅偏离值达到7的前5只证券	20210218	星期四
5	000488	晨鸣纸业	2家机构买入，成功率41.87	11.23	9.99	22086.71	69579.14	47492.43	117071.57	438170.60	5.04	26.72	9.10	186	连续三个交易日内，涨幅偏离值累计达到20的证券	20210218	星期四
6	000584	哈工智能	2家机构卖出，成功率8.63	6.65	-8.40	-14476.55	3112.04	17588.59	20700.63	45492.79	-31.82	45.50	9.12	49	日跌幅偏离值达到7的前5只证券	20210218	星期四
7	000633	合金投资	广东资金卖出，成功率15.83	5.70	-1.72	-1110.65	1733.69	2844.34	4578.02	21737.17	-5.11	21.06	9.92	22	日振幅值达到15的前5只证券	20210218	星期四
8	000830	鲁西化工	2家机构买入，成功率47.63	15.76	9.98	9568.81	27242.31	17673.50	44915.81	135366.00	7.07	33.18	6.01	231	日涨幅偏离值达到7的前5只证券	20210218	星期四
9	000860	顺鑫农业	主力做T，成功率48.49	57.80	-9.40	-21680.85	31925.18	53606.03	85531.21	193286.71	-11.22	44.25	4.37	429	日跌幅偏离值达到7的前5只证券	20210218	星期四
10	000878	云南铜业	买一主买，成功率30.55	15.49	10.01	30273.95	37691.51	7417.56	45109.08	159070.24	19.03	28.36	6.29	254	日涨幅偏离值达到7的前5只证券	20210218	星期四
11	000963	华东医药	1家机构买入，成功率44.16	32.90	10.00	35290.41	63883.37	28592.96	92476.33	310450.67	11.37	29.79	5.45	576	日涨幅偏离值达到7的前5只证券	20210218	星期四
12	000963	华东医药	买一主买，成功率40.63	32.90	10.00	63427.64	109051.62	45623.98	154675.60	620533.75	10.22	24.93	5.45	576	连续三个交易日内，涨幅偏离值累计达到20的证券	20210218	星期四
13	002007	华兰生物	3家机构卖出，成功率45.41	49.66	-8.00	-31746.80	28526.36	60273.16	88799.52	256774.05	-12.36	34.58	3.19	778	日跌幅偏离值达到7的前5只证券	20210218	星期四
14	002092	中泰化学	2家机构买入，成功率47.83	10.24	9.99	16796.99	29007.25	12210.26	41217.52	89134.90	18.84	46.24	4.07	220	日涨幅偏离值达到7的前5只证券	20210218	星期四
15	002152	广电运通	买一主买，成功率33.15	9.86	10.04	6700.89	11242.43	4541.53	15783.96	49852.73	13.44	31.66	2.14	236	日涨幅偏离值达到7的前5只证券	20210218	星期四
16	002254	泰和新材	2家机构买入，成功率38.81	20.33	10.01	2657.33	10313.49	7656.16	17969.65	50351.41	5.28	35.69	6.54	80	日涨幅偏离值达到7的前5只证券	20210218	星期四
17	002331	皖通科技	北京资金买入，成功率32.22	12.66	3.77	10969.39	30718.66	19749.27	50467.93	88921.11	12.34	56.76	19.47	48	日振幅值达到15的前5只证券	20210218	星期四
18	002378	章源钨业	买一主买，成功率50.67	6.29	9.96	5848.94	7290.17	1441.23	8731.40	20157.64	29.02	43.32	0.60	58	连续三个交易日内，涨幅偏离值累计达到20的证券	20210218	星期四
19	002400	省广集团	买一主买，成功率52.21	4.54	9.93	3231.76	6945.38	3713.63	10659.01	49184.79	6.57	21.67	6.56	76	日涨幅偏离值达到7的前5只证券	20210218	星期四
20	002557	洽洽食品	4家机构卖出，成功率48.49	61.41	-7.67	-3370.11	20287.54	23657.65	43945.19	83281.45	-4.05	52.77	2.63	311	日跌幅偏离值达到7的前5只证券	20210218	星期四
21	002668	奥马电器	2家机构买入，成功率44.38	6.15	10.02	5719.86	11253.27	5533.41	16786.68	52328.32	10.93	32.08	10.30	52	日涨幅偏离值达到7的前5只证券	20210218	星期四
22	002810	山东赫达	4家机构卖出，成功率47.60	54.36	-7.71	-1131.76	2586.60	3718.37	6304.97	19011.06	-5.95	33.16	1.82	102	日跌幅偏离值达到7的前5只证券	20210218	星期四
23	002821	凯莱英	4家机构卖出，成功率40.78	305.05	-7.38	-5163.50	26158.99	31322.49	57481.48	130840.21	-3.95	43.93	1.87	680	日跌幅偏离值达到7的前5只证券	20210218	星期四
24	003000	华文食品	实力游资卖出，成功率36.35	17.82	-10.00	-177.33	3284.65	3461.98	6746.64	24468.56	-0.72	27.57	32.97	7	日跌幅偏离值达到7的前5只证券	20210218	星期四
25	003000	华文食品	实力游资卖出，成功率36.35	17.82	-10.00	-177.33	3284.65	3461.98	6746.64	24468.56	-0.72	27.57	32.97	7	日换手率达到20的前5只证券	20210218	星期四
26	003035	南网能源	1家机构卖出，成功率39.95	7.18	-2.05	-8457.74	23925.61	32383.35	56308.97	216261.65	-3.91	26.04	39.02	54	日换手率达到20的前5只证券	20210218	星期四
27	003036	泰坦股份	主力做T，成功率55.98	11.14	-2.02	509.14	2177.01	1667.86	3844.87	18089.37	2.81	21.25	30.46	6	日换手率达到20的前5只证券	20210218	星期四
28	003037	三和管桩	实力游资买入，成功率22.63	13.86	10.00	1876.76	4321.05	2444.29	6765.34	42550.14	4.41	15.90	49.16	9	日振幅值达到15的前5只证券	20210218	星期四
29	003037	三和管桩	实力游资买入，成功率22.63	13.86	10.00	1876.76	4321.05	2444.29	6765.34	42550.14	4.41	15.90	49.16	9	日换手率达到20的前5只证券	20210218	星期四
30	200488	晨鸣B	实力游资买入，成功率68.01	6.02	10.05	1881.35	2814.13	932.78	3746.91	5389.73	34.91	69.52	1.54	35	日涨幅偏离值达到7的前5只证券	20210218	星期四
31	300152	科融环境	1家机构买入，成功率37.79	3.80	19.87	2532.77	4798.25	2265.48	7063.73	30905.18	8.20	22.86	11.85	27	日涨幅达到15的前5只证券	20210218	星期四
32	300220	金运激光	买一主买，成功率23.33	14.24	16.43	868.46	2468.95	1600.49	4069.44	11199.42	7.75	36.34	5.44	21	日涨幅达到15的前5只证券	20210218	星期四
33	300368	汇金股份	实力游资买入，成功率41.38	12.37	19.98	-1569.99	6393.10	7963.09	14356.19	65429.00	-2.40	21.94	10.68	64	日涨幅达到15的前5只证券	20210218	星期四
34	300530	达志科技	实力游资买入，成功率35.27	18.57	19.81	-486.66	1227.14	1713.80	2940.94	5942.15	-8.19	49.49	3.51	18	日涨幅达到15的前5只证券	20210218	星期四
35	300641	正丹股份	主力做T，成功率34.55	6.70	1.67	-2630.84	5088.75	7719.59	12808.34	78697.84	-3.34	16.28	9.08	33	连续三个交易日内，涨幅偏离值累计达到30的证券	20210218	星期四
36	300839	博汇股份	主力做T，成功率29.26	24.36	20.00	574.91	1651.66	1076.75	2728.40	10553.36	5.45	25.85	17.72	6	日涨幅达到15的前5只证券	20210218	星期四
37	300896	爱美客	3家机构买入，成功率40.19	1232.03	1.40	-19686.82	90032.53	109719.35	199751.88	891896.88	-2.21	22.40	9.35	320	连续三个交易日内，涨幅偏离值累计达到30的证券	20210218	星期四
38	300937	药易购	主力做T，成功率40.51	73.79	-0.07	2850.74	10887.43	8036.68	18924.11	69302.94	4.11	27.31	40.38	17	日换手率达到30的前5只证券	20210218	星期四
39	300939	秋田微	主力做T，成功率38.01	65.00	-0.54	-343.48	2447.77	2791.25	5239.01	39909.76	-0.86	13.13	30.27	13	日换手率达到30的前5只证券	20210218	星期四
40	300940	南极光	1家机构买入，成功率24.58	50.44	0.14	-3541.15	3749.57	7290.72	11040.28	49246.09	-7.19	22.42	34.39	14	日换手率达到30的前5只证券	20210218	星期四
41	600086	退市金钰	买一主买，成功率42.44	0.19	0.00	-315.07	336.11	651.19	987.30	1129.59	-27.89	87.40	5.61	2	退市整理的证券	20210218	星期四
42	600331	宏达股份	实力游资买入，成功率30.60	1.84	10.18	267.11	1567.96	1300.85	2868.81	6405.12	4.17	44.79	1.76	37	有价格涨跌幅限制的日收盘价格涨幅偏离值达到7的前三只证券	20210218	星期四
43	600362	江西铜业	买一主买，成功率48.29	25.21	9.99	30559.46	80583.41	50023.95	130607.36	535410.69	5.71	24.39	4.52	523	非ST、*ST和S证券连续三个交易日内收盘价格涨幅偏离值累计达到20的证券	20210218	星期四
44	600392	盛和资源	买一主买，成功率38.70	22.86	10.01	54370.53	134115.09	79744.56	213859.64	856725.74	6.35	24.96	6.82	401	非ST、*ST和S证券连续三个交易日内收盘价格涨幅偏离值累计达到20的证券	20210218	星期四
45	600397	安源煤业	实力游资买入，成功率40.03	2.38	10.19	1009.35	1750.35	741.01	2491.36	6500.41	15.53	38.33	2.85	24	有价格涨跌幅限制的日收盘价格涨幅偏离值达到7的前三只证券	20210218	星期四
46	600687	退市刚泰	买一主买，成功率16.30	0.30	3.45	-14.37	94.54	108.90	203.44	254.83	-5.64	79.83	0.57	4	退市整理的证券	20210218	星期四
47	600732	爱旭股份	4家机构卖出，成功率59.31	13.92	-10.02	-40895.94	8850.33	49746.27	58596.60	76673.04	-53.34	76.42	8.11	91	有价格涨跌幅限制的日收盘价格跌幅偏离值达到7的前三只证券	20210218	星期四
48	600890	中房股份	实力游资买入，成功率26.17	3.03	10.18	101.91	304.70	202.79	507.49	1049.09	9.71	48.37	0.63	18	有价格涨跌幅限制的日收盘价格涨幅偏离值达到7的前三只证券	20210218	星期四
49	600978	*ST宜生	实力游资卖出，成功率45.56	0.58	-4.92	-28.60	90.69	119.29	209.98	247.44	-11.56	84.86	0.08	9	ST、*ST和S证券连续三个交易日内收盘价格跌幅偏离值累计达到15的证券	20210218	星期四
50	600997	开滦股份	上海资金买入，成功率40.03	8.21	10.05	2341.21	15454.71	13113.50	28568.21	152620.05	1.53	18.72	5.63	130	非ST、*ST和S证券连续三个交易日内收盘价格涨幅偏离值累计达到20的证券	20210218	星期四
51	601015	陕西黑猫	1家机构买入，成功率39.22	10.68	9.99	7067.70	16723.71	9656.01	26379.72	165262.47	4.28	15.96	10.10	174	有价格涨跌幅限制的日价格振幅达到15的前三只证券	20210218	星期四
52	601168	西部矿业	1家机构买入，成功率33.40	16.64	9.98	-30133.04	34972.20	65105.25	100077.45	433228.75	-6.96	23.10	2.96	397	非ST、*ST和S证券连续三个交易日内收盘价格涨幅偏离值累计达到20的证券	20210218	星期四
53	603059	倍加洁	福建资金卖出，成功率28.60	20.62	-9.96	-3403.53	559.14	3962.66	4521.80	7150.55	-47.60	63.24	13.53	5	有价格涨跌幅限制的日收盘价格跌幅偏离值达到7的前三只证券	20210218	星期四
54	603399	吉翔股份	实力游资买入，成功率50.08	4.33	9.90	652.86	1619.30	966.45	2585.75	3639.95	17.94	71.04	0.36	22	非ST、*ST和S证券连续三个交易日内收盘价格涨幅偏离值累计达到20的证券	20210218	星期四
55	603882	金域医学	1家机构卖出，成功率40.74	149.72	-10.00	-14475.94	34023.50	48499.44	82522.94	144102.31	-10.05	57.27	2.05	688	有价格涨跌幅限制的日收盘价格跌幅偏离值达到7的前三只证券	20210218	星期四
56	605018	长华股份	实力游资卖出，成功率28.88	15.67	-6.78	-3528.32	1926.55	5454.87	7381.42	35209.62	-10.02	20.96	54.69	7	有价格涨跌幅限制的日换手率达到20的前三只证券	20210218	星期四
57	605055	迎丰股份	买一主买，成功率36.94	9.54	10.03	-1810.49	5072.65	6883.14	11955.79	34796.05	-5.20	34.36	48.32	8	有价格涨跌幅限制的日价格振幅达到15的前三只证券	20210218	星期四
58	605055	迎丰股份	买一主买，成功率36.94	9.54	10.03	-1810.49	5072.65	6883.14	11955.79	34796.05	-5.20	34.36	48.32	8	有价格涨跌幅限制的日换手率达到20的前三只证券	20210218	星期四
59	605081	太和水	实力游资卖出，成功率33.09	47.94	-8.35	714.62	2756.31	2041.69	4797.99	34492.26	2.07	13.91	28.62	9	非ST、*ST和S证券连续三个交易日内收盘价格跌幅偏离值累计达到20的证券	20210218	星期四
60	605337	李子园	买一主买，成功率41.23	38.42	9.99	6228.05	9913.39	3685.34	13598.73	69027.72	9.02	19.70	44.99	15	非ST、*ST和S证券连续三个交易日内收盘价格涨幅偏离值累计达到20的证券	20210218	星期四
61	605337	李子园	买一主买，成功率35.14	38.42	9.99	5958.77	9642.52	3683.75	13326.27	66209.34	9.00	20.13	44.99	15	有价格涨跌幅限制的日换手率达到20的前三只证券	20210218	星期四
