1	000502	绿景控股	1家机构卖出，成功率52.22	5.51	-9.97	-676.18	559.13	1235.32	1794.45	2788.87	-24.25	64.34	2.70	10	日跌幅偏离值达到7的前5只证券	20210204	星期四
2	000572	ST海马	买一主买，成功率30.56	2.88	5.11	3763.31	5230.07	1466.77	6696.84	17116.53	21.99	39.13	2.28	47	连续三个交易日内，涨幅偏离值累计达到12的ST证券、*ST证券和未完成股改证券	20210204	星期四
3	000573	粤宏远A	实力游资卖出，成功率43.50	2.78	-10.03	-2919.81	3472.16	6391.97	9864.14	18393.38	-15.87	53.63	9.23	18	日振幅值达到15的前5只证券	20210204	星期四
4	000573	粤宏远A	实力游资卖出，成功率43.50	2.78	-10.03	-2919.81	3472.16	6391.97	9864.14	18393.38	-15.87	53.63	9.23	18	日跌幅偏离值达到7的前5只证券	20210204	星期四
5	000667	美好置业	卖一主卖，成功率55.72	1.55	-9.36	-11554.90	3692.61	15247.52	18940.13	55482.48	-20.83	34.14	14.38	38	日跌幅偏离值达到7的前5只证券	20210204	星期四
6	000673	*ST当代	买一主买，成功率57.95	1.50	4.90	256.76	989.20	732.44	1721.64	4966.14	5.17	34.67	2.21	12	连续三个交易日内，涨幅偏离值累计达到12的ST证券、*ST证券和未完成股改证券	20210204	星期四
7	000690	宝新能源	1家机构卖出，成功率44.42	6.11	-9.08	-5358.54	7003.89	12362.43	19366.32	46451.15	-11.54	41.69	3.56	127	日跌幅偏离值达到7的前5只证券	20210204	星期四
8	000690	宝新能源	1家机构卖出，成功率33.12	6.11	-9.08	-10915.54	19268.24	30183.79	49452.03	153518.22	-7.11	32.21	3.56	127	连续三个交易日内，跌幅偏离值累计达到20的证券	20210204	星期四
9	000691	亚太实业	1家机构买入，成功率42.35	4.79	10.11	1213.33	2220.12	1006.79	3226.90	11446.96	10.60	28.19	8.69	14	日涨幅偏离值达到7的前5只证券	20210204	星期四
10	000812	陕西金叶	1家机构买入，成功率33.57	4.08	9.97	-1561.77	3553.65	5115.42	8669.07	47777.51	-3.27	18.14	18.65	27	日涨幅偏离值达到7的前5只证券	20210204	星期四
11	000812	陕西金叶	1家机构买入，成功率45.22	4.08	9.97	2359.12	7350.51	4991.39	12341.91	84301.15	2.80	14.64	18.65	27	连续三个交易日内，涨幅偏离值累计达到20的证券	20210204	星期四
12	000835	*ST长动	实力游资买入，成功率36.30	1.51	4.86	133.88	336.99	203.11	540.09	708.47	18.90	76.23	0.71	5	连续三个交易日内，涨幅偏离值累计达到12的ST证券、*ST证券和未完成股改证券	20210204	星期四
13	000890	*ST胜尔	辽宁资金买入，成功率16.98	4.66	4.96	1926.39	3753.97	1827.59	5581.56	13762.27	14.00	40.56	3.62	18	连续三个交易日内，涨幅偏离值累计达到12的ST证券、*ST证券和未完成股改证券	20210204	星期四
14	000908	景峰医药	买一主买，成功率38.20	3.75	9.97	4747.23	5809.51	1062.28	6871.79	8079.22	58.76	85.06	3.04	27	日涨幅偏离值达到7的前5只证券	20210204	星期四
15	000995	皇台酒业	买一主买，成功率38.84	20.17	9.98	4989.99	7680.53	2690.54	10371.07	19533.80	25.55	53.09	5.51	36	日涨幅偏离值达到7的前5只证券	20210204	星期四
16	000996	中国中期	实力游资买入，成功率43.40	9.68	10.00	3009.11	4626.99	1617.88	6244.87	21067.88	14.28	29.64	6.64	33	日涨幅偏离值达到7的前5只证券	20210204	星期四
17	001896	豫能控股	卖一主卖，成功率56.19	6.22	-9.99	-2094.50	4904.95	6999.45	11904.40	57864.58	-3.62	20.57	7.85	72	日跌幅偏离值达到7的前5只证券	20210204	星期四
18	002056	横店东磁	主力做T，成功率44.96	14.18	-9.97	-2482.07	9822.36	12304.43	22126.80	105850.71	-2.34	20.90	4.51	230	日跌幅偏离值达到7的前5只证券	20210204	星期四
19	002113	*ST天润	买一主买，成功率83.43	1.47	5.00	4007.55	5430.51	1422.96	6853.48	13546.07	29.58	50.59	3.74	14	连续三个交易日内，涨幅偏离值累计达到12的ST证券、*ST证券	20210204	星期四
20	002145	中核钛白	主力做T，成功率44.42	7.06	-8.90	-27160.25	16658.41	43818.66	60477.07	200652.66	-13.54	30.14	16.39	112	日振幅值达到15的前5只证券	20210204	星期四
21	002184	海得控制	实力游资买入，成功率31.19	17.81	10.01	-2897.66	4861.57	7759.23	12620.80	56498.91	-5.13	22.34	21.13	28	日涨幅偏离值达到7的前5只证券	20210204	星期四
22	002240	盛新锂能	主力做T，成功率49.38	25.20	-10.00	-4867.47	16597.42	21464.89	38062.31	139732.43	-3.48	27.24	7.77	175	日跌幅偏离值达到7的前5只证券	20210204	星期四
23	002247	*ST聚力	买一主买，成功率60.00	1.89	4.42	1229.55	2566.00	1336.45	3902.44	8385.25	14.66	46.54	4.31	11	连续三个交易日内，涨幅偏离值累计达到12的ST证券、*ST证券	20210204	星期四
24	002311	海大集团	1家机构买入，成功率42.45	75.65	10.00	-11504.11	42169.90	53674.01	95843.91	194633.89	-5.91	49.24	1.57	1246	日涨幅偏离值达到7的前5只证券	20210204	星期四
25	002331	皖通科技	买一主买，成功率67.78	18.59	3.74	11470.90	26671.56	15200.66	41872.23	71511.73	16.04	58.55	10.10	71	日振幅值达到15的前5只证券	20210204	星期四
26	002341	新纶科技	1家机构卖出，成功率31.43	3.53	-2.22	-1355.33	3706.65	5061.98	8768.63	46579.50	-2.91	18.83	12.12	36	日振幅值达到15的前5只证券	20210204	星期四
27	002360	同德化工	实力游资买入，成功率32.61	10.99	10.01	-1074.64	7128.02	8202.66	15330.69	97898.59	-1.10	15.66	30.09	33	日涨幅偏离值达到7的前5只证券	20210204	星期四
28	002360	同德化工	实力游资买入，成功率32.61	10.99	10.01	-1074.64	7128.02	8202.66	15330.69	97898.59	-1.10	15.66	30.09	33	日换手率达到20的前5只证券	20210204	星期四
29	002466	天齐锂业	1家机构卖出，成功率49.79	50.67	-10.00	11590.37	104983.98	93393.61	198377.59	855013.83	1.36	23.20	11.13	747	日跌幅偏离值达到7的前5只证券	20210204	星期四
30	002553	南方轴承	1家机构买入，成功率35.02	14.17	10.02	1769.53	6978.67	5209.13	12187.80	70124.40	2.52	17.38	22.18	33	日涨幅偏离值达到7的前5只证券	20210204	星期四
31	002555	三七互娱	4家机构卖出，成功率46.86	28.46	-9.99	-19748.63	35387.98	55136.60	90524.58	314010.24	-6.29	28.83	7.25	421	日跌幅偏离值达到7的前5只证券	20210204	星期四
32	002612	朗姿股份	实力游资买入，成功率44.48	24.22	9.99	6069.71	12233.85	6164.14	18397.99	86569.97	7.01	21.25	13.91	63	日涨幅偏离值达到7的前5只证券	20210204	星期四
33	002759	天际股份	实力游资卖出，成功率58.97	20.21	-9.98	-5419.95	5712.39	11132.34	16844.72	51612.26	-10.50	32.64	6.01	81	日跌幅偏离值达到7的前5只证券	20210204	星期四
34	002901	大博医疗	江苏资金卖出，成功率23.40	53.39	-9.92	-8639.95	22512.52	31152.47	53664.99	74852.47	-11.54	71.69	1.35	182	连续三个交易日内，跌幅偏离值累计达到20的证券	20210204	星期四
35	002908	德生科技	实力游资卖出，成功率44.49	13.86	-6.98	-591.35	4142.26	4733.60	8875.86	40162.64	-1.47	22.10	6.24	20	连续三个交易日内，跌幅偏离值累计达到20的证券	20210204	星期四
36	002956	西麦食品	2家机构买入，成功率46.89	28.00	10.02	2617.30	4846.40	2229.10	7075.49	25087.44	10.43	28.20	5.01	20	连续三个交易日内，涨幅偏离值累计达到20的证券	20210204	星期四
37	003000	华文食品	1家机构买入，成功率29.96	19.15	9.99	-1006.42	2468.16	3474.58	5942.74	26517.73	-3.80	22.41	36.73	8	日换手率达到20的前5只证券	20210204	星期四
38	003026	中晶科技	1家机构买入，成功率35.33	80.38	1.79	-1620.14	3383.59	5003.74	8387.33	48938.89	-3.31	17.14	25.63	20	日换手率达到20的前5只证券	20210204	星期四
39	003031	中瓷电子	卖一主卖，成功率38.11	61.25	-1.92	1547.11	4513.72	2966.61	7480.33	43691.89	3.54	17.12	27.78	16	日换手率达到20的前5只证券	20210204	星期四
40	003032	传智教育	实力游资买入，成功率9.40	29.23	2.38	-2607.83	3436.02	6043.84	9479.86	42268.61	-6.17	22.43	36.87	12	日换手率达到20的前5只证券	20210204	星期四
41	003035	南网能源	实力游资买入，成功率38.66	6.34	10.07	10611.82	15128.95	4517.13	19646.08	48103.31	22.06	40.84	9.41	48	连续三个交易日内，涨幅偏离值累计达到20的证券	20210204	星期四
42	003036	泰坦股份	买一主买，成功率53.33	13.28	10.02	1115.91	1148.93	33.02	1181.95	1148.93	97.13	102.87	0.98	7	连续三个交易日内，涨幅偏离值累计达到20的证券	20210204	星期四
43	003037	三和管桩	1家机构买入，成功率51.07	9.19	44.04	456.09	484.12	28.03	512.15	485.27	93.99	105.54	0.78	6	无价格涨跌幅限制的证券	20210204	星期四
44	200413	东旭B	实力游资卖出，成功率28.33	1.07	-7.76	11.02	77.70	66.68	144.38	159.05	6.93	90.78	0.70	2	日跌幅偏离值达到7的前5只证券	20210204	星期四
45	300325	ST德威	1家机构卖出，成功率21.72	1.29	-5.84	-786.73	3443.73	4230.46	7674.18	36461.64	-2.16	21.05	7.22	13	连续三个交易日内，跌幅偏离值累计达到30的证券	20210204	星期四
46	300483	首华燃气	买一主买，成功率13.33	32.88	18.70	105.12	595.71	490.59	1086.29	3668.62	2.87	29.61	1.38	28	日涨幅达到15的前5只证券	20210204	星期四
47	300846	首都在线	1家机构买入，成功率34.79	28.13	20.01	3545.39	6474.05	2928.66	9402.70	48438.21	7.32	19.41	37.31	14	日涨幅达到15的前5只证券	20210204	星期四
48	300846	首都在线	1家机构买入，成功率34.79	28.13	20.01	3545.39	6474.05	2928.66	9402.70	48438.21	7.32	19.41	37.31	14	日换手率达到30的前5只证券	20210204	星期四
49	300889	爱克股份	1家机构买入，成功率37.77	33.62	19.99	2606.97	3910.81	1303.84	5214.65	31998.24	8.15	16.30	26.52	12	日涨幅达到15的前5只证券	20210204	星期四
50	300893	松原股份	2家机构买入，成功率39.47	38.36	19.99	2726.25	4391.13	1664.88	6056.01	24926.41	10.94	24.30	29.35	9	日涨幅达到15的前5只证券	20210204	星期四
51	300906	日月明	实力游资卖出，成功率41.75	45.98	-10.96	-1112.30	2390.26	3502.56	5892.83	35703.01	-3.12	16.51	37.58	9	日换手率达到30的前5只证券	20210204	星期四
52	300906	日月明	主力做T，成功率34.11	45.98	-10.96	-3581.95	6280.09	9862.04	16142.13	144804.76	-2.47	11.15	37.58	9	连续三个交易日内，跌幅偏离值累计达到30的证券	20210204	星期四
53	300933	中辰股份	实力游资卖出，成功率27.96	12.70	-13.90	-2016.24	2203.78	4220.02	6423.80	52147.23	-3.87	12.32	45.05	11	日换手率达到30的前5只证券	20210204	星期四
54	300936	中英科技	主力做T，成功率35.04	55.85	-13.01	-525.53	5014.40	5539.93	10554.33	116675.40	-0.45	9.05	27.22	10	连续三个交易日内，跌幅偏离值累计达到30的证券	20210204	星期四
55	300937	药易购	1家机构买入，成功率35.47	95.00	2.74	-1762.70	8356.65	10119.35	18475.99	125714.50	-1.40	14.70	58.77	22	日换手率达到30的前5只证券	20210204	星期四
56	300939	秋田微	西藏自治区资金卖出，成功率34.06	89.95	-15.33	1062.80	6096.48	5033.67	11130.15	90817.00	1.17	12.26	46.46	18	日跌幅达到15的前5只证券	20210204	星期四
57	300939	秋田微	西藏自治区资金卖出，成功率34.06	89.95	-15.33	1062.80	6096.48	5033.67	11130.15	90817.00	1.17	12.26	46.46	18	日换手率达到30的前5只证券	20210204	星期四
58	600055	万东医疗	实力游资买入，成功率61.11	12.35	9.97	2643.28	3038.73	395.45	3434.18	3038.73	86.99	113.01	0.30	67	非ST、*ST和S证券连续三个交易日内收盘价格涨幅偏离值累计达到20的证券	20210204	星期四
59	600086	退市金钰	卖一主卖，成功率27.60	0.27	-10.00	-0.26	1.74	2.00	3.75	2.00	-12.94	187.06	0.01	3	退市整理的证券	20210204	星期四
60	600107	美尔雅	实力游资卖出，成功率35.56	7.85	-9.98	-6788.50	4178.84	10967.34	15146.18	24887.66	-27.28	60.86	4.48	28	非ST、*ST和S证券连续三个交易日内收盘价格跌幅偏离值累计达到20的证券	20210204	星期四
61	600198	大唐电信	实力游资买入，成功率24.96	5.52	9.96	3269.89	6718.73	3448.85	10167.58	42732.08	7.65	23.79	9.36	49	有价格涨跌幅限制的日价格振幅达到15的前三只证券	20210204	星期四
62	600247	*ST成城	实力游资买入，成功率66.07	0.96	5.49	231.82	474.62	242.80	717.42	1454.55	15.94	49.32	2.06	3	ST、*ST和S证券连续三个交易日内收盘价格涨幅偏离值累计达到15的证券	20210204	星期四
63	600315	上海家化	2家机构买入，成功率41.09	43.90	10.00	19500.31	43698.53	24198.22	67896.75	140507.07	13.88	48.32	3.29	295	非ST、*ST和S证券连续三个交易日内收盘价格涨幅偏离值累计达到20的证券	20210204	星期四
64	600379	宝光股份	实力游资买入，成功率49.72	7.11	10.06	1808.69	2558.24	749.56	3307.80	14030.95	12.89	23.58	6.22	23	有价格涨跌幅限制的日收盘价格涨幅偏离值达到7的前三只证券	20210204	星期四
65	600545	卓郎智能	卖一主卖，成功率45.74	2.96	-10.03	507.63	1527.11	1019.48	2546.59	11201.41	4.53	22.73	1.97	56	有价格涨跌幅限制的日收盘价格跌幅偏离值达到7的前三只证券	20210204	星期四
66	600583	海油工程	1家机构买入，成功率46.54	4.71	10.05	6501.49	11022.57	4521.08	15543.65	30870.57	21.06	50.35	1.56	208	有价格涨跌幅限制的日收盘价格涨幅偏离值达到7的前三只证券	20210204	星期四
67	600687	退市刚泰	买一主买，成功率63.33	0.29	7.41	40.02	135.00	94.98	229.97	249.76	16.02	92.08	0.60	4	退市整理的证券	20210204	星期四
68	600792	云煤能源	买一主买，成功率28.08	3.72	10.06	4264.01	4761.46	497.45	5258.91	5888.36	72.41	89.31	1.62	37	有价格涨跌幅限制的日收盘价格涨幅偏离值达到7的前三只证券	20210204	星期四
69	600805	悦达投资	实力游资买入，成功率27.41	4.21	9.92	1057.34	4848.04	3790.70	8638.75	17114.95	6.18	50.47	4.17	36	非ST、*ST和S证券连续三个交易日内收盘价格涨幅偏离值累计达到20的证券	20210204	星期四
70	601611	中国核建	实力游资卖出，成功率28.97	6.89	-10.05	-4567.62	3039.66	7607.28	10646.94	60585.98	-7.54	17.57	3.27	181	有价格涨跌幅限制的日收盘价格跌幅偏离值达到7的前三只证券	20210204	星期四
71	603085	天成自控	实力游资卖出，成功率43.33	7.61	-10.05	104.83	615.27	510.44	1125.71	2286.88	4.58	49.22	1.03	22	有价格涨跌幅限制的日收盘价格跌幅偏离值达到7的前三只证券	20210204	星期四
72	603180	金牌厨柜	2家机构买入，成功率44.83	68.38	10.01	3800.11	15770.61	11970.50	27741.11	62841.11	6.05	44.14	5.38	69	非ST、*ST和S证券连续三个交易日内收盘价格涨幅偏离值累计达到20的证券	20210204	星期四
73	603801	志邦家居	3家机构买入，成功率45.91	50.06	10.00	5460.08	25047.33	19587.25	44634.58	73544.56	7.42	60.69	4.77	109	非ST、*ST和S证券连续三个交易日内收盘价格涨幅偏离值累计达到20的证券	20210204	星期四
74	605018	长华股份	实力游资买入，成功率46.33	17.15	4.57	876.51	2758.81	1882.30	4641.11	35183.73	2.49	13.19	52.36	7	有价格涨跌幅限制的日换手率达到20的前三只证券	20210204	星期四
75	605055	迎丰股份	实力游资买入，成功率38.60	10.15	9.97	4577.66	7996.17	3418.52	11414.69	35171.89	13.02	32.45	45.73	8	有价格涨跌幅限制的日价格振幅达到15的前三只证券	20210204	星期四
76	605055	迎丰股份	实力游资买入，成功率38.60	10.15	9.97	4577.66	7996.17	3418.52	11414.69	35171.89	13.02	32.45	45.73	8	有价格涨跌幅限制的日换手率达到20的前三只证券	20210204	星期四
77	605155	西大门	实力游资卖出，成功率25.21	31.46	-9.99	-7.22	3717.64	3724.86	7442.50	36174.63	-0.02	20.57	43.98	8	有价格涨跌幅限制的日价格振幅达到15的前三只证券	20210204	星期四
78	605155	西大门	实力游资卖出，成功率25.21	31.46	-9.99	-7.22	3717.64	3724.86	7442.50	36174.63	-0.02	20.57	43.98	8	有价格涨跌幅限制的日换手率达到20的前三只证券	20210204	星期四
79	688350	富淼科技	实力游资卖出，成功率38.89	25.20	-10.10	-150.67	2837.51	2988.17	5825.68	23959.60	-0.63	24.31	35.84	6	有价格涨跌幅限制的日换手率达到30的前五只证券	20210204	星期四
80	900919	绿庭B股	实力游资卖出，成功率49.63	0.17	-10.05	-1.08	2.96	4.04	7.00	6.78	-15.96	103.25	0.12	0	有价格涨跌幅限制的日收盘价格跌幅偏离值达到7的前三只证券	20210204	星期四
