1	000056	皇庭国际	福建资金买入，成功率50.71	3.83	10.06	136.38	597.97	461.60	1059.57	2221.70	6.14	47.69	0.70	31	日涨幅偏离值达到7的前5只证券	20201026	星期一
2	000920	南方汇通	2家机构买入，成功率49.76	8.68	10.01	2207.14	4427.56	2220.43	6647.99	16828.87	13.12	39.50	4.68	33	日涨幅偏离值达到7的前5只证券	20201026	星期一
3	000987	越秀金控	广东资金卖出，成功率42.81	15.79	-6.73	-1990.01	3431.09	5421.10	8852.20	47721.65	-4.17	18.55	1.12	463	日跌幅偏离值达到7的前5只证券	20201026	星期一
4	002114	罗平锌电	实力游资买入，成功率25.57	7.05	9.98	699.56	4646.53	3946.96	8593.49	11642.57	6.01	73.81	5.13	21	日涨幅偏离值达到7的前5只证券	20201026	星期一
5	002326	永太科技	3家机构卖出，成功率38.04	9.83	-9.98	-5445.07	2001.52	7446.59	9448.11	33276.84	-16.36	28.39	4.96	75	日跌幅偏离值达到7的前5只证券	20201026	星期一
6	002417	深南股份	1家机构买入，成功率32.13	9.92	5.64	-1121.11	3667.88	4788.99	8456.86	55887.69	-2.01	15.13	24.20	21	日换手率达到20的前5只证券	20201026	星期一
7	002664	长鹰信质	1家机构卖出，成功率30.62	15.34	-9.98	-1490.28	866.56	2356.84	3223.39	3690.80	-40.38	87.34	0.62	68	日跌幅偏离值达到7的前5只证券	20201026	星期一
8	002835	同为股份	1家机构买入，成功率41.76	16.78	10.03	1101.60	2576.37	1474.77	4051.15	9538.82	11.55	42.47	4.98	18	日涨幅偏离值达到7的前5只证券	20201026	星期一
9	002865	钧达股份	实力游资卖出，成功率47.48	16.64	-7.81	-2662.26	2096.64	4758.90	6855.54	15343.01	-17.35	44.68	7.74	21	日跌幅偏离值达到7的前5只证券	20201026	星期一
10	002952	亚世光电	卖一主卖，成功率30.61	17.00	-6.39	-1213.60	677.63	1891.23	2568.86	8559.32	-14.18	30.01	7.21	13	日跌幅偏离值达到7的前5只证券	20201026	星期一
11	002982	湘佳股份	3家机构卖出，成功率39.37	77.98	-10.00	-3210.46	1708.04	4918.50	6626.54	7865.39	-40.82	84.25	3.90	23	日跌幅偏离值达到7的前5只证券	20201026	星期一
12	003002	壶化股份	1家机构卖出，成功率45.98	14.68	-1.61	-1503.93	1213.23	2717.16	3930.38	16210.28	-9.28	24.25	21.88	7	日换手率达到20的前5只证券	20201026	星期一
13	003006	百亚股份	浙江资金卖出，成功率33.43	17.75	-2.58	-294.62	2356.99	2651.61	5008.59	17184.00	-1.71	29.15	22.26	8	日换手率达到20的前5只证券	20201026	星期一
14	003009	中天火箭	买一主买，成功率66.67	77.80	10.00	1163.55	1205.57	42.01	1247.58	1205.57	96.52	103.48	0.40	25	日涨幅偏离值达到7的前5只证券	20201026	星期一
15	003010	若羽臣	1家机构卖出，成功率46.85	45.97	-0.73	450.01	3171.40	2721.39	5892.79	28903.51	1.56	20.39	21.15	14	日换手率达到20的前5只证券	20201026	星期一
16	003013	地铁设计	买一主买，成功率33.33	23.40	10.01	217.71	229.41	11.70	241.11	229.41	94.90	105.10	0.24	8	日涨幅偏离值达到7的前5只证券	20201026	星期一
17	003013	地铁设计	买一主买，成功率34.81	23.40	10.01	395.75	409.15	13.40	422.55	409.15	96.73	103.27	0.24	8	连续三个交易日内，涨幅偏离值累计达到20的证券	20201026	星期一
18	003015	日久光电	实力游资买入，成功率66.99	12.60	10.04	673.34	688.46	15.12	703.58	688.46	97.80	102.20	0.78	7	日涨幅偏离值达到7的前5只证券	20201026	星期一
19	003016	欣贺股份	买一主买，成功率76.67	12.95	44.05	938.01	973.44	35.43	1008.87	974.20	96.29	103.56	0.71	-	无价格涨跌幅限制的证券	20201026	星期一
20	003017	大洋生物	买一主买，成功率53.67	41.54	43.99	322.03	352.77	30.74	383.51	352.77	91.29	108.71	0.57	-	无价格涨跌幅限制的证券	20201026	星期一
21	300062	中能电气	买一主买，成功率13.93	18.34	20.03	2814.53	12251.80	9437.27	21689.07	150906.40	1.87	14.37	46.00	28	日涨幅达到15的前5只证券	20201026	星期一
22	300062	中能电气	主力做T，成功率16.27	18.34	20.03	2874.74	26154.25	23279.52	49433.77	424719.67	0.68	11.64	46.00	28	连续三个交易日内，涨幅偏离值累计达到30的证券	20201026	星期一
23	300062	中能电气	主力做T，成功率57.14	18.34	20.03	6001.05	2314089.94	2308088.89	4622178.83	1187524.25	0.51	389.23	46.00	28	严重异常期间3次出现正向异常波动的证券	20201026	星期一
24	300131	英唐智控	西藏自治区资金买入，成功率37.13	11.06	9.83	-8071.26	32105.38	40176.64	72282.02	666074.55	-1.21	10.85	25.11	85	连续三个交易日内，涨幅偏离值累计达到30的证券	20201026	星期一
25	300141	和顺电气	买一主买，成功率39.80	15.22	20.03	5015.75	12032.71	7016.96	19049.66	74122.59	6.77	25.70	21.10	18	连续三个交易日内，涨幅偏离值累计达到30的证券	20201026	星期一
26	300179	四方达	1家机构买入，成功率46.98	9.40	20.05	6178.65	11503.46	5324.80	16828.26	80941.21	7.63	20.79	26.61	28	日涨幅达到15的前5只证券	20201026	星期一
27	300431	暴风退	实力游资买入，成功率38.44	0.29	3.57	96.63	167.30	70.66	237.96	328.30	29.43	72.48	4.53	1	退市整理期	20201026	星期一
28	300444	双杰电气	1家机构买入，成功率30.34	8.03	20.03	-8616.38	15080.12	23696.50	38776.63	137043.83	-6.29	28.30	25.57	22	连续三个交易日内，涨幅偏离值累计达到30的证券	20201026	星期一
29	300582	英飞特	实力游资买入，成功率35.60	28.34	19.98	-9657.98	6847.31	16505.29	23352.60	149037.31	-6.48	15.67	43.57	26	日涨幅达到15的前5只证券	20201026	星期一
30	300690	双一科技	实力游资买入，成功率42.51	63.47	20.00	-861.34	7421.04	8282.38	15703.42	71213.79	-1.21	22.05	16.59	39	日涨幅达到15的前5只证券	20201026	星期一
31	300781	因赛集团	主力做T，成功率34.45	58.98	1.69	-2735.23	4286.79	7022.02	11308.81	81440.11	-3.36	13.89	51.58	15	日换手率达到30的前5只证券	20201026	星期一
32	300849	锦盛新材	1家机构卖出，成功率45.34	34.89	-4.93	-358.28	5581.92	5940.20	11522.13	49268.17	-0.73	23.39	55.94	9	日换手率达到30的前5只证券	20201026	星期一
33	300885	海昌新材	实力游资买入，成功率48.82	62.52	20.00	3369.80	12418.59	9048.80	21467.39	74413.78	4.53	28.85	62.81	10	日换手率达到30的前5只证券	20201026	星期一
34	300885	海昌新材	实力游资买入，成功率48.82	62.52	20.00	3369.80	12418.59	9048.80	21467.39	74413.78	4.53	28.85	62.81	10	日涨幅达到15的前5只证券	20201026	星期一
35	300895	铜牛信息	主力做T，成功率30.34	77.51	-1.76	-2492.62	6327.76	8820.38	15148.14	91697.33	-2.72	16.52	51.99	15	日换手率达到30的前5只证券	20201026	星期一
36	300898	熊猫乳品	主力做T，成功率43.01	77.79	0.35	-5720.38	10366.64	16087.02	26453.66	125272.20	-4.57	21.12	62.90	17	日换手率达到30的前5只证券	20201026	星期一
37	600573	惠泉啤酒	实力游资卖出，成功率56.64	8.13	-9.97	-3057.65	1964.92	5022.57	6987.49	28040.03	-10.90	24.92	13.58	21	有价格涨跌幅限制的日收盘价格跌幅偏离值达到7的前三只证券	20201026	星期一
38	600702	ST舍得	实力游资买入，成功率37.78	44.07	5.00	2904.52	13288.56	10384.05	23672.61	155992.98	1.86	15.18	4.23	135	ST、*ST和S证券连续三个交易日内收盘价格涨幅偏离值累计达到15的证券	20201026	星期一
39	603267	鸿远电子	5家机构买入，成功率50.75	84.54	10.01	3380.91	11323.21	7942.30	19265.51	34649.53	9.76	55.60	2.69	126	有价格涨跌幅限制的日收盘价格涨幅偏离值达到7的前三只证券	20201026	星期一
40	603486	科沃斯	1家机构买入，成功率38.49	55.11	10.00	-173.06	4902.62	5075.68	9978.30	17817.84	-0.97	56.00	1.87	97	有价格涨跌幅限制的日收盘价格涨幅偏离值达到7的前三只证券	20201026	星期一
41	603919	金徽酒	实力游资卖出，成功率34.17	26.75	-9.99	-4150.15	5100.43	9250.58	14351.01	89990.23	-4.61	15.95	6.61	133	有价格涨跌幅限制的日收盘价格跌幅偏离值达到7的前三只证券	20201026	星期一
42	605058	澳弘电子	2家机构卖出，成功率55.04	29.32	-7.71	1333.42	3905.66	2572.24	6477.90	51086.49	2.61	12.68	46.70	10	有价格涨跌幅限制的日价格振幅达到15的前三只证券	20201026	星期一
43	605058	澳弘电子	2家机构卖出，成功率55.04	29.32	-7.71	1333.42	3905.66	2572.24	6477.90	51086.49	2.61	12.68	46.70	10	有价格涨跌幅限制的日换手率达到20的前三只证券	20201026	星期一
44	605111	新洁能	买一主买，成功率66.67	108.90	10.00	2463.92	2730.93	267.01	2997.94	2730.93	90.22	109.78	0.99	23	有价格涨跌幅限制的日收盘价格涨幅偏离值达到7的前三只证券	20201026	星期一
45	605111	新洁能	浙江资金买入，成功率60.76	108.90	10.00	3587.64	3900.12	312.48	4212.60	3912.16	91.70	107.68	0.99	23	非ST、*ST和S证券连续三个交易日内收盘价格涨幅偏离值累计达到20的证券	20201026	星期一
46	605136	丽人丽妆	卖一主卖，成功率48.89	46.36	-10.00	-4616.04	1702.29	6318.33	8020.62	12393.74	-37.24	64.72	6.52	20	有价格涨跌幅限制的日收盘价格跌幅偏离值达到7的前三只证券	20201026	星期一
47	605338	巴比食品	2家机构买入，成功率47.64	47.53	10.00	33925.89	61473.13	27547.24	89020.37	268771.23	12.62	33.12	36.79	24	非ST、*ST和S证券连续三个交易日内收盘价格涨幅偏离值累计达到20的证券	20201026	星期一
48	605338	巴比食品	1家机构买入，成功率33.64	47.53	10.00	3234.81	22825.17	19590.36	42415.53	102774.17	3.15	41.27	36.79	24	有价格涨跌幅限制的日换手率达到20的前三只证券	20201026	星期一
49	605358	立昂微	实力游资买入，成功率61.71	59.00	6.54	1207.96	7362.41	6154.45	13516.86	62431.59	1.93	21.65	26.60	22	有价格涨跌幅限制的日换手率达到20的前三只证券	20201026	星期一
