1	000004	国农科技	1家机构买入，成功率30.38	25.85	6.38	1594.20	3223.29	1629.09	4852.38	20933.17	7.62	23.18	9.86	22	日涨幅偏离值达到7的前5只证券	20201019	星期一
2	000692	惠天热电	卖一主卖，成功率62.78	3.35	-9.95	-1607.62	1734.93	3342.55	5077.48	15298.89	-10.51	33.19	8.46	18	日跌幅偏离值达到7的前5只证券	20201019	星期一
3	000839	中信国安	买一主买，成功率41.88	2.84	10.08	5938.62	8353.96	2415.34	10769.30	23761.76	24.99	45.32	2.17	111	日涨幅偏离值达到7的前5只证券	20201019	星期一
4	002041	登海种业	2家机构买入，成功率45.79	20.07	8.55	10668.44	16105.71	5437.27	21542.98	94699.23	11.27	22.75	5.45	177	日涨幅偏离值达到7的前5只证券	20201019	星期一
5	002052	*ST同洲	买一主买，成功率40.00	1.75	4.79	949.23	2094.19	1144.96	3239.14	9576.00	9.91	33.83	2.49	13	连续三个交易日内，涨幅偏离值累计达到12的ST证券、*ST证券	20201019	星期一
6	002113	*ST天润	主力做T，成功率42.60	1.56	4.70	-229.58	2011.70	2241.28	4252.98	19370.48	-1.19	21.96	5.01	15	连续三个交易日内，涨幅偏离值累计达到12的ST证券、*ST证券	20201019	星期一
7	002196	方正电机	2家机构买入，成功率34.48	6.79	7.44	1407.57	5106.02	3698.44	8804.46	44639.14	3.15	19.72	16.58	28	日振幅值达到15的前5只证券	20201019	星期一
8	002196	方正电机	2家机构买入，成功率34.48	6.79	7.44	1407.57	5106.02	3698.44	8804.46	44639.14	3.15	19.72	16.58	28	日涨幅偏离值达到7的前5只证券	20201019	星期一
9	002504	弘高创意	实力游资买入，成功率42.20	3.09	9.96	3010.84	5119.85	2109.01	7228.85	9746.94	30.89	74.17	7.77	13	日涨幅偏离值达到7的前5只证券	20201019	星期一
10	002595	豪迈科技	3家机构卖出，成功率45.78	25.34	-10.01	80.73	5302.07	5221.35	10523.42	19474.28	0.41	54.04	1.42	134	日跌幅偏离值达到7的前5只证券	20201019	星期一
11	002716	*ST金贵	实力游资买入，成功率67.30	2.30	5.02	587.45	2935.97	2348.53	5284.50	16782.00	3.50	31.49	3.21	17	连续三个交易日内，涨幅偏离值累计达到12的ST证券、*ST证券	20201019	星期一
12	002870	香山股份	1家机构买入，成功率50.45	25.46	8.80	2691.63	4291.82	1600.19	5892.00	11438.55	23.53	51.51	9.41	12	日涨幅偏离值达到7的前5只证券	20201019	星期一
13	002975	博杰股份	实力游资卖出，成功率60.89	111.30	-5.49	-4356.04	10368.89	14724.93	25093.82	108298.67	-4.02	23.17	28.36	39	日换手率达到20的前5只证券	20201019	星期一
14	003009	中天火箭	买一主买，成功率80.00	48.31	10.00	1164.31	1192.58	28.27	1220.84	1192.58	97.63	102.37	0.64	19	日涨幅偏离值达到7的前5只证券	20201019	星期一
15	003009	中天火箭	买一主买，成功率72.99	48.31	10.00	1671.37	1705.97	34.59	1740.56	1705.97	97.97	102.03	0.64	19	连续三个交易日内，涨幅偏离值累计达到20的证券	20201019	星期一
16	003010	若羽臣	1家机构买入，成功率44.55	53.50	3.62	4838.37	17825.54	12987.17	30812.70	116811.39	4.14	26.38	71.43	16	日换手率达到20的前5只证券	20201019	星期一
17	003010	若羽臣	1家机构买入，成功率49.71	53.50	3.62	12895.09	26169.24	13274.15	39443.39	133682.02	9.65	29.51	71.43	16	连续三个交易日内，日均换手率与前五个交易日的日均换手率的比值达到30倍，且换手率累计达20的证券	20201019	星期一
18	003012	东鹏控股	实力游资买入，成功率60.35	16.34	43.96	1525.02	1584.61	59.59	1644.20	2000.93	76.22	82.17	0.86	23	无价格涨跌幅限制的证券	20201019	星期一
19	300297	蓝盾股份	实力游资买入，成功率43.90	6.97	19.97	2917.18	9641.07	6723.90	16364.97	109175.94	2.67	14.99	15.72	70	日涨幅达到15的前5只证券	20201019	星期一
20	300297	蓝盾股份	主力做T，成功率50.01	6.97	19.97	-544.20	13780.50	14324.70	28105.19	195769.38	-0.28	14.36	15.72	70	连续三个交易日内，涨幅偏离值累计达到30的证券	20201019	星期一
21	300431	暴风退	买一主买，成功率25.29	0.28	0.00	1.18	71.47	70.29	141.77	182.81	0.65	77.55	2.60	1	退市整理期	20201019	星期一
22	300452	山河药辅	4家机构卖出，成功率37.10	21.31	-15.94	-9656.94	3081.94	12738.88	15820.81	38898.46	-24.83	40.67	12.47	30	日跌幅达到15的前5只证券	20201019	星期一
23	300517	海波重科	2家机构卖出，成功率35.62	20.64	-5.97	318.98	2645.31	2326.33	4971.65	15029.32	2.12	33.08	11.27	13	日振幅值达到30的前5只证券	20201019	星期一
24	300519	新光药业	实力游资买入，成功率48.50	27.96	20.00	-1303.08	6469.75	7772.82	14242.57	83559.67	-1.56	17.04	26.96	32	日涨幅达到15的前5只证券	20201019	星期一
25	300519	新光药业	主力做T，成功率45.47	27.96	20.00	-2459.58	7871.47	10331.05	18202.52	114674.12	-2.14	15.87	26.96	32	连续三个交易日内，涨幅偏离值累计达到30的证券	20201019	星期一
26	300520	科大国创	实力游资买入，成功率41.32	32.76	20.00	3712.65	12805.82	9093.17	21898.99	147648.40	2.51	14.83	22.97	65	日涨幅达到15的前5只证券	20201019	星期一
27	300581	晨曦航空	1家机构买入，成功率53.58	40.51	19.99	6338.21	10754.26	4416.05	15170.31	88374.27	7.17	17.17	13.54	70	日涨幅达到15的前5只证券	20201019	星期一
28	300620	光库科技	实力游资买入，成功率39.48	57.92	19.99	226.57	5068.62	4842.05	9910.67	57732.67	0.39	17.17	11.25	52	日涨幅达到15的前5只证券	20201019	星期一
29	300713	英可瑞	西藏自治区资金买入，成功率20.69	34.40	14.63	-3899.62	5184.25	9083.88	14268.13	98381.92	-3.96	14.50	45.16	22	日换手率达到30的前5只证券	20201019	星期一
30	300713	英可瑞	西藏自治区资金买入，成功率40.16	34.40	14.63	-117.60	8172.27	8289.87	16462.13	163057.42	-0.07	10.10	45.16	22	连续三个交易日内，涨幅偏离值累计达到30的证券	20201019	星期一
31	300722	新余国科	西藏自治区资金买入，成功率38.15	79.80	10.21	-184.73	7803.37	7988.10	15791.47	169101.60	-0.11	9.34	58.63	29	日换手率达到30的前5只证券	20201019	星期一
32	300727	润禾材料	买一主买，成功率45.36	23.17	19.99	3199.80	6646.92	3447.12	10094.04	47639.55	6.72	21.19	29.02	9	连续三个交易日内，涨幅偏离值累计达到30的证券	20201019	星期一
33	300797	钢研纳克	1家机构卖出，成功率41.82	26.35	-5.01	-3302.40	4100.56	7402.96	11503.52	79722.05	-4.14	14.43	48.67	16	日换手率达到30的前5只证券	20201019	星期一
34	300819	聚杰微纤	广东资金买入，成功率42.07	50.59	13.46	-3986.47	5641.68	9628.15	15269.82	86556.89	-4.61	17.64	71.47	13	日换手率达到30的前5只证券	20201019	星期一
35	300819	聚杰微纤	主力做T，成功率52.95	50.59	13.46	-3480.26	8467.36	11947.63	20414.99	157959.07	-2.20	12.92	71.47	13	连续三个交易日内，涨幅偏离值累计达到30的证券	20201019	星期一
36	300893	松原股份	1家机构买入，成功率42.01	56.00	5.66	1062.60	5828.06	4765.47	10593.53	77683.35	1.37	13.64	59.35	13	日换手率达到30的前5只证券	20201019	星期一
37	600488	天药股份	实力游资买入，成功率53.17	5.35	10.08	756.49	1199.90	443.41	1643.31	5789.34	13.07	28.39	1.10	53	有价格涨跌幅限制的日收盘价格涨幅偏离值达到7的前三只证券	20201019	星期一
38	601865	福莱特	1家机构卖出，成功率32.30	34.83	-10.00	-7776.97	6928.26	14705.23	21633.49	56103.91	-13.86	38.56	4.63	119	有价格涨跌幅限制的日收盘价格跌幅偏离值达到7的前三只证券	20201019	星期一
39	603083	剑桥科技	实力游资卖出，成功率42.20	18.85	-9.98	-287.51	1862.98	2150.49	4013.47	16928.88	-1.70	23.71	6.00	28	有价格涨跌幅限制的日收盘价格跌幅偏离值达到7的前三只证券	20201019	星期一
40	603606	东方电缆	3家机构卖出，成功率29.54	25.04	-9.99	-3087.25	10021.94	13109.18	23131.12	86370.75	-3.57	26.78	5.23	160	有价格涨跌幅限制的日收盘价格跌幅偏离值达到7的前三只证券	20201019	星期一
41	603703	盛洋科技	实力游资买入，成功率25.23	12.61	10.03	2236.12	2907.23	671.10	3578.33	3689.93	60.60	96.98	1.27	29	有价格涨跌幅限制的日收盘价格涨幅偏离值达到7的前三只证券	20201019	星期一
42	603879	永悦科技	实力游资买入，成功率39.21	8.33	10.04	1381.32	2288.99	907.68	3196.67	10600.08	13.03	30.16	4.70	23	有价格涨跌幅限制的日收盘价格涨幅偏离值达到7的前三只证券	20201019	星期一
43	605018	长华股份	实力游资买入，成功率48.12	18.43	0.88	-1285.99	1831.11	3117.10	4948.22	28437.53	-4.52	17.40	38.56	8	有价格涨跌幅限制的日换手率达到20的前三只证券	20201019	星期一
44	605099	共创草坪	1家机构买入，成功率44.97	30.86	2.94	2876.13	7297.09	4420.96	11718.05	38407.97	7.49	30.51	31.91	12	有价格涨跌幅限制的日换手率达到20的前三只证券	20201019	星期一
45	605116	奥锐特	实力游资买入，成功率43.69	20.45	10.01	1004.43	4705.56	3701.13	8406.69	48207.31	2.08	17.44	39.47	8	非ST、*ST和S证券连续三个交易日内收盘价格涨幅偏离值累计达到20的证券	20201019	星期一
46	605116	奥锐特	北京资金买入，成功率45.99	20.45	10.01	-591.96	3034.83	3626.79	6661.61	32526.80	-1.82	20.48	39.47	8	有价格涨跌幅限制的日换手率达到20的前三只证券	20201019	星期一
47	605336	N帅丰	买一主买，成功率56.67	34.98	44.01	1991.33	2053.25	61.91	2115.16	2053.25	96.98	103.02	1.67	12	无价格涨跌幅限制的证券	20201019	星期一
48	605336	N帅丰	买一主买，成功率56.67	34.98	44.01	1991.33	2053.25	61.91	2115.16	2053.25	96.98	103.02	1.67	12	当日无价格涨跌幅限制的A股，出现异常波动停牌的	20201019	星期一
49	605358	立昂微	买一主买，成功率63.28	47.67	9.99	3354.07	9653.43	6299.36	15952.79	17706.15	18.94	90.10	7.68	19	非ST、*ST和S证券连续三个交易日内收盘价格涨幅偏离值累计达到20的证券	20201019	星期一
50	688027	国盾量子	1家机构买入，成功率28.06	328.88	9.66	-1859.43	18340.99	20200.42	38541.41	216188.34	-0.86	17.83	39.11	54	有价格涨跌幅限制的日换手率达到30的前五只证券	20201019	星期一
