1	000006	深振业A	广东资金卖出，成功率36.56	6.39	-10.00	-4607.38	5507.89	10115.27	15623.16	46264.04	-9.96	33.77	5.21	86	日跌幅偏离值达到7的前5只证券	20201014	星期三
2	000010	美丽生态	实力游资卖出，成功率33.33	4.61	-9.96	-7418.06	2027.87	9445.92	11473.79	26763.20	-27.72	42.87	10.37	24	日振幅值达到15的前5只证券	20201014	星期三
3	000010	美丽生态	实力游资卖出，成功率33.33	4.61	-9.96	-7418.06	2027.87	9445.92	11473.79	26763.20	-27.72	42.87	10.37	24	日跌幅偏离值达到7的前5只证券	20201014	星期三
4	000088	盐田港	广东资金卖出，成功率37.26	7.50	-9.96	-11030.40	3871.54	14901.94	18773.47	55670.98	-19.81	33.72	3.19	169	日跌幅偏离值达到7的前5只证券	20201014	星期三
5	000516	国际医学	1家机构买入，成功率39.99	7.52	8.20	9902.11	16132.82	6230.71	22363.53	59231.13	16.72	37.76	4.17	145	日涨幅偏离值达到7的前5只证券	20201014	星期三
6	000698	沈阳化工	2家机构买入，成功率43.41	6.61	9.98	4803.53	7513.43	2709.91	10223.34	30750.78	15.62	33.25	6.03	52	日涨幅偏离值达到7的前5只证券	20201014	星期三
7	000828	东莞控股	实力游资卖出，成功率30.14	10.07	-10.01	-3812.57	2970.87	6783.43	9754.30	55910.79	-6.82	17.45	5.15	105	日跌幅偏离值达到7的前5只证券	20201014	星期三
8	000880	潍柴重机	买一主买，成功率31.68	12.50	5.22	-3041.93	3355.70	6397.64	9753.34	44438.53	-6.85	21.95	25.78	17	日换手率达到20的前5只证券	20201014	星期三
9	000913	钱江摩托	4家机构卖出，成功率67.08	22.98	-9.81	-4491.69	3130.71	7622.39	10753.10	33987.66	-13.22	31.64	3.19	104	日跌幅偏离值达到7的前5只证券	20201014	星期三
10	002022	科华生物	1家机构买入，成功率43.61	21.18	10.03	13915.51	19503.63	5588.11	25091.74	66661.04	20.88	37.64	6.24	109	日涨幅偏离值达到7的前5只证券	20201014	星期三
11	002076	*ST雪莱	实力游资买入，成功率18.81	2.22	5.21	716.82	2688.53	1971.71	4660.23	15344.66	4.67	30.37	6.27	11	连续三个交易日内，涨幅偏离值累计达到12的ST证券、*ST证券	20201014	星期三
12	002132	恒星科技	实力游资买入，成功率33.43	5.28	1.93	-31146.30	22104.90	53251.20	75356.10	306140.72	-10.17	24.61	44.43	66	日换手率达到20的前5只证券	20201014	星期三
13	002202	金风科技	3家机构买入，成功率45.51	12.00	9.99	12002.56	24301.17	12298.61	36599.78	179619.44	6.68	20.38	4.56	407	日涨幅偏离值达到7的前5只证券	20201014	星期三
14	002235	安妮股份	实力游资卖出，成功率34.84	6.80	-10.05	-1089.00	1499.88	2588.88	4088.76	12097.53	-9.00	33.80	3.35	36	日跌幅偏离值达到7的前5只证券	20201014	星期三
15	002335	科华恒盛	1家机构买入，成功率35.52	22.28	10.02	5232.95	10128.39	4895.44	15023.82	55450.41	9.44	27.09	6.38	88	日涨幅偏离值达到7的前5只证券	20201014	星期三
16	002449	国星光电	1家机构卖出，成功率46.34	10.76	-8.81	-4743.99	3329.63	8073.62	11403.25	45492.07	-10.43	25.07	6.83	65	日跌幅偏离值达到7的前5只证券	20201014	星期三
17	002531	天顺风能	主力做T，成功率34.09	9.50	9.95	1607.35	19577.74	17970.39	37548.13	76888.69	2.09	48.83	4.77	168	日涨幅偏离值达到7的前5只证券	20201014	星期三
18	002607	中公教育	3家机构买入，成功率48.29	36.25	10.02	9062.82	19646.91	10584.09	30231.00	70728.29	12.81	42.74	2.52	284	日涨幅偏离值达到7的前5只证券	20201014	星期三
19	002759	天际股份	2家机构买入，成功率39.56	14.97	9.99	8210.61	20344.17	12133.56	32477.72	105920.47	7.75	30.66	5.35	60	连续三个交易日内，涨幅偏离值累计达到20的证券	20201014	星期三
20	002919	名臣健康	1家机构买入，成功率32.26	56.05	7.35	-155.64	9459.00	9614.64	19073.64	52478.85	-0.30	36.35	8.03	25	连续三个交易日内，涨幅偏离值累计达到20的证券	20201014	星期三
21	002931	锋龙股份	实力游资卖出，成功率39.32	21.18	-8.31	-505.94	1771.00	2276.94	4047.93	27586.83	-1.83	14.67	30.04	9	日跌幅偏离值达到7的前5只证券	20201014	星期三
22	002931	锋龙股份	主力做T，成功率31.23	21.18	-8.31	-2155.03	4935.76	7090.79	12026.55	108849.27	-1.98	11.05	30.04	9	连续三个交易日内，跌幅偏离值累计达到20的证券	20201014	星期三
23	002993	奥海科技	实力游资卖出，成功率35.28	91.09	-8.80	-3590.14	6494.80	10084.95	16579.75	94074.24	-3.82	17.62	22.33	41	日跌幅偏离值达到7的前5只证券	20201014	星期三
24	003000	华文食品	实力游资买入，成功率58.60	18.05	0.56	64.29	2681.04	2616.75	5297.79	33551.63	0.19	15.79	45.45	7	日换手率达到20的前5只证券	20201014	星期三
25	003001	中岩大地	西藏自治区资金买入，成功率24.47	47.77	9.99	1585.49	3798.36	2212.88	6011.24	50890.42	3.12	11.81	44.88	12	日换手率达到20的前5只证券	20201014	星期三
26	003003	天元股份	1家机构卖出，成功率38.49	18.49	-6.19	-1169.06	3009.50	4178.56	7188.06	28035.79	-4.17	25.64	33.54	8	日换手率达到20的前5只证券	20201014	星期三
27	003006	百亚股份	实力游资买入，成功率33.13	19.52	1.67	-138.81	3893.96	4032.76	7926.72	40609.17	-0.34	19.52	48.28	8	日换手率达到20的前5只证券	20201014	星期三
28	300018	中元股份	1家机构买入，成功率45.57	10.85	20.02	4598.64	9736.69	5138.05	14874.74	123096.50	3.74	12.08	32.74	42	日涨幅达到15的前5只证券	20201014	星期三
29	300018	中元股份	1家机构买入，成功率42.34	10.85	20.02	-8741.28	14582.42	23323.70	37906.12	332576.76	-2.63	11.40	32.74	42	连续三个交易日内，涨幅偏离值累计达到30的证券	20201014	星期三
30	300062	中能电气	实力游资买入，成功率31.24	12.76	20.04	-2338.98	5666.41	8005.39	13671.81	103367.29	-2.26	13.23	47.35	25	日涨幅达到15的前5只证券	20201014	星期三
31	300129	泰胜风能	1家机构买入，成功率38.33	9.83	20.02	4633.28	11828.27	7194.98	19023.25	178775.30	2.59	10.64	34.12	56	日涨幅达到15的前5只证券	20201014	星期三
32	300431	暴风退	买一主买，成功率27.63	0.29	0.00	-147.60	101.34	248.94	350.27	625.13	-23.61	56.03	8.95	1	退市整理期	20201014	星期三
33	300447	全信股份	1家机构买入，成功率36.15	23.96	3.10	-4311.07	13336.79	17647.85	30984.64	257337.64	-1.68	12.04	29.22	41	连续三个交易日内，涨幅偏离值累计达到30的证券	20201014	星期三
34	300713	英可瑞	实力游资买入，成功率39.67	28.10	7.13	-2515.42	3495.28	6010.69	9505.97	75513.63	-3.33	12.59	45.50	18	日振幅值达到30的前5只证券	20201014	星期三
35	300722	新余国科	广东资金买入，成功率54.37	90.02	19.99	5124.32	14166.04	9041.72	23207.77	185383.91	2.76	12.52	59.77	33	日涨幅达到15的前5只证券	20201014	星期三
36	300722	新余国科	广东资金买入，成功率54.37	90.02	19.99	5124.32	14166.04	9041.72	23207.77	185383.91	2.76	12.52	59.77	33	日换手率达到30的前5只证券	20201014	星期三
37	300840	酷特智能	实力游资买入，成功率44.80	25.67	20.01	5474.36	8866.78	3392.43	12259.21	78562.82	6.97	15.60	53.66	15	日换手率达到30的前5只证券	20201014	星期三
38	300863	卡倍亿	主力做T，成功率32.84	156.00	7.44	1150.03	5468.95	4318.91	9787.86	118559.35	0.97	8.26	59.47	20	日换手率达到30的前5只证券	20201014	星期三
39	300865	大宏立	1家机构买入，成功率33.42	61.14	10.16	-2027.92	3961.49	5989.42	9950.91	65171.72	-3.11	15.27	48.55	14	日换手率达到30的前5只证券	20201014	星期三
40	300888	稳健医疗	1家机构买入，成功率40.33	163.81	20.00	13007.58	19840.36	6832.78	26673.13	145441.24	8.94	18.34	21.41	72	日涨幅达到15的前5只证券	20201014	星期三
41	300893	松原股份	实力游资买入，成功率43.26	48.96	20.00	-985.99	7339.66	8325.66	15665.32	58203.29	-1.69	26.91	57.57	12	日换手率达到30的前5只证券	20201014	星期三
42	600586	金晶科技	实力游资买入，成功率41.81	3.93	10.08	3473.17	4912.53	1439.36	6351.89	21569.31	16.10	29.45	3.94	56	有价格涨跌幅限制的日收盘价格涨幅偏离值达到7的前三只证券	20201014	星期三
43	600845	宝信软件	3家机构卖出，成功率42.11	68.90	-8.79	-17079.74	28181.59	45261.33	73442.91	127252.79	-13.42	57.71	2.17	576	有价格涨跌幅限制的日收盘价格跌幅偏离值达到7的前三只证券	20201014	星期三
44	601339	百隆东方	实力游资买入，成功率30.63	4.49	10.05	769.54	4176.56	3407.03	7583.59	23062.21	3.34	32.88	3.48	67	有价格涨跌幅限制的日收盘价格涨幅偏离值达到7的前三只证券	20201014	星期三
45	603380	易德龙	2家机构买入，成功率44.92	27.60	6.89	8835.32	13325.87	4490.55	17816.42	54641.11	16.17	32.61	6.12	44	非ST、*ST和S证券连续三个交易日内收盘价格涨幅偏离值累计达到20的证券	20201014	星期三
46	603871	嘉友国际	卖一主卖，成功率50.83	29.20	-6.41	-3983.37	5915.02	9898.39	15813.41	44749.50	-8.90	35.34	26.36	16	有价格涨跌幅限制的日价格振幅达到15的前三只证券	20201014	星期三
47	605003	众望布艺	1家机构买入，成功率41.84	32.29	6.74	-367.95	4924.13	5292.08	10216.21	25615.63	-1.44	39.88	35.71	7	有价格涨跌幅限制的日换手率达到20的前三只证券	20201014	星期三
48	605018	长华股份	买一主买，成功率41.84	22.54	10.00	-4058.58	7125.57	11184.15	18309.71	66061.94	-6.14	27.72	57.75	9	非ST、*ST和S证券连续三个交易日内收盘价格涨幅偏离值累计达到20的证券	20201014	星期三
49	605018	长华股份	买一主买，成功率36.22	22.54	10.00	-4458.17	6208.72	10666.88	16875.60	53640.17	-8.31	31.46	57.75	9	有价格涨跌幅限制的日换手率达到20的前三只证券	20201014	星期三
50	605099	共创草坪	实力游资卖出，成功率38.23	27.41	-7.37	2485.90	7238.76	4752.86	11991.62	45253.32	5.49	26.50	40.69	11	有价格涨跌幅限制的日换手率达到20的前三只证券	20201014	星期三
51	605111	新洁能	买一主买，成功率61.61	50.80	10.00	614.15	656.94	42.79	699.74	656.94	93.49	106.51	0.29	13	非ST、*ST和S证券连续三个交易日内收盘价格涨幅偏离值累计达到20的证券	20201014	星期三
52	605136	丽人丽妆	买一主买，成功率57.72	28.36	10.01	1290.52	1328.41	37.89	1366.30	1328.41	97.15	102.85	0.60	11	非ST、*ST和S证券连续三个交易日内收盘价格涨幅偏离值累计达到20的证券	20201014	星期三
53	605338	巴比食品	买一主买，成功率46.67	22.17	10.02	517.27	535.06	17.79	552.85	535.06	96.68	103.32	0.39	14	有价格涨跌幅限制的日收盘价格涨幅偏离值达到7的前三只证券	20201014	星期三
54	605338	巴比食品	买一主买，成功率53.92	22.17	10.02	899.97	931.41	31.44	962.85	963.18	93.44	99.97	0.39	14	非ST、*ST和S证券连续三个交易日内收盘价格涨幅偏离值累计达到20的证券	20201014	星期三
55	688585	上纬新材	实力游资买入，成功率38.27	15.93	5.15	-1647.68	2858.57	4506.25	7364.82	24051.04	-6.85	30.62	38.33	6	有价格涨跌幅限制的日换手率达到30的前五只证券	20201014	星期三
56	688595	芯海科技	1家机构买入，成功率54.13	69.30	0.07	2952.91	9434.00	6481.09	15915.09	52317.21	5.64	30.42	36.29	14	有价格涨跌幅限制的日换手率达到30的前五只证券	20201014	星期三
57	900938	海科B	实力游资卖出，成功率29.02	0.34	-8.40	-13.39	39.61	53.00	92.61	170.18	-7.87	54.42	1.51	1	有价格涨跌幅限制的日收盘价格跌幅偏离值达到7的前三只证券	20201014	星期三
