1	000034	神州数码	主力做T，成功率42.20	27.36	-8.43	-1628.99	18398.03	20027.03	38425.06	114814.86	-1.42	33.47	8.23	136	日跌幅偏离值达到7的前5只证券	20201021	星期三
2	002049	紫光国微	2家机构卖出，成功率40.31	113.65	-10.00	-62734.81	15721.79	78456.59	94178.38	301864.04	-20.78	31.20	4.32	689	日跌幅偏离值达到7的前5只证券	20201021	星期三
3	002210	*ST飞马	实力游资买入，成功率39.81	2.26	5.12	509.78	1322.65	812.88	2135.53	6456.56	7.90	33.08	0.20	37	连续三个交易日内，涨幅偏离值累计达到12的ST证券、*ST证券	20201021	星期三
4	002211	宏达新材	1家机构买入，成功率40.14	7.35	6.37	-546.84	1488.57	2035.41	3523.98	23599.88	-2.32	14.93	10.57	23	日涨幅偏离值达到7的前5只证券	20201021	星期三
5	002571	德力股份	实力游资卖出，成功率62.88	7.45	-10.02	-1282.47	4672.13	5954.60	10626.73	23778.81	-5.39	44.69	10.21	22	日跌幅偏离值达到7的前5只证券	20201021	星期三
6	002651	利君股份	1家机构卖出，成功率41.03	10.69	-10.02	-2936.80	1966.85	4903.65	6870.50	21750.06	-13.50	31.59	3.63	56	日跌幅偏离值达到7的前5只证券	20201021	星期三
7	002709	天赐材料	1家机构卖出，成功率48.97	56.48	-9.99	-5997.92	21426.37	27424.29	48850.66	125017.77	-4.80	39.07	4.01	307	日跌幅偏离值达到7的前5只证券	20201021	星期三
8	002946	新乳业	1家机构买入，成功率38.50	19.47	7.39	2387.73	5640.42	3252.69	8893.11	24746.01	9.65	35.94	8.17	31	日涨幅偏离值达到7的前5只证券	20201021	星期三
9	003002	壶化股份	1家机构买入，成功率50.04	14.91	10.04	3221.83	4701.54	1479.72	6181.26	21837.77	14.75	28.31	29.84	7	日涨幅偏离值达到7的前5只证券	20201021	星期三
10	003002	壶化股份	1家机构买入，成功率50.04	14.91	10.04	3221.83	4701.54	1479.72	6181.26	21837.77	14.75	28.31	29.84	7	日换手率达到20的前5只证券	20201021	星期三
11	003003	天元股份	1家机构买入，成功率40.99	18.30	3.62	-397.01	1062.49	1459.50	2521.99	22397.65	-1.77	11.26	27.73	8	日换手率达到20的前5只证券	20201021	星期三
12	003006	百亚股份	4家机构买入，成功率43.63	17.41	2.47	180.55	3322.94	3142.39	6465.33	19996.74	0.90	32.33	26.66	7	日换手率达到20的前5只证券	20201021	星期三
13	003009	中天火箭	买一主买，成功率66.67	58.45	9.99	841.46	870.68	29.23	899.91	870.68	96.64	103.36	0.38	23	日涨幅偏离值达到7的前5只证券	20201021	星期三
14	003009	中天火箭	1家机构买入，成功率59.28	58.45	9.99	1821.93	1868.43	46.50	1914.93	1868.43	97.51	102.49	0.38	23	连续三个交易日内，涨幅偏离值累计达到20的证券	20201021	星期三
15	003010	若羽臣	1家机构卖出，成功率27.14	52.75	-0.09	-4453.50	7269.79	11723.29	18993.07	80127.06	-5.56	23.70	48.68	16	日换手率达到20的前5只证券	20201021	星期三
16	003011	海象新材	2家机构买入，成功率51.39	59.96	10.00	3675.43	7559.96	3884.52	11444.48	30401.69	12.09	37.64	28.42	11	日涨幅偏离值达到7的前5只证券	20201021	星期三
17	003011	海象新材	2家机构买入，成功率51.39	59.96	10.00	3675.43	7559.96	3884.52	11444.48	30401.69	12.09	37.64	28.42	11	日换手率达到20的前5只证券	20201021	星期三
18	003012	东鹏控股	西藏自治区资金卖出，成功率31.04	15.90	-8.30	-206.34	3193.72	3400.06	6593.78	58934.71	-0.35	11.19	25.61	23	日跌幅偏离值达到7的前5只证券	20201021	星期三
19	003015	日久光电	1家机构买入，成功率69.05	9.46	43.99	281.37	294.00	12.63	306.64	294.00	95.70	104.30	0.44	7	无价格涨跌幅限制的证券	20201021	星期三
20	300297	蓝盾股份	实力游资买入，成功率46.37	8.51	20.03	2202.12	16045.35	13843.23	29888.59	297828.58	0.74	10.04	40.44	85	日涨幅达到15的前5只证券	20201021	星期三
21	300297	蓝盾股份	实力游资买入，成功率46.37	8.51	20.03	2202.12	16045.35	13843.23	29888.59	297828.58	0.74	10.04	40.44	85	日振幅值达到30的前5只证券	20201021	星期三
22	300419	浩丰科技	西藏自治区资金买入，成功率35.52	12.44	19.96	-8145.05	7958.65	16103.70	24062.36	183921.77	-4.43	13.08	49.02	46	日涨幅达到15的前5只证券	20201021	星期三
23	300419	浩丰科技	西藏自治区资金买入，成功率35.52	12.44	19.96	-8145.05	7958.65	16103.70	24062.36	183921.77	-4.43	13.08	49.02	46	日振幅值达到30的前5只证券	20201021	星期三
24	300431	暴风退	1家机构卖出，成功率43.33	0.29	-6.45	-92.61	71.41	164.02	235.43	316.59	-29.25	74.36	4.33	1	退市整理期	20201021	星期三
25	300520	科大国创	1家机构买入，成功率41.07	38.78	16.56	3397.82	28006.00	24608.18	52614.18	508047.67	0.67	10.36	25.62	77	连续三个交易日内，涨幅偏离值累计达到30的证券	20201021	星期三
26	300526	中潜股份	1家机构卖出，成功率39.21	78.16	-20.00	-1028.59	516.64	1545.22	2061.86	1599.94	-64.29	128.87	0.10	160	日跌幅达到15的前5只证券	20201021	星期三
27	300581	晨曦航空	主力做T，成功率45.38	48.21	19.54	-5889.11	17694.77	23583.88	41278.65	369167.06	-1.60	11.18	19.91	83	连续三个交易日内，涨幅偏离值累计达到30的证券	20201021	星期三
28	300612	宣亚国际	实力游资买入，成功率43.15	31.26	20.00	212.00	6421.02	6209.02	12630.05	49701.76	0.43	25.41	16.98	31	日涨幅达到15的前5只证券	20201021	星期三
29	300620	光库科技	主力做T，成功率25.00	62.02	10.53	-2418.20	3181.71	5599.92	8781.63	53671.13	-4.51	16.36	10.85	56	日振幅值达到30的前5只证券	20201021	星期三
30	300727	润禾材料	实力游资买入，成功率26.24	29.96	7.77	-3031.07	3772.27	6803.34	10575.62	77863.67	-3.89	13.58	67.40	12	日换手率达到30的前5只证券	20201021	星期三
31	300781	因赛集团	1家机构买入，成功率49.79	48.70	20.01	181.80	4918.12	4736.32	9654.44	41625.98	0.44	23.19	32.12	13	日涨幅达到15的前5只证券	20201021	星期三
32	300781	因赛集团	1家机构买入，成功率48.94	48.70	20.01	965.09	7162.60	6197.51	13360.10	88310.63	1.09	15.13	32.12	13	连续三个交易日内，涨幅偏离值累计达到30的证券	20201021	星期三
33	300819	聚杰微纤	主力做T，成功率26.51	47.96	-3.35	-1605.20	4121.31	5726.51	9847.82	82114.45	-1.95	11.99	66.33	12	日换手率达到30的前5只证券	20201021	星期三
34	300880	迦南智能	1家机构买入，成功率42.42	53.68	6.89	-1473.95	9066.09	10540.04	19606.12	128718.52	-1.15	15.23	72.34	17	日换手率达到30的前5只证券	20201021	星期三
35	300883	龙利得	实力游资买入，成功率44.02	24.80	19.98	2479.19	12387.82	9908.63	22296.46	123334.27	2.01	18.08	65.03	20	日涨幅达到15的前5只证券	20201021	星期三
36	300883	龙利得	实力游资买入，成功率44.02	24.80	19.98	2479.19	12387.82	9908.63	22296.46	123334.27	2.01	18.08	65.03	20	日换手率达到30的前5只证券	20201021	星期三
37	300893	松原股份	主力做T，成功率33.44	61.33	-8.74	-1729.98	4220.88	5950.85	10171.73	89419.05	-1.93	11.38	59.85	15	日换手率达到30的前5只证券	20201021	星期三
38	601339	百隆东方	实力游资买入，成功率52.53	5.23	10.11	4037.02	6129.31	2092.29	8221.59	41269.68	9.78	19.92	5.48	78	有价格涨跌幅限制的日收盘价格涨幅偏离值达到7的前三只证券	20201021	星期三
39	603083	剑桥科技	4家机构卖出，成功率40.10	17.26	-10.01	-12216.54	2383.93	14600.47	16984.40	23278.04	-52.48	72.96	7.27	31	有价格涨跌幅限制的日收盘价格跌幅偏离值达到7的前三只证券	20201021	星期三
40	603444	吉比特	4家机构卖出，成功率47.79	527.47	-10.00	-10811.91	18934.91	29746.82	48681.73	99407.76	-10.88	48.97	2.55	379	有价格涨跌幅限制的日收盘价格跌幅偏离值达到7的前三只证券	20201021	星期三
41	603557	起步股份	实力游资买入，成功率41.69	16.78	10.03	-596.47	10370.25	10966.73	21336.98	75176.43	-0.79	28.38	9.83	79	有价格涨跌幅限制的日收盘价格涨幅偏离值达到7的前三只证券	20201021	星期三
42	603788	宁波高发	2家机构卖出，成功率50.98	17.30	-9.57	-4544.79	918.54	5463.33	6381.87	11806.40	-38.49	54.05	3.00	39	有价格涨跌幅限制的日收盘价格跌幅偏离值达到7的前三只证券	20201021	星期三
43	603976	正川股份	实力游资卖出，成功率23.85	86.86	-8.30	-3194.84	12224.24	15419.08	27643.33	200468.14	-1.59	13.79	13.88	131	有价格涨跌幅限制的日价格振幅达到15的前三只证券	20201021	星期三
44	605058	N澳弘	买一主买，成功率53.93	26.25	43.99	740.77	778.66	37.89	816.56	778.66	95.13	104.87	0.83	9	无价格涨跌幅限制的证券	20201021	星期三
45	605116	奥锐特	实力游资卖出，成功率42.88	21.96	-2.40	-5380.74	3750.62	9131.36	12881.98	49514.89	-10.87	26.02	53.40	9	有价格涨跌幅限制的日价格振幅达到15的前三只证券	20201021	星期三
46	605116	奥锐特	实力游资卖出，成功率42.88	21.96	-2.40	-5380.74	3750.62	9131.36	12881.98	49514.89	-10.87	26.02	53.40	9	有价格涨跌幅限制的日换手率达到20的前三只证券	20201021	星期三
47	605336	帅丰电器	卖一主卖，成功率27.70	34.80	-9.56	-192.88	4040.09	4232.96	8273.05	47396.75	-0.41	17.45	37.61	12	有价格涨跌幅限制的日换手率达到20的前三只证券	20201021	星期三
48	605338	巴比食品	买一主买，成功率38.67	35.71	10.01	1859.72	1912.07	52.35	1964.42	1912.07	97.26	102.74	0.86	22	有价格涨跌幅限制的日收盘价格涨幅偏离值达到7的前三只证券	20201021	星期三
49	605358	立昂微	买一主买，成功率46.94	57.68	9.99	8448.57	33466.02	25017.45	58483.47	149257.08	5.66	39.18	64.78	23	有价格涨跌幅限制的日换手率达到20的前三只证券	20201021	星期三
