1	000411	英特集团	实力游资卖出，成功率19.67	21.15	-10.00	-1885.06	4712.62	6597.69	11310.31	61412.98	-3.07	18.42	13.60	44	日跌幅偏离值达到7的前5只证券	20201022	星期四
2	002064	华峰氨纶	4家机构卖出，成功率48.09	7.42	-9.07	981.99	8026.13	7044.15	15070.28	34722.75	2.83	43.40	3.00	113	日振幅值达到15的前5只证券	20201022	星期四
3	002064	华峰氨纶	4家机构卖出，成功率48.09	7.42	-9.07	981.99	8026.13	7044.15	15070.28	34722.75	2.83	43.40	3.00	113	日跌幅偏离值达到7的前5只证券	20201022	星期四
4	002074	国轩高科	1家机构买入，成功率39.45	26.51	10.00	20950.76	33567.11	12616.35	46183.46	185685.21	11.28	24.87	6.10	312	日涨幅偏离值达到7的前5只证券	20201022	星期四
5	002581	未名医药	主力做T，成功率31.18	20.27	-9.99	-67.04	5558.36	5625.40	11183.76	91202.93	-0.07	12.26	11.04	81	日跌幅偏离值达到7的前5只证券	20201022	星期四
6	002952	亚世光电	实力游资买入，成功率25.53	18.54	10.03	-83.02	635.96	718.98	1354.94	4201.28	-1.98	32.25	3.32	13	日涨幅偏离值达到7的前5只证券	20201022	星期四
7	002977	天箭科技	2家机构卖出，成功率34.81	99.50	-7.70	-2853.74	1586.56	4440.31	6026.87	16680.04	-17.11	36.13	9.13	18	日跌幅偏离值达到7的前5只证券	20201022	星期四
8	003000	华文食品	买一主买，成功率29.38	17.27	5.11	1698.50	3868.22	2169.72	6037.93	23645.28	7.18	25.54	34.03	7	日换手率达到20的前5只证券	20201022	星期四
9	003002	壶化股份	1家机构卖出，成功率46.68	14.66	-1.68	-628.20	4514.22	5142.42	9656.64	36095.98	-1.74	26.75	47.86	7	日换手率达到20的前5只证券	20201022	星期四
10	003003	天元股份	北京资金买入，成功率38.88	18.34	0.22	-125.59	1697.27	1822.86	3520.13	24573.62	-0.51	14.32	29.59	8	日换手率达到20的前5只证券	20201022	星期四
11	003006	百亚股份	实力游资买入，成功率39.27	19.15	9.99	3071.06	5092.22	2021.15	7113.37	13768.00	22.31	51.67	17.13	8	日涨幅偏离值达到7的前5只证券	20201022	星期四
12	003009	中天火箭	买一主买，成功率55.56	64.30	10.01	635.46	667.61	32.15	699.76	667.61	95.18	104.82	0.27	25	日涨幅偏离值达到7的前5只证券	20201022	星期四
13	003010	若羽臣	卖一主卖，成功率45.94	47.48	-9.99	2374.28	7634.69	5260.40	12895.09	63513.18	3.74	20.30	43.04	14	日跌幅偏离值达到7的前5只证券	20201022	星期四
14	003010	若羽臣	卖一主卖，成功率45.94	47.48	-9.99	2374.28	7634.69	5260.40	12895.09	63513.18	3.74	20.30	43.04	14	日换手率达到20的前5只证券	20201022	星期四
15	003011	海象新材	1家机构买入，成功率35.13	60.16	0.33	-298.83	3887.74	4186.56	8074.30	28760.00	-1.04	28.07	25.57	11	日换手率达到20的前5只证券	20201022	星期四
16	003013	地铁设计	买一主买，成功率57.22	19.34	44.01	341.20	354.19	13.00	367.19	354.19	96.33	103.67	0.46	8	无价格涨跌幅限制的证券	20201022	星期四
17	003015	日久光电	1家机构买入，成功率47.63	10.41	10.04	76.77	81.38	4.61	85.99	81.38	94.34	105.66	0.11	7	日涨幅偏离值达到7的前5只证券	20201022	星期四
18	300100	双林股份	主力做T，成功率42.26	15.90	20.00	-299.46	8252.37	8551.84	16804.21	126036.99	-0.24	13.33	22.14	61	日涨幅达到15的前5只证券	20201022	星期四
19	300100	双林股份	主力做T，成功率41.46	15.90	20.00	432.14	17533.17	17101.02	34634.19	298927.56	0.14	11.59	22.14	61	连续三个交易日内，涨幅偏离值累计达到30的证券	20201022	星期四
20	300131	英唐智控	实力游资买入，成功率49.80	9.98	19.95	594.46	11689.38	11094.92	22784.31	194556.16	0.31	11.71	24.06	85	日涨幅达到15的前5只证券	20201022	星期四
21	300269	联建光电	实力游资买入，成功率34.90	6.56	19.93	4985.32	6734.81	1749.49	8484.30	36003.77	13.85	23.57	14.09	28	日涨幅达到15的前5只证券	20201022	星期四
22	300279	和晶科技	买一主买，成功率48.10	7.80	20.00	6058.64	8568.99	2510.35	11079.34	37268.91	16.26	29.73	11.51	34	日涨幅达到15的前5只证券	20201022	星期四
23	300431	暴风退	实力游资卖出，成功率23.17	0.28	-3.45	-11.96	45.49	57.46	102.95	139.44	-8.58	73.83	1.98	1	退市整理期	20201022	星期四
24	300526	中潜股份	实力游资卖出，成功率50.86	66.96	-14.33	-2331.45	4560.06	6891.51	11451.57	36761.24	-6.34	31.15	2.67	137	连续三个交易日内，跌幅偏离值累计达到30的证券	20201022	星期四
25	300612	宣亚国际	主力做T，成功率41.83	33.88	8.38	-6222.16	6948.15	13170.31	20118.46	137824.32	-4.51	14.60	26.46	34	连续三个交易日内，涨幅偏离值累计达到30的证券	20201022	星期四
26	300717	华信新材	主力做T，成功率35.75	25.05	5.16	-5058.48	3182.27	8240.74	11423.01	60365.68	-8.38	18.92	57.17	11	日换手率达到30的前5只证券	20201022	星期四
27	300781	因赛集团	实力游资买入，成功率45.52	54.20	11.29	-1004.60	7690.94	8695.54	16386.48	105417.51	-0.95	15.54	71.31	15	日换手率达到30的前5只证券	20201022	星期四
28	300805	电声股份	主力做T，成功率51.03	35.42	19.99	-2010.79	6872.20	8882.98	15755.18	97191.77	-2.07	16.21	67.89	15	日涨幅达到15的前5只证券	20201022	星期四
29	300805	电声股份	主力做T，成功率51.03	35.42	19.99	-2010.79	6872.20	8882.98	15755.18	97191.77	-2.07	16.21	67.89	15	日换手率达到30的前5只证券	20201022	星期四
30	300805	电声股份	主力做T，成功率50.10	35.42	19.99	1659.17	10542.74	8883.57	19426.31	126999.40	1.31	15.30	67.89	15	连续三个交易日内，涨幅偏离值累计达到30的证券	20201022	星期四
31	300819	聚杰微纤	实力游资买入，成功率26.93	50.60	5.50	867.28	4495.90	3628.62	8124.52	77647.52	1.12	10.46	63.47	13	日换手率达到30的前5只证券	20201022	星期四
32	300863	卡倍亿	主力做T，成功率34.01	165.11	0.70	-2247.94	6187.88	8435.82	14623.70	120250.99	-1.87	12.16	53.82	22	日换手率达到30的前5只证券	20201022	星期四
33	603006	联明股份	1家机构卖出，成功率34.21	10.44	-9.84	-259.92	828.10	1088.02	1916.12	4878.13	-5.33	39.28	2.41	20	有价格涨跌幅限制的日收盘价格跌幅偏离值达到7的前三只证券	20201022	星期四
34	603026	石大胜华	实力游资买入，成功率54.52	49.15	10.00	6772.68	17902.75	11130.07	29032.83	90007.28	7.52	32.26	9.35	100	有价格涨跌幅限制的日收盘价格涨幅偏离值达到7的前三只证券	20201022	星期四
35	603032	德新交运	卖一主卖，成功率29.33	15.38	-9.95	-1447.22	1071.16	2518.38	3589.54	12059.79	-12.00	29.76	4.88	25	有价格涨跌幅限制的日收盘价格跌幅偏离值达到7的前三只证券	20201022	星期四
36	603877	太平鸟	2家机构买入，成功率48.96	40.36	10.00	2695.64	5616.25	2920.61	8536.86	17150.65	15.72	49.78	0.95	192	有价格涨跌幅限制的日价格振幅达到15的前三只证券	20201022	星期四
37	603919	金徽酒	买一主买，成功率27.14	27.02	8.60	3129.65	16686.83	13557.19	30244.02	199696.45	1.57	15.14	6.50	133	非ST、*ST和S证券连续三个交易日内收盘价格涨幅偏离值累计达到20的证券	20201022	星期四
38	603976	正川股份	西藏自治区资金卖出，成功率28.94	78.17	-10.00	480.48	8069.25	7588.77	15658.02	118281.06	0.41	13.24	9.85	118	有价格涨跌幅限制的日收盘价格跌幅偏离值达到7的前三只证券	20201022	星期四
39	605058	澳弘电子	买一主买，成功率26.64	28.88	10.02	704.61	741.56	36.94	778.50	748.20	94.17	104.05	0.72	10	有价格涨跌幅限制的日收盘价格涨幅偏离值达到7的前三只证券	20201022	星期四
40	605111	新洁能	买一主买，成功率75.42	90.00	10.00	992.94	1065.92	72.98	1138.90	1065.92	93.15	106.85	0.27	23	非ST、*ST和S证券连续三个交易日内收盘价格涨幅偏离值累计达到20的证券	20201022	星期四
41	605136	丽人丽妆	买一主买，成功率45.00	50.25	10.00	1000.32	1039.01	38.69	1077.70	1039.01	96.28	103.72	0.52	20	有价格涨跌幅限制的日收盘价格涨幅偏离值达到7的前三只证券	20201022	星期四
42	605136	丽人丽妆	买一主买，成功率50.00	50.25	10.00	1872.51	1927.70	55.18	1982.88	1988.00	94.19	99.74	0.52	20	非ST、*ST和S证券连续三个交易日内收盘价格涨幅偏离值累计达到20的证券	20201022	星期四
43	605198	德利股份	实力游资买入，成功率43.24	27.47	5.69	-3976.63	3438.59	7415.22	10853.81	27780.52	-14.31	39.07	50.34	5	有价格涨跌幅限制的日换手率达到20的前三只证券	20201022	星期四
44	605338	巴比食品	1家机构买入，成功率27.32	39.28	10.00	23578.90	29628.32	6049.43	35677.75	95280.50	24.75	37.44	38.34	24	非ST、*ST和S证券连续三个交易日内收盘价格涨幅偏离值累计达到20的证券	20201022	星期四
45	605338	巴比食品	1家机构买入，成功率27.32	39.28	10.00	23578.90	29628.32	6049.43	35677.75	93368.43	25.25	38.21	38.34	24	有价格涨跌幅限制的日换手率达到20的前三只证券	20201022	星期四
46	605358	立昂微	实力游资卖出，成功率46.68	54.98	-4.68	12031.64	24794.00	12762.35	37556.35	77629.97	15.50	48.38	36.20	22	有价格涨跌幅限制的日换手率达到20的前三只证券	20201022	星期四
