1	000010	美丽生态	1家机构买入，成功率44.17	5.12	8.25	88.92	4608.04	4519.11	9127.15	18716.61	0.48	48.76	7.81	27	日振幅值达到15的前5只证券	20201013	星期二
2	000010	美丽生态	1家机构买入，成功率44.17	5.12	8.25	88.92	4608.04	4519.11	9127.15	18716.61	0.48	48.76	7.81	27	日涨幅偏离值达到7的前5只证券	20201013	星期二
3	000010	美丽生态	主力做T，成功率35.90	5.12	8.25	844.09	8052.26	7208.17	15260.43	28825.22	2.93	52.94	7.81	27	连续三个交易日内，涨幅偏离值累计达到20的证券	20201013	星期二
4	000625	长安汽车	2家机构买入，成功率50.04	15.87	9.98	8702.40	18198.13	9495.73	27693.85	94469.00	9.21	29.32	1.61	619	日涨幅偏离值达到7的前5只证券	20201013	星期二
5	000688	国城矿业	卖一主卖，成功率35.01	12.47	-8.17	-28233.54	12162.53	40396.06	52558.59	177484.48	-15.91	29.61	12.54	142	日跌幅偏离值达到7的前5只证券	20201013	星期二
6	000688	国城矿业	实力游资卖出，成功率39.20	12.47	-8.17	-43265.01	17757.22	61022.23	78779.46	262995.16	-16.45	29.95	12.54	142	连续三个交易日内，跌幅偏离值累计达到20的证券	20201013	星期二
7	000880	潍柴重机	实力游资买入，成功率51.77	11.88	10.00	2273.46	3631.43	1357.97	4989.40	14239.22	15.97	35.04	9.26	16	日涨幅偏离值达到7的前5只证券	20201013	星期二
8	000918	嘉凯城	2家机构买入，成功率53.87	5.06	7.66	452.44	2027.62	1575.18	3602.79	9345.53	4.84	38.55	1.05	91	日涨幅偏离值达到7的前5只证券	20201013	星期二
9	002101	广东鸿图	1家机构买入，成功率42.63	7.78	10.04	3337.96	4109.22	771.26	4880.48	7940.81	42.04	61.46	1.96	41	日涨幅偏离值达到7的前5只证券	20201013	星期二
10	002132	恒星科技	实力游资买入，成功率53.05	5.18	9.98	-1967.00	3031.52	4998.53	8030.05	15676.61	-12.55	51.22	1.08	65	连续三个交易日内，涨幅偏离值累计达到20的证券	20201013	星期二
11	002237	恒邦股份	买一主买，成功率54.89	16.21	9.97	2314.56	9711.27	7396.71	17107.98	55448.99	4.17	30.85	3.88	148	日涨幅偏离值达到7的前5只证券	20201013	星期二
12	002667	鞍重股份	广东资金卖出，成功率43.33	8.03	-7.49	-1753.19	847.66	2600.85	3448.51	11164.34	-15.70	30.89	5.93	19	日跌幅偏离值达到7的前5只证券	20201013	星期二
13	002901	大博医疗	3家机构买入，成功率52.08	102.47	10.01	6458.83	10632.42	4173.59	14806.01	27880.90	23.17	53.10	0.71	410	日涨幅偏离值达到7的前5只证券	20201013	星期二
14	002919	名臣健康	1家机构买入，成功率29.04	52.21	10.01	-105.11	3997.69	4102.80	8100.49	19368.13	-0.54	41.82	8.63	23	日涨幅偏离值达到7的前5只证券	20201013	星期二
15	002931	锋龙股份	广东资金卖出，成功率36.79	23.10	-8.30	-1773.37	2187.04	3960.41	6147.45	41347.44	-4.29	14.87	40.35	10	日跌幅偏离值达到7的前5只证券	20201013	星期二
16	002931	锋龙股份	广东资金卖出，成功率36.79	23.10	-8.30	-1773.37	2187.04	3960.41	6147.45	41347.44	-4.29	14.87	40.35	10	日换手率达到20的前5只证券	20201013	星期二
17	002998	优彩资源	实力游资卖出，成功率38.42	11.34	-4.87	405.59	4077.12	3671.53	7748.65	35011.50	1.16	22.13	37.65	9	日换手率达到20的前5只证券	20201013	星期二
18	003000	华文食品	1家机构买入，成功率50.23	17.95	0.28	-1361.76	2336.47	3698.24	6034.71	29150.98	-4.67	20.70	40.87	7	日换手率达到20的前5只证券	20201013	星期二
19	003001	中岩大地	买一主买，成功率83.10	43.43	44.00	710.84	758.76	47.92	806.68	758.76	93.68	106.32	0.72	11	无价格涨跌幅限制的证券	20201013	星期二
20	003003	天元股份	实力游资买入，成功率56.02	19.71	9.99	1892.64	4582.27	2689.63	7271.90	33184.08	5.70	21.91	39.55	9	日涨幅偏离值达到7的前5只证券	20201013	星期二
21	003003	天元股份	实力游资买入，成功率56.02	19.71	9.99	1892.64	4582.27	2689.63	7271.90	33184.08	5.70	21.91	39.55	9	日换手率达到20的前5只证券	20201013	星期二
22	003006	百亚股份	2家机构买入，成功率41.88	19.20	3.23	-885.83	3103.04	3988.87	7091.91	36410.22	-2.43	19.48	45.38	8	日换手率达到20的前5只证券	20201013	星期二
23	003009	中天火箭	买一主买，成功率75.50	33.00	10.00	1074.40	1101.09	26.69	1127.77	1101.09	97.58	102.42	0.20	13	连续三个交易日内，涨幅偏离值累计达到20的证券	20201013	星期二
24	003010	若羽臣	实力游资买入，成功率51.11	38.79	10.01	1586.84	1631.29	44.44	1675.73	1631.29	97.28	102.72	0.47	12	连续三个交易日内，涨幅偏离值累计达到20的证券	20201013	星期二
25	300062	中能电气	主力做T，成功率42.18	10.63	19.98	641.02	10960.14	10319.12	21279.25	87391.09	0.73	24.35	27.59	21	连续三个交易日内，涨幅偏离值累计达到30的证券	20201013	星期二
26	300301	长方集团	实力游资买入，成功率39.92	6.11	20.04	1640.41	8659.69	7019.28	15678.98	131756.23	1.25	11.90	36.65	38	日涨幅达到15的前5只证券	20201013	星期二
27	300313	天山生物	实力游资买入，成功率37.22	25.19	20.01	1.10	5445.44	5444.34	10889.78	118199.22	0.00	9.21	28.03	46	日涨幅达到15的前5只证券	20201013	星期二
28	300358	楚天科技	实力游资买入，成功率46.98	17.80	20.03	5719.17	14722.10	9002.93	23725.03	102632.50	5.57	23.12	13.00	81	日涨幅达到15的前5只证券	20201013	星期二
29	300431	暴风退	卖一主卖，成功率41.11	0.29	-6.45	-235.64	103.59	339.23	442.82	627.66	-37.54	70.55	8.46	1	退市整理期	20201013	星期二
30	300447	全信股份	1家机构买入，成功率37.68	23.24	19.98	344.55	8118.73	7774.18	15892.91	82945.55	0.42	19.16	23.24	40	日涨幅达到15的前5只证券	20201013	星期二
31	300675	建科院	实力游资买入，成功率45.12	31.55	20.01	1056.83	5404.42	4347.59	9752.01	79233.22	1.33	12.31	19.50	46	日涨幅达到15的前5只证券	20201013	星期二
32	300675	建科院	主力做T，成功率39.82	31.55	20.01	-2025.78	5304.75	7330.52	12635.27	130054.77	-1.56	9.72	19.50	46	连续三个交易日内，涨幅偏离值累计达到30的证券	20201013	星期二
33	300711	广哈通信	主力做T，成功率31.48	28.45	0.46	-3555.73	6841.60	10397.32	17238.92	104052.53	-3.42	16.57	55.14	19	日换手率达到30的前5只证券	20201013	星期二
34	300713	英可瑞	实力游资买入，成功率27.31	26.23	19.99	2226.44	7630.44	5404.01	13034.45	86934.99	2.56	14.99	36.49	17	连续三个交易日内，涨幅偏离值累计达到30的证券	20201013	星期二
35	300847	中船汉光	1家机构买入，成功率38.02	38.59	3.24	771.72	7710.45	6938.74	14649.19	88292.14	0.87	16.59	46.00	19	日换手率达到30的前5只证券	20201013	星期二
36	300863	卡倍亿	1家机构卖出，成功率32.32	145.20	-0.70	-2255.28	5417.03	7672.31	13089.34	114474.19	-1.97	11.43	58.59	19	日换手率达到30的前5只证券	20201013	星期二
37	300891	惠云钛业	西藏自治区资金买入，成功率31.69	20.66	1.42	-1314.74	4107.38	5422.12	9529.50	85671.11	-1.53	11.12	44.40	20	日换手率达到30的前5只证券	20201013	星期二
38	300893	松原股份	实力游资买入，成功率59.61	40.80	4.16	-1679.60	4871.99	6551.59	11423.57	42381.52	-3.96	26.95	46.13	10	日换手率达到30的前5只证券	20201013	星期二
39	600166	福田汽车	1家机构买入，成功率35.28	3.03	10.18	6430.18	8558.98	2128.80	10687.78	43798.01	14.68	24.40	2.28	199	有价格涨跌幅限制的日收盘价格涨幅偏离值达到7的前三只证券	20201013	星期二
40	600189	吉林森工	实力游资买入，成功率43.84	6.58	10.03	824.05	2691.96	1867.91	4559.87	11706.55	7.04	38.95	3.74	32	有价格涨跌幅限制的日收盘价格涨幅偏离值达到7的前三只证券	20201013	星期二
41	601456	国联证券	西藏自治区资金卖出，成功率42.88	18.48	-5.91	-1669.16	17346.97	19016.13	36363.10	303362.31	-0.55	11.99	34.30	88	有价格涨跌幅限制的日换手率达到20的前三只证券	20201013	星期二
42	601878	浙商证券	1家机构卖出，成功率30.68	16.58	-7.68	-4424.77	9772.50	14197.27	23969.77	270299.53	-1.64	8.87	4.46	599	有价格涨跌幅限制的日收盘价格跌幅偏离值达到7的前三只证券	20201013	星期二
43	603700	宁水集团	3家机构卖出，成功率31.42	30.47	-7.10	-1963.10	4662.59	6625.69	11288.28	25909.41	-7.58	43.57	8.21	31	有价格涨跌幅限制的日收盘价格跌幅偏离值达到7的前三只证券	20201013	星期二
44	603877	太平鸟	2家机构买入，成功率46.56	33.07	10.01	176.07	2555.69	2379.62	4935.30	7994.36	2.20	61.73	0.53	158	有价格涨跌幅限制的日收盘价格涨幅偏离值达到7的前三只证券	20201013	星期二
45	605099	共创草坪	1家机构买入，成功率35.17	29.59	10.00	3295.95	10281.12	6985.17	17266.29	102463.86	3.22	16.85	36.32	12	非ST、*ST和S证券连续三个交易日内收盘价格涨幅偏离值累计达到20的证券	20201013	星期二
46	605099	共创草坪	实力游资买入，成功率32.73	29.59	10.00	-1926.73	4642.42	6569.15	11211.57	41303.45	-4.66	27.14	36.32	12	有价格涨跌幅限制的日换手率达到20的前三只证券	20201013	星期二
47	605333	沪光股份	实力游资买入，成功率45.65	18.62	9.98	1587.38	4560.49	2973.11	7533.60	29244.07	5.43	25.76	41.07	7	有价格涨跌幅限制的日换手率达到20的前三只证券	20201013	星期二
48	605358	立昂微	实力游资买入，成功率56.00	32.56	10.00	4399.39	4631.87	232.48	4864.35	4631.87	94.98	105.02	0.41	13	非ST、*ST和S证券连续三个交易日内收盘价格涨幅偏离值累计达到20的证券	20201013	星期二
