1	000026	飞亚达	1家机构卖出，成功率51.63	15.25	-6.15	-5556.75	6308.73	11865.47	18174.20	33069.22	-16.80	54.96	5.84	54	日跌幅偏离值达到7的前5只证券	20201020	星期二
2	000625	长安汽车	1家机构买入，成功率53.46	16.68	10.03	11604.07	32026.74	20422.67	52449.41	124719.61	9.30	42.05	2.00	651	日涨幅偏离值达到7的前5只证券	20201020	星期二
3	001896	豫能控股	实力游资买入，成功率36.30	4.08	9.97	-1374.02	2172.44	3546.46	5718.91	13311.12	-10.32	42.96	3.52	38	日涨幅偏离值达到7的前5只证券	20201020	星期二
4	002042	华孚时尚	2家机构卖出，成功率43.37	6.97	-6.32	-1114.94	5818.55	6933.49	12752.04	23711.75	-4.70	53.78	2.23	106	日跌幅偏离值达到7的前5只证券	20201020	星期二
5	002407	多氟多	买一主买，成功率48.48	15.94	10.01	13880.73	26768.41	12887.69	39656.10	148801.74	9.33	26.65	16.62	92	日涨幅偏离值达到7的前5只证券	20201020	星期二
6	002434	万里扬	3家机构买入，成功率48.47	10.86	10.03	6948.17	18454.59	11506.43	29961.02	55356.83	12.55	54.12	4.46	127	日涨幅偏离值达到7的前5只证券	20201020	星期二
7	002504	弘高创意	实力游资卖出，成功率25.21	2.90	-6.15	-3845.22	2196.69	6041.92	8238.61	17141.83	-22.43	48.06	13.91	12	日跌幅偏离值达到7的前5只证券	20201020	星期二
8	002581	未名医药	主力做T，成功率34.59	23.45	9.99	3891.96	10722.41	6830.45	17552.86	122265.11	3.18	14.36	13.58	94	日涨幅偏离值达到7的前5只证券	20201020	星期二
9	002590	万安科技	3家机构买入，成功率46.97	9.06	9.95	2230.39	4235.35	2004.96	6240.31	17690.00	12.61	35.28	4.70	39	日涨幅偏离值达到7的前5只证券	20201020	星期二
10	002759	天际股份	2家机构买入，成功率32.88	15.82	10.01	3470.91	8239.37	4768.46	13007.83	43114.17	8.05	30.17	7.29	64	日振幅值达到15的前5只证券	20201020	星期二
11	002759	天际股份	2家机构买入，成功率32.88	15.82	10.01	3470.91	8239.37	4768.46	13007.83	43114.17	8.05	30.17	7.29	64	日涨幅偏离值达到7的前5只证券	20201020	星期二
12	003010	若羽臣	浙江资金卖出，成功率42.17	52.80	-1.31	-5421.33	9824.56	15245.89	25070.46	71569.47	-7.57	35.03	45.29	16	日换手率达到20的前5只证券	20201020	星期二
13	003012	东鹏控股	西藏自治区资金买入，成功率27.68	17.34	6.12	5976.15	9129.59	3153.44	12283.03	119287.32	5.01	10.30	48.21	25	日换手率达到20的前5只证券	20201020	星期二
14	300064	豫金刚石	实力游资买入，成功率35.27	8.52	20.00	-8150.09	11303.78	19453.87	30757.65	170028.91	-4.79	18.09	32.54	54	日涨幅达到15的前5只证券	20201020	星期二
15	300419	浩丰科技	实力游资买入，成功率46.62	10.37	20.02	-9610.31	10552.43	20162.73	30715.16	124677.90	-7.71	24.64	33.03	38	日涨幅达到15的前5只证券	20201020	星期二
16	300419	浩丰科技	实力游资买入，成功率43.33	10.37	20.02	-18649.98	11749.72	30399.71	42149.43	181199.92	-10.29	23.26	33.03	38	连续三个交易日内，涨幅偏离值累计达到30的证券	20201020	星期二
17	300431	暴风退	买一主买，成功率41.01	0.31	10.71	99.33	227.11	127.78	354.88	679.71	14.61	52.21	9.17	1	退市整理期	20201020	星期二
18	300722	新余国科	西藏自治区资金卖出，成功率33.03	76.80	-3.76	-626.60	6657.40	7284.00	13941.39	126704.20	-0.49	11.00	46.49	28	日换手率达到30的前5只证券	20201020	星期二
19	300819	聚杰微纤	广东资金卖出，成功率70.30	49.62	-1.92	-1192.54	3940.10	5132.64	9072.75	76468.49	-1.56	11.86	64.39	12	日换手率达到30的前5只证券	20201020	星期二
20	300863	卡倍亿	实力游资买入，成功率50.86	165.12	20.00	4117.42	9505.37	5387.94	14893.31	106418.66	3.87	14.00	52.38	22	日涨幅达到15的前5只证券	20201020	星期二
21	300863	卡倍亿	实力游资买入，成功率50.86	165.12	20.00	4117.42	9505.37	5387.94	14893.31	106418.66	3.87	14.00	52.38	22	日换手率达到30的前5只证券	20201020	星期二
22	300893	松原股份	主力做T，成功率39.72	67.20	20.00	421.70	6569.81	6148.11	12717.92	88371.36	0.48	14.39	63.95	16	日涨幅达到15的前5只证券	20201020	星期二
23	300893	松原股份	主力做T，成功率39.72	67.20	20.00	421.70	6569.81	6148.11	12717.92	88371.36	0.48	14.39	63.95	16	日换手率达到30的前5只证券	20201020	星期二
24	300895	铜牛信息	1家机构买入，成功率62.89	73.72	20.01	4408.60	9393.02	4984.42	14377.44	96893.68	4.55	14.84	62.65	17	日涨幅达到15的前5只证券	20201020	星期二
25	300895	铜牛信息	1家机构买入，成功率62.89	73.72	20.01	4408.60	9393.02	4984.42	14377.44	96893.68	4.55	14.84	62.65	17	日换手率达到30的前5只证券	20201020	星期二
26	600573	惠泉啤酒	实力游资买入，成功率37.84	7.80	10.01	1268.79	2394.22	1125.44	3519.66	10631.98	11.93	33.10	5.61	20	有价格涨跌幅限制的日收盘价格涨幅偏离值达到7的前三只证券	20201020	星期二
27	600863	内蒙华电	买一主买，成功率63.33	2.68	0.00	1236.69	1236.69	-	1236.69	2488.84	49.69	49.69	0.16	156	单只标的证券的当日融资买入数量达到当日该证券总交易量的50％以上	20201020	星期二
28	600889	南京化纤	实力游资卖出，成功率63.33	7.42	-6.55	-1245.74	649.40	1895.14	2544.54	8012.69	-15.55	31.76	3.17	25	有价格涨跌幅限制的日收盘价格跌幅偏离值达到7的前三只证券	20201020	星期二
29	601568	N北元	西藏自治区资金买入，成功率27.89	14.11	38.74	3487.50	10382.70	6895.20	17277.91	211584.56	1.65	8.17	41.64	51	无价格涨跌幅限制的证券	20201020	星期二
30	601568	N北元	西藏自治区资金买入，成功率27.89	14.11	38.74	3487.50	10382.70	6895.20	17277.91	211584.56	1.65	8.17	41.64	51	当日无价格涨跌幅限制的A股，出现异常波动停牌的	20201020	星期二
31	603919	金徽酒	买一主买，成功率41.28	23.84	10.01	-1032.23	6684.71	7716.94	14401.65	54335.35	-1.90	26.51	4.79	117	有价格涨跌幅限制的日收盘价格涨幅偏离值达到7的前三只证券	20201020	星期二
32	603976	正川股份	实力游资买入，成功率32.79	94.72	10.00	8189.66	28303.74	20114.08	48417.82	404289.84	2.03	11.98	10.20	143	非ST、*ST和S证券连续三个交易日内收盘价格涨幅偏离值累计达到20的证券	20201020	星期二
33	605018	长华股份	西藏自治区资金买入，成功率54.50	18.61	0.98	105.75	1477.00	1371.25	2848.25	26240.27	0.40	10.85	34.61	8	有价格涨跌幅限制的日换手率达到20的前三只证券	20201020	星期二
34	605111	新洁能	买一主买，成功率29.81	74.38	10.00	894.37	959.21	64.85	1024.06	959.21	93.24	106.76	0.25	19	非ST、*ST和S证券连续三个交易日内收盘价格涨幅偏离值累计达到20的证券	20201020	星期二
35	605116	奥锐特	买一主买，成功率39.10	22.50	10.02	2145.20	3923.75	1778.55	5702.29	24037.41	8.92	23.72	27.29	9	有价格涨跌幅限制的日收盘价格涨幅偏离值达到7的前三只证券	20201020	星期二
36	605116	奥锐特	买一主买，成功率39.10	22.50	10.02	2145.20	3923.75	1778.55	5702.29	24037.41	8.92	23.72	27.29	9	有价格涨跌幅限制的日换手率达到20的前三只证券	20201020	星期二
37	605136	丽人丽妆	买一主买，成功率71.83	41.53	10.01	1733.99	1784.28	50.29	1834.56	1784.28	97.18	102.82	0.56	17	非ST、*ST和S证券连续三个交易日内收盘价格涨幅偏离值累计达到20的证券	20201020	星期二
38	605336	帅丰电器	实力游资买入，成功率42.89	38.48	10.01	2622.58	6041.11	3418.53	9459.64	63925.80	4.10	14.80	48.43	14	有价格涨跌幅限制的日换手率达到20的前三只证券	20201020	星期二
39	605338	巴比食品	实力游资买入，成功率66.11	32.46	10.00	2761.67	3142.36	380.68	3523.04	5371.70	51.41	65.59	1.11	20	非ST、*ST和S证券连续三个交易日内收盘价格涨幅偏离值累计达到20的证券	20201020	星期二
