1	000056	皇庭国际	1家机构卖出，成功率39.05	3.57	-6.79	-2940.11	958.04	3898.15	4856.18	8517.40	-34.52	57.01	2.66	32	日跌幅偏离值达到7的前5只证券	20201027	星期二
2	000661	长春高新	3家机构买入，成功率46.69	381.17	10.00	17814.89	100093.84	82278.95	182372.79	402686.80	4.42	45.29	3.20	1296	日涨幅偏离值达到7的前5只证券	20201027	星期二
3	000816	智慧农业	买一主买，成功率66.67	1.65	10.00	158.57	442.60	284.03	726.63	442.60	35.83	164.17	0.20	22	日涨幅偏离值达到7的前5只证券	20201027	星期二
4	002114	罗平锌电	实力游资卖出，成功率26.39	6.60	-6.38	-2298.39	3511.36	5809.76	9321.12	20942.86	-10.97	44.51	9.38	21	日振幅值达到15的前5只证券	20201027	星期二
5	002196	方正电机	河南资金卖出，成功率36.02	6.32	-7.87	575.52	5028.13	4452.61	9480.74	32851.14	1.75	28.86	12.46	26	日跌幅偏离值达到7的前5只证券	20201027	星期二
6	002240	威华股份	实力游资买入，成功率41.34	13.16	10.03	1790.37	8638.56	6848.19	15486.75	47674.94	3.76	32.48	6.40	76	日涨幅偏离值达到7的前5只证券	20201027	星期二
7	002242	九阳股份	3家机构卖出，成功率48.56	40.28	-9.99	-6273.21	8815.32	15088.53	23903.85	26105.82	-24.03	91.57	0.84	308	日跌幅偏离值达到7的前5只证券	20201027	星期二
8	002247	*ST聚力	卖一主卖，成功率53.33	1.72	-4.97	-658.05	206.50	864.55	1071.05	1207.96	-54.48	88.67	0.43	10	连续三个交易日内，跌幅偏离值累计达到12的ST证券、*ST证券	20201027	星期二
9	002497	雅化集团	1家机构买入，成功率33.74	13.02	9.97	10242.88	26221.86	15978.98	42200.84	159109.14	6.44	26.52	14.71	110	日涨幅偏离值达到7的前5只证券	20201027	星期二
10	002518	科士达	1家机构卖出，成功率47.01	14.00	-9.97	-2358.11	6307.03	8665.14	14972.16	27316.07	-8.63	54.81	3.38	79	日跌幅偏离值达到7的前5只证券	20201027	星期二
11	002524	光正眼科	3家机构买入，成功率56.23	12.64	10.01	2131.98	6351.33	4219.35	10570.68	44447.33	4.80	23.78	7.39	61	日涨幅偏离值达到7的前5只证券	20201027	星期二
12	002531	天顺风能	2家机构卖出，成功率32.65	7.36	-9.47	-17455.54	12937.86	30393.40	43331.27	104335.12	-16.73	41.53	7.90	130	日跌幅偏离值达到7的前5只证券	20201027	星期二
13	002664	长鹰信质	2家机构卖出，成功率25.67	13.99	-8.80	-170.65	5737.34	5907.99	11645.33	35459.34	-0.48	32.84	6.53	55	日跌幅偏离值达到7的前5只证券	20201027	星期二
14	002664	长鹰信质	2家机构卖出，成功率25.67	13.99	-8.80	-740.21	5771.57	6511.78	12283.35	39150.15	-1.89	31.37	6.53	55	连续三个交易日内，跌幅偏离值累计达到20的证券	20201027	星期二
15	002747	埃斯顿	1家机构买入，成功率44.25	24.29	10.01	-1143.81	10119.12	11262.93	21382.04	39624.78	-2.89	53.96	2.33	177	日涨幅偏离值达到7的前5只证券	20201027	星期二
16	002759	天际股份	2家机构买入，成功率37.77	15.87	9.98	-1795.11	6540.69	8335.80	14876.49	42452.30	-4.23	35.04	7.04	64	日涨幅偏离值达到7的前5只证券	20201027	星期二
17	003010	若羽臣	实力游资买入，成功率44.22	46.68	1.54	-1036.62	2689.62	3726.23	6415.85	29617.53	-3.50	21.66	21.38	14	日换手率达到20的前5只证券	20201027	星期二
18	003013	地铁设计	西藏自治区资金买入，成功率29.62	24.35	4.06	1540.16	3444.11	1903.95	5348.07	53850.65	2.86	9.93	56.74	10	日振幅值达到15的前5只证券	20201027	星期二
19	003013	地铁设计	西藏自治区资金买入，成功率29.62	24.35	4.06	1540.16	3444.11	1903.95	5348.07	53850.65	2.86	9.93	56.74	10	日换手率达到20的前5只证券	20201027	星期二
20	003016	欣贺股份	实力游资买入，成功率21.03	12.96	0.08	1015.21	3155.37	2140.16	5295.53	63178.43	1.61	8.38	44.39	14	日换手率达到20的前5只证券	20201027	星期二
21	300062	中能电气	西藏自治区资金买入，成功率24.12	20.05	9.32	-4334.97	9955.33	14290.30	24245.64	190170.56	-2.28	12.75	51.61	39	日换手率达到30的前5只证券	20201027	星期二
22	300314	戴维医疗	实力游资买入，成功率37.68	24.78	20.00	2673.66	8139.03	5465.37	13604.40	54862.23	4.87	24.80	12.29	47	日涨幅达到15的前5只证券	20201027	星期二
23	300345	华民股份	湖南资金卖出，成功率31.41	6.68	-20.00	-6776.14	4786.74	11562.88	16349.62	31715.59	-21.37	51.55	10.11	29	日跌幅达到15的前5只证券	20201027	星期二
24	300350	华鹏飞	实力游资买入，成功率44.36	7.33	19.97	-4772.93	8403.81	13176.74	21580.55	38300.95	-12.46	56.34	16.61	24	日涨幅达到15的前5只证券	20201027	星期二
25	300431	暴风退	实力游资买入，成功率24.25	0.31	6.90	39.85	137.70	97.85	235.56	342.11	11.65	68.85	4.51	1	退市整理期	20201027	星期二
26	300446	ST乐凯	实力游资买入，成功率56.86	11.30	19.96	5655.22	8555.64	2900.41	11456.05	42374.69	13.35	27.04	11.60	22	连续三个交易日内，涨幅偏离值累计达到30的证券	20201027	星期二
27	300490	华自科技	主力做T，成功率52.17	14.89	13.93	-3855.95	8633.17	12489.13	21122.30	125358.66	-3.08	16.85	28.39	35	连续三个交易日内，涨幅偏离值累计达到30的证券	20201027	星期二
28	300578	会畅通讯	1家机构买入，成功率44.53	41.04	20.00	4229.20	7154.01	2924.81	10078.82	57750.60	7.32	17.45	12.06	49	日涨幅达到15的前5只证券	20201027	星期二
29	300589	江龙船艇	实力游资买入，成功率51.98	36.80	19.99	6710.84	11578.57	4867.73	16446.30	121555.08	5.52	13.53	35.52	35	日涨幅达到15的前5只证券	20201027	星期二
30	300819	聚杰微纤	实力游资买入，成功率35.35	52.18	8.21	-3556.21	3858.27	7414.48	11272.74	82011.05	-4.34	13.75	65.56	13	日换手率达到30的前5只证券	20201027	星期二
31	300880	迦南智能	1家机构卖出，成功率38.56	55.00	-3.73	-5714.72	4633.10	10347.81	14980.91	89192.86	-6.41	16.80	48.84	17	日换手率达到30的前5只证券	20201027	星期二
32	300898	熊猫乳品	主力做T，成功率37.49	74.10	-4.74	-1140.20	10663.76	11803.95	22467.71	116262.44	-0.98	19.32	59.03	20	日换手率达到30的前5只证券	20201027	星期二
33	300899	上海凯鑫	江苏资金买入，成功率36.40	84.98	19.99	4915.83	7908.97	2993.14	10902.11	74848.23	6.57	14.57	61.12	14	日涨幅达到15的前5只证券	20201027	星期二
34	300899	上海凯鑫	江苏资金买入，成功率36.40	84.98	19.99	4915.83	7908.97	2993.14	10902.11	74848.23	6.57	14.57	61.12	14	日振幅值达到30的前5只证券	20201027	星期二
35	300899	上海凯鑫	江苏资金买入，成功率36.40	84.98	19.99	4915.83	7908.97	2993.14	10902.11	74848.23	6.57	14.57	61.12	14	日换手率达到30的前5只证券	20201027	星期二
36	600161	天坛生物	1家机构卖出，成功率30.66	37.26	-8.72	-10449.06	22581.72	33030.78	55612.50	149020.92	-7.01	37.32	3.14	467	有价格涨跌幅限制的日收盘价格跌幅偏离值达到7的前三只证券	20201027	星期二
37	600460	士兰微	卖一主卖，成功率46.23	15.10	-7.81	719.73	4819.41	4099.68	8919.08	56205.33	1.28	15.87	2.78	198	有价格涨跌幅限制的日收盘价格跌幅偏离值达到7的前三只证券	20201027	星期二
38	601187	N厦银	实力游资买入，成功率36.39	9.41	40.24	4049.36	7446.76	3397.40	10844.16	122538.23	3.30	8.85	51.02	25	无价格涨跌幅限制的证券	20201027	星期二
39	601187	N厦银	实力游资买入，成功率36.39	9.41	40.24	4049.36	7446.76	3397.40	10844.16	122538.23	3.30	8.85	51.02	25	当日无价格涨跌幅限制的A股，出现异常波动停牌的	20201027	星期二
40	601333	广深铁路	成功率33.33	2.34	-0.43	2077.93	2077.93	-	2077.93	3926.68	52.92	52.92	0.30	132	单只标的证券的当日融资买入数量达到当日该证券总交易量的50％以上	20201027	星期二
41	601865	福莱特	2家机构买入，成功率43.08	37.14	7.65	11309.43	21940.30	10630.87	32571.17	76532.85	14.78	42.56	6.32	127	有价格涨跌幅限制的日收盘价格涨幅偏离值达到7的前三只证券	20201027	星期二
42	603212	赛伍技术	2家机构买入，成功率46.89	33.48	8.49	3056.29	5890.06	2833.77	8723.84	15307.05	19.97	56.99	11.73	13	有价格涨跌幅限制的日收盘价格涨幅偏离值达到7的前三只证券	20201027	星期二
43	603283	赛腾股份	2家机构卖出，成功率44.64	48.83	-10.01	-1524.56	1006.98	2531.53	3538.51	5702.37	-26.74	62.05	2.36	24	有价格涨跌幅限制的日收盘价格跌幅偏离值达到7的前三只证券	20201027	星期二
44	605058	澳弘电子	实力游资卖出，成功率40.47	27.37	-6.65	-979.93	1591.51	2571.45	4162.96	30579.25	-3.20	13.61	30.97	10	有价格涨跌幅限制的日换手率达到20的前三只证券	20201027	星期二
45	605111	新洁能	实力游资买入，成功率37.70	119.79	10.00	22736.02	25167.03	2431.01	27598.03	29929.38	75.97	92.21	9.88	30	有价格涨跌幅限制的日收盘价格涨幅偏离值达到7的前三只证券	20201027	星期二
46	605136	丽人丽妆	实力游资卖出，成功率30.09	43.06	-7.12	-2239.64	9919.10	12158.74	22077.83	82030.41	-2.73	26.91	47.19	17	有价格涨跌幅限制的日换手率达到20的前三只证券	20201027	星期二
47	605338	巴比食品	江苏资金卖出，成功率41.67	46.00	-3.22	16751.69	25087.99	8336.30	33424.29	83970.92	19.95	39.80	29.34	29	有价格涨跌幅限制的日换手率达到20的前三只证券	20201027	星期二
48	688386	泛亚微透	买一主买，成功率29.59	49.75	8.18	1504.42	4650.50	3146.08	7796.58	28245.20	5.33	27.60	40.93	7	有价格涨跌幅限制的日换手率达到30的前五只证券	20201027	星期二
