1	000550	江铃汽车	主力做T，成功率35.91	19.93	6.41	-2383.00	15149.76	17532.76	32682.52	101883.99	-2.34	32.08	9.83	103	日涨幅偏离值达到7的前5只证券	20201030	星期五
2	000550	江铃汽车	主力做T，成功率40.10	19.93	6.41	11386.23	38763.84	27377.61	66141.45	186004.23	6.12	35.56	9.83	103	连续三个交易日内，涨幅偏离值累计达到20的证券	20201030	星期五
3	000656	金科股份	3家机构卖出，成功率40.40	7.75	-9.99	-821.49	16753.60	17575.09	34328.70	70396.36	-1.17	48.76	1.68	410	日跌幅偏离值达到7的前5只证券	20201030	星期五
4	000698	沈阳化工	3家机构卖出，成功率45.08	5.40	-5.43	-4016.02	4950.78	8966.80	13917.58	76545.95	-5.25	18.18	5.40	42	连续三个交易日内，跌幅偏离值累计达到20的证券	20201030	星期五
5	000796	凯撒旅业	1家机构买入，成功率17.12	14.02	5.18	1490.37	4629.35	3138.98	7768.33	26624.52	5.60	29.18	2.38	113	日涨幅偏离值达到7的前5只证券	20201030	星期五
6	000816	智慧农业	实力游资买入，成功率39.85	2.20	10.00	1949.31	5087.87	3138.56	8226.44	26286.97	7.42	31.29	8.94	29	日涨幅偏离值达到7的前5只证券	20201030	星期五
7	000860	顺鑫农业	3家机构卖出，成功率46.23	54.94	-9.99	-11934.78	23635.06	35569.83	59204.89	96697.32	-12.34	61.23	2.36	408	日跌幅偏离值达到7的前5只证券	20201030	星期五
8	000921	海信家电	3家机构买入，成功率34.05	14.63	5.63	1470.23	14855.64	13385.41	28241.05	53239.72	2.76	53.05	4.05	132	日涨幅偏离值达到7的前5只证券	20201030	星期五
9	000985	大庆华科	主力做T，成功率56.67	19.91	8.50	-2342.31	4503.30	6845.61	11348.91	42576.81	-5.50	26.66	16.88	26	日涨幅偏离值达到7的前5只证券	20201030	星期五
10	002109	兴化股份	实力游资买入，成功率39.62	3.91	10.14	2668.76	6679.65	4010.89	10690.54	25123.14	10.62	42.55	6.19	41	日涨幅偏离值达到7的前5只证券	20201030	星期五
11	002153	石基信息	主力做T，成功率47.52	36.84	-9.99	-14334.94	10856.33	25191.27	36047.60	41612.63	-34.45	86.63	2.24	180	日跌幅偏离值达到7的前5只证券	20201030	星期五
12	002179	中航光电	3家机构买入，成功率45.82	55.40	7.20	7851.02	43003.94	35152.92	78156.87	116864.94	6.72	66.88	1.95	590	日涨幅偏离值达到7的前5只证券	20201030	星期五
13	002227	奥特迅	实力游资买入，成功率28.43	14.54	7.46	2076.01	3199.60	1123.58	4323.18	21628.87	9.60	19.99	6.80	32	日涨幅偏离值达到7的前5只证券	20201030	星期五
14	002286	保龄宝	4家机构卖出，成功率42.28	10.68	-10.03	-8736.59	7408.95	16145.54	23554.49	42031.73	-20.79	56.04	10.27	39	日跌幅偏离值达到7的前5只证券	20201030	星期五
15	002290	ST中科创	主力做T，成功率30.11	5.98	2.05	-218.77	1076.76	1295.54	2372.30	9770.18	-2.24	24.28	4.49	13	连续三个交易日内，涨幅偏离值累计达到12的ST证券、*ST证券	20201030	星期五
16	002409	雅克科技	1家机构买入，成功率48.29	50.63	7.49	4787.99	16047.85	11259.86	27307.72	88915.47	5.38	30.71	7.28	122	日涨幅偏离值达到7的前5只证券	20201030	星期五
17	002430	杭氧股份	3家机构买入，成功率46.20	28.80	7.66	3218.75	10042.40	6823.65	16866.05	36883.38	8.73	45.73	1.36	278	日涨幅偏离值达到7的前5只证券	20201030	星期五
18	002591	恒大高新	卖一主卖，成功率41.06	6.82	-7.21	-3138.80	1211.23	4350.03	5561.25	9249.35	-33.94	60.13	5.80	15	日振幅值达到15的前5只证券	20201030	星期五
19	002635	安洁科技	2家机构卖出，成功率28.10	19.85	-9.98	-3510.69	5609.16	9119.85	14729.02	53379.74	-6.58	27.59	7.30	72	日跌幅偏离值达到7的前5只证券	20201030	星期五
20	002734	利民股份	广东资金卖出，成功率42.04	12.99	-9.98	-336.61	3969.57	4306.18	8275.75	25956.05	-1.30	31.88	6.12	42	日跌幅偏离值达到7的前5只证券	20201030	星期五
21	002850	科达利	3家机构卖出，成功率47.59	67.95	-10.00	-1804.75	5061.88	6866.63	11928.51	26918.78	-6.70	44.31	2.99	88	日跌幅偏离值达到7的前5只证券	20201030	星期五
22	002870	香山股份	2家机构卖出，成功率53.90	22.22	-7.61	-1445.28	636.34	2081.62	2717.96	8423.56	-17.16	32.27	7.34	11	日振幅值达到15的前5只证券	20201030	星期五
23	003006	百亚股份	1家机构买入，成功率30.97	19.31	3.21	-1180.88	2705.97	3886.85	6592.82	25549.36	-4.62	25.80	31.34	8	日换手率达到20的前5只证券	20201030	星期五
24	003009	中天火箭	实力游资买入，成功率32.02	69.54	0.32	323.68	11350.78	11027.11	22377.89	144222.68	0.22	15.52	54.95	27	日振幅值达到15的前5只证券	20201030	星期五
25	003009	中天火箭	实力游资买入，成功率32.02	69.54	0.32	323.68	11350.78	11027.11	22377.89	144222.68	0.22	15.52	54.95	27	日换手率达到20的前5只证券	20201030	星期五
26	003015	日久光电	实力游资买入，成功率73.89	17.24	2.74	4136.31	6148.22	2011.91	8160.13	64714.32	6.39	12.61	53.71	12	日振幅值达到15的前5只证券	20201030	星期五
27	003015	日久光电	实力游资买入，成功率73.89	17.24	2.74	4136.31	6148.22	2011.91	8160.13	64714.32	6.39	12.61	53.71	12	日换手率达到20的前5只证券	20201030	星期五
28	003015	日久光电	实力游资买入，成功率73.89	17.24	2.74	4136.31	6148.22	2011.91	8160.13	64714.32	6.39	12.61	53.71	12	连续三个交易日内，日均换手率与前五个交易日的日均换手率的比值达到30倍，且换手率累计达20的证券	20201030	星期五
29	003017	大洋生物	西藏自治区资金卖出，成功率34.16	43.89	-5.14	758.02	1942.99	1184.97	3127.96	18016.09	4.21	17.36	26.97	7	日换手率达到20的前5只证券	20201030	星期五
30	300086	康芝药业	1家机构卖出，成功率41.00	7.02	-16.23	-1169.02	3217.27	4386.28	7603.55	46109.13	-2.54	16.49	14.26	31	日跌幅达到15的前5只证券	20201030	星期五
31	300274	阳光电源	1家机构买入，成功率43.62	38.83	19.99	42235.90	83963.40	41727.51	125690.91	388541.54	10.87	32.35	9.42	421	日涨幅达到15的前5只证券	20201030	星期五
32	300431	暴风退	买一主买，成功率27.86	0.29	0.00	-47.66	84.78	132.43	217.21	275.31	-17.31	78.90	3.94	1	退市整理期	20201030	星期五
33	300606	金太阳	实力游资卖出，成功率48.55	25.17	-19.12	-1261.41	1182.72	2444.13	3626.85	25547.06	-4.94	14.20	17.89	14	日跌幅达到15的前5只证券	20201030	星期五
34	300619	金银河	1家机构卖出，成功率39.65	24.80	-10.89	-3269.68	1837.52	5107.20	6944.72	25801.57	-12.67	26.92	16.76	14	日振幅值达到30的前5只证券	20201030	星期五
35	300658	延江股份	1家机构卖出，成功率43.57	31.50	-18.96	-694.63	3751.23	4445.85	8197.08	45500.79	-1.53	18.02	15.23	28	日跌幅达到15的前5只证券	20201030	星期五
36	300720	海川智能	实力游资买入，成功率45.27	29.95	19.99	-5588.14	4002.06	9590.20	13592.25	40056.10	-13.95	33.93	33.07	12	日涨幅达到15的前5只证券	20201030	星期五
37	300720	海川智能	主力做T，成功率41.87	29.95	19.99	-2486.52	7325.90	9812.42	17138.32	55293.57	-4.50	31.00	33.07	12	连续三个交易日内，涨幅偏离值累计达到30的证券	20201030	星期五
38	300722	新余国科	西藏自治区资金卖出，成功率31.21	72.80	-9.02	-1015.46	5211.04	6226.49	11437.53	129370.13	-0.78	8.84	45.64	26	日换手率达到30的前5只证券	20201030	星期五
39	300729	乐歌股份	2家机构卖出，成功率43.89	59.89	-15.65	-3918.56	5287.31	9205.87	14493.18	49642.11	-7.89	29.20	21.25	23	日跌幅达到15的前5只证券	20201030	星期五
40	300781	因赛集团	主力做T，成功率37.02	63.50	7.57	400.55	5870.85	5470.30	11341.15	89329.20	0.45	12.70	52.80	17	日换手率达到30的前5只证券	20201030	星期五
41	300819	聚杰微纤	主力做T，成功率25.34	47.51	-18.16	-1856.96	4377.29	6234.25	10611.54	81862.60	-2.27	12.96	63.54	12	日跌幅达到15的前5只证券	20201030	星期五
42	300819	聚杰微纤	主力做T，成功率25.34	47.51	-18.16	-1856.96	4377.29	6234.25	10611.54	81862.60	-2.27	12.96	63.54	12	日换手率达到30的前5只证券	20201030	星期五
43	300843	胜蓝股份	实力游资买入，成功率42.27	40.38	20.00	7692.40	10843.25	3150.85	13994.10	59233.06	12.99	23.63	41.95	15	日涨幅达到15的前5只证券	20201030	星期五
44	300843	胜蓝股份	实力游资买入，成功率42.27	40.38	20.00	7692.40	10843.25	3150.85	13994.10	59233.06	12.99	23.63	41.95	15	日换手率达到30的前5只证券	20201030	星期五
45	300891	惠云钛业	1家机构卖出，成功率41.96	20.01	-11.77	-8388.57	3761.93	12150.51	15912.44	82067.55	-10.22	19.39	41.09	19	日换手率达到30的前5只证券	20201030	星期五
46	600335	国机汽车	买一主买，成功率26.50	5.99	8.12	5080.64	7878.25	2797.61	10675.86	32845.99	15.47	32.50	5.32	62	有价格涨跌幅限制的日收盘价格涨幅偏离值达到7的前三只证券	20201030	星期五
47	600658	电子城	实力游资买入，成功率40.62	5.80	10.06	-2343.48	3469.10	5812.59	9281.69	18674.42	-12.55	49.70	2.89	65	有价格涨跌幅限制的日收盘价格涨幅偏离值达到7的前三只证券	20201030	星期五
48	601187	厦门银行	实力游资卖出，成功率49.61	7.61	-2.31	2427.57	6254.07	3826.50	10080.57	51722.61	4.69	19.49	25.35	20	有价格涨跌幅限制的日换手率达到20的前三只证券	20201030	星期五
49	601231	环旭电子	2家机构卖出，成功率42.14	21.85	-10.01	-15671.68	13482.27	29153.94	42636.21	99800.30	-15.70	42.72	2.05	477	有价格涨跌幅限制的日收盘价格跌幅偏离值达到7的前三只证券	20201030	星期五
50	603229	奥翔药业	3家机构卖出，成功率43.81	33.80	-7.47	-2830.41	3552.35	6382.77	9935.12	18303.18	-15.46	54.28	2.37	76	有价格涨跌幅限制的日价格振幅达到15的前三只证券	20201030	星期五
51	603569	长久物流	卖一主卖，成功率35.20	9.98	-10.01	-2747.16	877.61	3624.77	4502.38	16650.67	-16.50	27.04	2.84	56	有价格涨跌幅限制的日价格振幅达到15的前三只证券	20201030	星期五
52	603569	长久物流	卖一主卖，成功率35.20	9.98	-10.01	-2747.16	877.61	3624.77	4502.38	16650.67	-16.50	27.04	2.84	56	有价格涨跌幅限制的日收盘价格跌幅偏离值达到7的前三只证券	20201030	星期五
53	603786	科博达	3家机构卖出，成功率45.88	64.31	-10.01	-2741.28	4301.15	7042.43	11343.58	13128.74	-20.88	86.40	5.03	26	有价格涨跌幅限制的日收盘价格跌幅偏离值达到7的前三只证券	20201030	星期五
54	603856	东宏股份	3家机构卖出，成功率49.12	13.06	-9.74	-10729.16	5382.67	16111.83	21494.50	51380.49	-20.88	41.83	17.32	12	非ST、*ST和S证券连续三个交易日内收盘价格跌幅偏离值累计达到20的证券	20201030	星期五
55	603986	兆易创新	2家机构买入，成功率38.44	194.70	10.00	55742.33	91857.43	36115.11	127972.54	453212.15	12.30	28.24	5.66	814	有价格涨跌幅限制的日收盘价格涨幅偏离值达到7的前三只证券	20201030	星期五
56	605111	新洁能	实力游资卖出，成功率44.04	124.98	-2.97	-7838.10	8757.85	16595.94	25353.79	88742.58	-8.83	28.57	27.85	32	有价格涨跌幅限制的日换手率达到20的前三只证券	20201030	星期五
57	605136	丽人丽妆	实力游资卖出，成功率39.04	40.00	-2.44	-1321.44	2520.94	3842.37	6363.31	36980.79	-3.57	17.21	22.56	16	有价格涨跌幅限制的日换手率达到20的前三只证券	20201030	星期五
58	605169	N洪通	实力游资买入，成功率38.63	30.10	35.46	3457.70	5102.37	1644.67	6747.04	54156.96	6.38	12.46	44.46	12	无价格涨跌幅限制的证券	20201030	星期五
59	605169	N洪通	实力游资买入，成功率38.63	30.10	35.46	3457.70	5102.37	1644.67	6747.04	54156.96	6.38	12.46	44.46	12	当日无价格涨跌幅限制的A股，出现异常波动停牌的	20201030	星期五
60	688169	石头科技	4家机构买入，成功率49.80	811.98	20.00	761.71	20993.68	20231.97	41225.65	79594.09	0.96	51.79	6.14	132	有价格涨跌幅限制的日收盘价格涨幅达到15的前五只证券	20201030	星期五
61	900948	伊泰Ｂ股	卖一主卖，成功率45.69	0.63	-8.75	-126.09	96.36	222.44	318.80	628.71	-20.06	50.71	0.74	7	有价格涨跌幅限制的日收盘价格跌幅偏离值达到7的前三只证券	20201030	星期五
