1	000550	江铃汽车	1家机构买入，成功率0.00	17.03	10.01	9861.06	12994.21	3133.16	16127.37	32894.77	29.98	49.03	3.84	88	日涨幅偏离值达到7的前5只证券	20201028	星期三
2	000596	古井贡酒	4家机构买入，成功率0.00	229.60	9.41	25271.66	45261.71	19990.05	65251.76	118742.65	21.28	54.95	1.39	881	日涨幅偏离值达到7的前5只证券	20201028	星期三
3	000698	沈阳化工	1家机构卖出，成功率0.00	6.18	-10.04	-1493.96	3044.20	4538.16	7582.36	27677.44	-5.40	27.40	5.68	49	日跌幅偏离值达到7的前5只证券	20201028	星期三
4	000816	智慧农业	买一主买，成功率20.00	1.82	10.30	126.03	184.49	58.46	242.95	184.49	68.31	131.69	0.08	24	日涨幅偏离值达到7的前5只证券	20201028	星期三
5	000929	兰州黄河	1家机构买入，成功率0.00	8.36	8.01	919.81	1657.12	737.32	2394.44	5683.37	16.18	42.13	3.77	16	日涨幅偏离值达到7的前5只证券	20201028	星期三
6	002141	贤丰控股	实力游资卖出，成功率0.00	2.66	-9.83	-752.33	744.36	1496.69	2241.05	8527.22	-8.82	26.28	4.95	17	日跌幅偏离值达到7的前5只证券	20201028	星期三
7	002439	启明星辰	4家机构卖出，成功率0.00	30.90	-9.99	-8465.04	16817.57	25282.60	42100.17	81728.20	-10.36	51.51	3.64	221	日跌幅偏离值达到7的前5只证券	20201028	星期三
8	002674	兴业科技	北京资金买入，成功率0.00	13.97	8.63	1319.56	3043.59	1724.04	4767.63	9722.12	13.57	49.04	2.46	40	日涨幅偏离值达到7的前5只证券	20201028	星期三
9	002709	天赐材料	1家机构买入，成功率0.00	62.93	10.00	-11931.96	14688.06	26620.02	41308.08	117657.66	-10.14	35.11	3.63	342	日涨幅偏离值达到7的前5只证券	20201028	星期三
10	002759	天际股份	1家机构买入，成功率0.00	17.46	10.02	619.25	5777.39	5158.15	10935.54	46544.12	1.33	23.49	7.08	70	日涨幅偏离值达到7的前5只证券	20201028	星期三
11	003009	中天火箭	卖一主卖，成功率0.00	77.02	-10.00	9818.69	20735.20	10916.51	31651.71	85109.97	11.54	37.19	25.22	30	日振幅值达到15的前5只证券	20201028	星期三
12	003009	中天火箭	卖一主卖，成功率0.00	77.02	-10.00	9818.69	20735.20	10916.51	31651.71	85109.97	11.54	37.19	25.22	30	日跌幅偏离值达到7的前5只证券	20201028	星期三
13	003009	中天火箭	卖一主卖，成功率0.00	77.02	-10.00	9818.69	20735.20	10916.51	31651.71	85109.97	11.54	37.19	25.22	30	日换手率达到20的前5只证券	20201028	星期三
14	003009	中天火箭	卖一主卖，成功率0.00	77.02	-10.00	9818.69	20735.20	10916.51	31651.71	85109.97	11.54	37.19	25.22	30	连续三个交易日内，日均换手率与前五个交易日的日均换手率的比值达到30倍，且换手率累计达20的证券	20201028	星期三
15	003011	海象新材	3家机构卖出，成功率0.00	60.45	-0.08	43.43	4123.70	4080.27	8203.97	23182.39	0.19	35.39	20.72	11	日换手率达到20的前5只证券	20201028	星期三
16	003013	地铁设计	西藏自治区资金卖出，成功率0.00	22.02	-9.57	-139.98	1493.56	1633.54	3127.10	27444.48	-0.51	11.39	30.61	9	日跌幅偏离值达到7的前5只证券	20201028	星期三
17	003013	地铁设计	西藏自治区资金卖出，成功率0.00	22.02	-9.57	-139.98	1493.56	1633.54	3127.10	27444.48	-0.51	11.39	30.61	9	日换手率达到20的前5只证券	20201028	星期三
18	003015	日久光电	买一主买，成功率33.33	15.25	10.03	208.30	222.58	14.28	236.86	222.58	93.58	106.42	0.21	11	日涨幅偏离值达到7的前5只证券	20201028	星期三
19	003015	日久光电	实力游资买入，成功率0.00	15.25	10.03	1209.26	1232.35	23.09	1255.44	1232.35	98.13	101.87	0.21	11	连续三个交易日内，涨幅偏离值累计达到20的证券	20201028	星期三
20	003016	欣贺股份	主力做T，成功率0.00	11.67	-9.95	10.93	1923.45	1912.52	3835.97	36846.34	0.03	10.41	29.30	12	日跌幅偏离值达到7的前5只证券	20201028	星期三
21	003016	欣贺股份	主力做T，成功率0.00	11.67	-9.95	10.93	1923.45	1912.52	3835.97	36846.34	0.03	10.41	29.30	12	日换手率达到20的前5只证券	20201028	星期三
22	003017	大洋生物	实力游资买入，成功率0.00	50.26	10.00	4194.32	5633.07	1438.75	7071.81	28842.97	14.54	24.52	38.88	8	日涨幅偏离值达到7的前5只证券	20201028	星期三
23	003017	大洋生物	实力游资买入，成功率0.00	50.26	10.00	4194.32	5633.07	1438.75	7071.81	28842.97	14.54	24.52	38.88	8	日换手率达到20的前5只证券	20201028	星期三
24	200512	闽灿坤B	广东资金买入，成功率0.00	4.00	9.89	91.93	206.06	114.13	320.19	478.10	19.23	66.97	0.76	6	日涨幅偏离值达到7的前5只证券	20201028	星期三
25	300286	安科瑞	1家机构买入，成功率0.00	22.00	10.22	-4811.71	7346.80	12158.51	19505.31	126603.80	-3.80	15.41	15.31	38	连续三个交易日内，涨幅偏离值累计达到30的证券	20201028	星期三
26	300343	联创股份	实力游资买入，成功率0.00	4.39	19.95	4478.24	8716.87	4238.63	12955.50	120034.31	3.73	10.79	33.73	37	日涨幅达到15的前5只证券	20201028	星期三
27	300345	华民股份	湖南资金卖出，成功率0.00	6.00	-10.18	-5825.14	7648.38	13473.51	21121.89	66506.83	-8.76	31.76	13.25	26	连续三个交易日内，跌幅偏离值累计达到30的证券	20201028	星期三
28	300431	暴风退	实力游资卖出，成功率0.00	0.29	-6.45	-135.06	124.88	259.94	384.82	504.02	-26.80	76.35	6.85	1	退市整理期	20201028	星期三
29	300549	优德精密	1家机构买入，成功率0.00	23.57	20.01	1625.93	6691.26	5065.33	11756.59	58740.59	2.77	20.01	15.50	23	连续三个交易日内，涨幅偏离值累计达到30的证券	20201028	星期三
30	300582	英飞特	西藏自治区资金买入，成功率0.00	31.82	19.98	1179.54	7705.36	6525.81	14231.17	157890.32	0.75	9.01	41.22	43	日涨幅达到15的前5只证券	20201028	星期三
31	300582	英飞特	西藏自治区资金买入，成功率0.00	31.82	19.98	-16272.14	16946.50	33218.64	50165.15	479762.68	-3.39	10.46	41.22	43	连续三个交易日内，涨幅偏离值累计达到30的证券	20201028	星期三
32	300589	江龙船艇	实力游资买入，成功率0.00	41.17	11.88	4228.12	17132.03	12903.92	30035.95	265610.27	1.59	11.31	40.41	39	连续三个交易日内，涨幅偏离值累计达到30的证券	20201028	星期三
33	300647	超频三	实力游资买入，成功率0.00	16.70	19.97	8215.32	12549.78	4334.46	16884.24	95909.77	8.57	17.60	28.11	36	日涨幅达到15的前5只证券	20201028	星期三
34	300722	新余国科	实力游资买入，成功率0.00	81.20	19.99	5997.58	11354.87	5357.29	16712.16	149023.63	4.02	11.21	56.23	30	日涨幅达到15的前5只证券	20201028	星期三
35	300722	新余国科	实力游资买入，成功率0.00	81.20	19.99	5997.58	11354.87	5357.29	16712.16	149023.63	4.02	11.21	56.23	30	日换手率达到30的前5只证券	20201028	星期三
36	300819	聚杰微纤	西藏自治区资金买入，成功率0.00	55.00	5.40	-210.93	4122.31	4333.24	8455.55	86860.82	-0.24	9.73	65.36	14	日换手率达到30的前5只证券	20201028	星期三
37	300897	山科智能	江苏资金买入，成功率0.00	70.84	20.01	6245.89	11982.46	5736.57	17719.03	74863.97	8.34	23.67	64.38	12	日涨幅达到15的前5只证券	20201028	星期三
38	300897	山科智能	江苏资金买入，成功率0.00	70.84	20.01	6245.89	11982.46	5736.57	17719.03	74863.97	8.34	23.67	64.38	12	日换手率达到30的前5只证券	20201028	星期三
39	300898	熊猫乳品	主力做T，成功率0.00	72.45	-2.23	-2540.00	9210.52	11750.52	20961.04	114555.49	-2.22	18.30	58.65	19	日换手率达到30的前5只证券	20201028	星期三
40	300899	上海凯鑫	卖一主卖，成功率0.00	83.57	-1.66	-3120.36	5856.12	8976.48	14832.60	79289.76	-3.94	18.71	58.95	13	日换手率达到30的前5只证券	20201028	星期三
41	600068	葛洲坝	浙江资金买入，成功率0.00	6.70	10.02	3280.90	4686.65	1405.75	6092.40	9016.20	36.39	67.57	0.29	309	有价格涨跌幅限制的日收盘价格涨幅偏离值达到7的前三只证券	20201028	星期三
42	600297	广汇汽车	实力游资卖出，成功率0.00	3.56	-10.10	-1639.83	4969.76	6609.59	11579.35	70495.72	-2.33	16.43	2.40	289	有价格涨跌幅限制的日收盘价格跌幅偏离值达到7的前三只证券	20201028	星期三
43	601168	西部矿业	1家机构买入，成功率0.00	9.19	10.06	6533.71	15390.48	8856.77	24247.25	76443.68	8.55	31.72	3.55	219	有价格涨跌幅限制的日收盘价格涨幅偏离值达到7的前三只证券	20201028	星期三
44	601187	厦门银行	卖一主卖，成功率0.00	8.47	-9.99	-1145.29	4040.41	5185.70	9226.10	42754.47	-2.68	21.58	18.85	22	有价格涨跌幅限制的日收盘价格跌幅偏离值达到7的前三只证券	20201028	星期三
45	603767	中马传动	买一主买，成功率0.00	9.66	10.02	1745.58	2560.64	815.06	3375.70	6984.83	24.99	48.33	2.55	29	有价格涨跌幅限制的日收盘价格涨幅偏离值达到7的前三只证券	20201028	星期三
46	603856	东宏股份	1家机构卖出，成功率0.00	14.92	-10.01	-1857.33	2718.03	4575.37	7293.40	16232.24	-11.44	44.93	11.82	14	有价格涨跌幅限制的日收盘价格跌幅偏离值达到7的前三只证券	20201028	星期三
47	605111	新洁能	1家机构买入，成功率0.00	130.77	9.17	24894.97	48553.16	23658.19	72211.34	241679.00	10.30	29.88	75.95	33	有价格涨跌幅限制的日价格振幅达到15的前三只证券	20201028	星期三
48	605111	新洁能	1家机构买入，成功率0.00	130.77	9.17	24894.97	48553.16	23658.19	72211.34	241679.00	10.30	29.88	75.95	33	有价格涨跌幅限制的日换手率达到20的前三只证券	20201028	星期三
49	605136	丽人丽妆	实力游资卖出，成功率0.00	41.25	-4.20	-4209.24	11113.80	15323.03	26436.83	141065.77	-2.98	18.74	27.92	17	非ST、*ST和S证券连续三个交易日内收盘价格跌幅偏离值累计达到20的证券	20201028	星期三
50	605136	丽人丽妆	实力游资卖出，成功率0.00	41.25	-4.20	-2142.83	3057.43	5200.26	8257.68	46641.63	-4.59	17.70	27.92	17	有价格涨跌幅限制的日换手率达到20的前三只证券	20201028	星期三
51	605338	巴比食品	1家机构买入，成功率0.00	46.50	1.09	-8238.71	11466.08	19704.78	31170.86	77026.76	-10.70	40.47	26.18	29	有价格涨跌幅限制的日换手率达到20的前三只证券	20201028	星期三
52	688386	泛亚微透	江苏资金买入，成功率0.00	51.00	2.51	909.46	4338.01	3428.55	7766.56	27021.58	3.37	28.74	37.91	7	有价格涨跌幅限制的日换手率达到30的前五只证券	20201028	星期三
