1	000688	国城矿业	浙江资金卖出，成功率17.48	15.09	-10.02	-1233.31	2464.05	3697.35	6161.40	3697.35	-33.36	166.64	0.21	172	日跌幅偏离值达到7的前5只证券	20201009	星期五
2	000688	国城矿业	浙江资金卖出，成功率21.13	15.09	-10.02	-1434.88	2601.56	4036.44	6638.00	4119.28	-34.83	161.14	0.21	172	连续三个交易日内，跌幅偏离值累计达到20的证券	20201009	星期五
3	000728	国元证券	1家机构卖出，成功率40.18	10.79	-10.01	2661.49	23794.72	21133.23	44927.95	171795.33	1.55	26.15	5.28	318	日跌幅偏离值达到7的前5只证券	20201009	星期五
4	000802	北京文化	2家机构卖出，成功率29.05	7.99	-4.31	-5379.59	3024.93	8404.52	11429.44	39052.35	-13.78	29.27	6.72	57	日跌幅偏离值达到7的前5只证券	20201009	星期五
5	002506	协鑫集成	实力游资买入，成功率41.48	4.16	10.05	15288.19	20739.68	5451.49	26191.17	83577.14	18.29	31.34	4.02	211	日涨幅偏离值达到7的前5只证券	20201009	星期五
6	002531	天顺风能	买一主买，成功率37.53	8.17	9.96	7102.46	22055.07	14952.61	37007.69	90580.39	7.84	40.86	6.34	145	日涨幅偏离值达到7的前5只证券	20201009	星期五
7	002617	露笑科技	四川资金买入，成功率37.71	8.00	10.04	4969.56	12269.27	7299.71	19568.99	92387.71	5.38	21.18	10.13	96	日涨幅偏离值达到7的前5只证券	20201009	星期五
8	002707	众信旅游	2家机构卖出，成功率22.92	8.40	-7.59	-2618.23	2185.14	4803.38	6988.52	36824.44	-7.11	18.98	7.78	47	日跌幅偏离值达到7的前5只证券	20201009	星期五
9	002707	众信旅游	1家机构卖出，成功率27.41	8.40	-7.59	-10046.35	5313.84	15360.19	20674.02	98999.53	-10.15	20.88	7.78	47	连续三个交易日内，跌幅偏离值累计达到20的证券	20201009	星期五
10	002709	天赐材料	主力做T，成功率34.21	56.87	10.00	-470.00	19296.48	19766.49	39062.97	77719.79	-0.60	50.26	2.58	309	日涨幅偏离值达到7的前5只证券	20201009	星期五
11	002993	奥海科技	3家机构买入，成功率48.77	96.86	10.01	-3701.03	10535.18	14236.21	24771.40	80512.07	-4.60	30.77	18.84	44	日涨幅偏离值达到7的前5只证券	20201009	星期五
12	002998	优彩资源	实力游资买入，成功率31.63	10.84	10.05	2869.32	4450.92	1581.60	6032.52	30325.42	9.46	19.89	37.43	9	日振幅值达到15的前5只证券	20201009	星期五
13	002998	优彩资源	实力游资买入，成功率31.63	10.84	10.05	2869.32	4450.92	1581.60	6032.52	30325.42	9.46	19.89	37.43	9	日换手率达到20的前5只证券	20201009	星期五
14	003000	华文食品	实力游资买入，成功率21.99	17.35	1.40	-1815.31	3080.27	4895.58	7975.85	33005.28	-5.50	24.17	48.62	7	日换手率达到20的前5只证券	20201009	星期五
15	003003	天元股份	实力游资买入，成功率39.28	18.03	8.68	1623.89	3289.74	1665.85	4955.60	27825.83	5.84	17.81	37.37	8	日振幅值达到15的前5只证券	20201009	星期五
16	003003	天元股份	实力游资买入，成功率39.28	18.03	8.68	1623.89	3289.74	1665.85	4955.60	27825.83	5.84	17.81	37.37	8	日换手率达到20的前5只证券	20201009	星期五
17	003006	百亚股份	实力游资买入，成功率38.11	18.66	0.59	-912.49	5374.36	6286.85	11661.21	52874.53	-1.73	22.05	65.20	8	日振幅值达到15的前5只证券	20201009	星期五
18	003006	百亚股份	实力游资买入，成功率38.11	18.66	0.59	-912.49	5374.36	6286.85	11661.21	52874.53	-1.73	22.05	65.20	8	日换手率达到20的前5只证券	20201009	星期五
19	003011	海象新材	实力游资卖出，成功率40.55	53.38	-4.13	1815.52	3468.62	1653.10	5121.72	32246.79	5.63	15.88	33.42	10	日振幅值达到15的前5只证券	20201009	星期五
20	003011	海象新材	实力游资卖出，成功率40.55	53.38	-4.13	1815.52	3468.62	1653.10	5121.72	32246.79	5.63	15.88	33.42	10	日跌幅偏离值达到7的前5只证券	20201009	星期五
21	003011	海象新材	实力游资卖出，成功率40.55	53.38	-4.13	1815.52	3468.62	1653.10	5121.72	32246.79	5.63	15.88	33.42	10	日换手率达到20的前5只证券	20201009	星期五
22	300064	豫金刚石	实力游资买入，成功率44.62	6.02	19.92	1609.93	5464.10	3854.17	9318.26	97477.79	1.65	9.56	27.41	38	日涨幅达到15的前5只证券	20201009	星期五
23	300064	豫金刚石	西藏自治区资金买入，成功率33.54	6.02	19.92	-1021.02	7104.90	8125.92	15230.82	172318.40	-0.59	8.84	27.41	38	连续三个交易日内，涨幅偏离值累计达到30的证券	20201009	星期五
24	300073	当升科技	1家机构买入，成功率35.98	54.00	20.00	4015.43	26169.38	22153.94	48323.32	175448.27	2.29	27.54	7.73	235	日涨幅达到15的前5只证券	20201009	星期五
25	300208	青岛中程	实力游资买入，成功率41.25	16.03	19.98	4127.34	10590.18	6462.84	17053.02	86098.44	4.79	19.81	1.44	110	连续三个交易日内，涨幅偏离值累计达到30的证券	20201009	星期五
26	300318	博晖创新	主力做T，成功率40.14	18.96	20.00	1436.32	9477.69	8041.37	17519.05	171024.82	0.84	10.24	13.51	140	日涨幅达到15的前5只证券	20201009	星期五
27	300431	暴风退	卖一主卖，成功率43.70	0.31	-13.89	-228.45	311.97	540.42	852.38	1297.06	-17.61	65.72	15.88	1	退市整理期	20201009	星期五
28	300542	新晨科技	2家机构买入，成功率45.22	18.90	20.00	-154.20	10474.00	10628.20	21102.20	145059.80	-0.11	14.55	15.81	37	连续三个交易日内，涨幅偏离值累计达到30的证券	20201009	星期五
29	300711	广哈通信	买一主买，成功率45.95	23.60	19.98	1529.10	5844.60	4315.51	10160.11	65507.86	2.33	15.51	48.41	15	日换手率达到30的前5只证券	20201009	星期五
30	300711	广哈通信	主力做T，成功率39.51	23.60	19.98	-670.11	10234.89	10905.00	21139.89	179079.44	-0.37	11.80	48.41	15	连续三个交易日内，涨幅偏离值累计达到30的证券	20201009	星期五
31	300722	新余国科	主力做T，成功率30.72	75.02	19.99	431.55	7408.48	6976.93	14385.40	130467.65	0.33	11.03	51.82	27	日涨幅达到15的前5只证券	20201009	星期五
32	300722	新余国科	主力做T，成功率30.72	75.02	19.99	431.55	7408.48	6976.93	14385.40	130467.65	0.33	11.03	51.82	27	日换手率达到30的前5只证券	20201009	星期五
33	300722	新余国科	西藏自治区资金买入，成功率36.20	75.02	19.99	293.28	16909.05	16615.77	33524.81	378932.40	0.08	8.85	51.82	27	连续三个交易日内，涨幅偏离值累计达到30的证券	20201009	星期五
34	300722	新余国科	主力做T，成功率33.33	75.02	19.99	8705.76	1731412.78	1722707.02	3454119.80	899295.76	0.97	384.09	51.82	27	严重异常期间3次出现正向异常波动的证券	20201009	星期五
35	300722	新余国科	主力做T，成功率33.33	75.02	19.99	8705.76	1731412.78	1722707.02	3454119.80	899295.76	0.97	384.09	51.82	27	严重异常期间日收盘价格涨幅偏离值累计达到100的证券	20201009	星期五
36	300863	卡倍亿	实力游资买入，成功率47.63	121.86	20.00	1866.96	4684.51	2817.56	7502.07	68276.30	2.73	10.99	45.84	16	日换手率达到30的前5只证券	20201009	星期五
37	300869	康泰医学	实力游资买入，成功率42.54	128.75	20.00	7327.17	12830.31	5503.14	18333.45	134218.81	5.46	13.66	29.18	50	日涨幅达到15的前5只证券	20201009	星期五
38	300891	惠云钛业	买一主买，成功率35.45	20.50	4.70	-1238.80	8549.18	9787.99	18337.17	120417.88	-1.03	15.23	63.54	19	日换手率达到30的前5只证券	20201009	星期五
39	300893	松原股份	广东资金买入，成功率32.88	37.20	9.32	1137.30	4029.51	2892.21	6921.72	34586.11	3.29	20.01	40.63	9	日换手率达到30的前5只证券	20201009	星期五
40	600157	*ST永泰	1家机构卖出，成功率16.91	1.24	-5.34	-585.28	2158.05	2743.33	4901.38	47974.89	-1.22	10.22	2.78	154	ST、*ST和S证券连续三个交易日内收盘价格跌幅偏离值累计达到15的证券	20201009	星期五
41	600537	亿晶光电	实力游资买入，成功率31.16	4.79	10.11	1320.79	2244.74	923.94	3168.68	3250.80	40.63	97.47	0.58	56	有价格涨跌幅限制的日收盘价格涨幅偏离值达到7的前三只证券	20201009	星期五
42	600586	金晶科技	实力游资买入，成功率43.54	3.58	10.15	803.96	2223.07	1419.11	3642.19	5081.35	15.82	71.68	0.99	51	有价格涨跌幅限制的日收盘价格涨幅偏离值达到7的前三只证券	20201009	星期五
43	600827	百联股份	卖一主卖，成功率49.47	16.00	-6.05	-11343.60	7080.48	18424.08	25504.55	66874.03	-16.96	38.14	2.53	257	有价格涨跌幅限制的日收盘价格跌幅偏离值达到7的前三只证券	20201009	星期五
44	600836	*ST界龙	卖一主卖，成功率32.47	4.23	-4.94	-6525.15	2255.35	8780.50	11035.84	12684.32	-51.44	87.00	4.11	28	ST、*ST和S证券连续三个交易日内收盘价格跌幅偏离值累计达到15的证券	20201009	星期五
45	601778	晶科科技	浙江资金买入，成功率42.30	7.21	10.08	6739.33	8134.97	1395.64	9530.61	16666.48	40.44	57.18	3.89	43	有价格涨跌幅限制的日收盘价格涨幅偏离值达到7的前三只证券	20201009	星期五
46	601865	福莱特	1家机构买入，成功率35.34	32.91	9.99	545.32	18595.56	18050.24	36645.81	95189.99	0.57	38.50	0.53	112	非ST、*ST和S证券连续三个交易日内收盘价格涨幅偏离值累计达到20的证券	20201009	星期五
47	601888	中国中免	3家机构卖出，成功率39.25	204.10	-8.45	-99071.29	160096.06	259167.35	419263.41	664555.94	-14.91	63.09	1.67	3985	有价格涨跌幅限制的日收盘价格跌幅偏离值达到7的前三只证券	20201009	星期五
48	605018	长华股份	实力游资买入，成功率44.08	16.94	10.00	1681.74	3645.24	1963.50	5608.74	24600.37	6.84	22.80	36.96	7	有价格涨跌幅限制的日价格振幅达到15的前三只证券	20201009	星期五
49	605099	共创草坪	1家机构买入，成功率40.95	24.45	9.99	6206.92	8630.58	2423.67	11054.25	46334.96	13.40	23.86	51.05	10	有价格涨跌幅限制的日价格振幅达到15的前三只证券	20201009	星期五
50	605099	共创草坪	1家机构买入，成功率40.95	24.45	9.99	6206.92	8630.58	2423.67	11054.25	46334.96	13.40	23.86	51.05	10	有价格涨跌幅限制的日换手率达到20的前三只证券	20201009	星期五
51	605111	新洁能	买一主买，成功率38.19	38.16	10.00	1081.23	1122.07	40.84	1162.90	1122.07	96.36	103.64	0.73	10	非ST、*ST和S证券连续三个交易日内收盘价格涨幅偏离值累计达到20的证券	20201009	星期五
52	605198	德利股份	实力游资买入，成功率42.41	25.78	9.98	9169.47	14243.37	5073.91	19317.28	42155.90	21.75	45.82	75.83	5	非ST、*ST和S证券连续三个交易日内收盘价格涨幅偏离值累计达到20的证券	20201009	星期五
53	605198	德利股份	实力游资买入，成功率40.41	25.78	9.98	8996.74	14070.65	5073.91	19144.56	38488.70	23.38	49.74	75.83	5	有价格涨跌幅限制的日换手率达到20的前三只证券	20201009	星期五
54	605218	伟时电子	3家机构卖出，成功率36.50	18.03	-5.70	2021.97	3614.20	1592.22	5206.42	38541.97	5.25	13.51	40.59	10	有价格涨跌幅限制的日价格振幅达到15的前三只证券	20201009	星期五
55	605218	伟时电子	3家机构卖出，成功率36.50	18.03	-5.70	2021.97	3614.20	1592.22	5206.42	38541.97	5.25	13.51	40.59	10	有价格涨跌幅限制的日收盘价格跌幅偏离值达到7的前三只证券	20201009	星期五
56	605218	伟时电子	3家机构卖出，成功率36.50	18.03	-5.70	2021.97	3614.20	1592.22	5206.42	38541.97	5.25	13.51	40.59	10	有价格涨跌幅限制的日换手率达到20的前三只证券	20201009	星期五
57	688005	容百科技	上海资金买入，成功率59.42	35.69	20.01	-596.14	18149.02	18745.16	36894.18	77493.06	-0.77	47.61	8.07	98	有价格涨跌幅限制的日收盘价格涨幅达到15的前五只证券	20201009	星期五
58	688390	固德威	3家机构买入，成功率49.37	176.37	15.05	-0.52	8690.06	8690.58	17380.64	28154.56	0.00	61.73	8.00	35	有价格涨跌幅限制的日收盘价格涨幅达到15的前五只证券	20201009	星期五
59	688408	中信博	4家机构买入，成功率50.01	130.20	20.00	3302.65	10065.44	6762.79	16828.23	29871.52	11.06	56.34	7.72	39	有价格涨跌幅限制的日收盘价格涨幅达到15的前五只证券	20201009	星期五
