1	000036	华联控股	广东资金买入，成功率68.25	4.43	7.26	2134.41	3681.32	1546.91	5228.24	19480.51	10.96	26.84	2.98	61	日涨幅偏离值达到7的前5只证券	20201023	星期五
2	000408	*ST藏格	实力游资买入，成功率55.00	7.17	4.98	-509.72	1148.10	1657.83	2805.93	3066.95	-16.62	91.49	0.15	32	连续三个交易日内，涨幅偏离值累计达到12的ST证券、*ST证券和未完成股改证券	20201023	星期五
3	000906	浙商中拓	1家机构买入，成功率33.65	7.16	5.14	1376.04	2507.53	1131.49	3639.02	12811.12	10.74	28.41	2.70	45	日涨幅偏离值达到7的前5只证券	20201023	星期五
4	002169	智光电气	实力游资卖出，成功率51.95	7.62	-10.04	638.50	3822.78	3184.28	7007.06	27829.72	2.29	25.18	4.65	65	日跌幅偏离值达到7的前5只证券	20201023	星期五
5	002291	星期六	2家机构卖出，成功率31.65	21.34	-9.92	-1513.33	6070.10	7583.44	13653.54	64196.31	-2.36	21.27	5.39	127	日跌幅偏离值达到7的前5只证券	20201023	星期五
6	002410	广联达	4家机构卖出，成功率48.81	72.45	-9.78	-12356.01	14783.60	27139.61	41923.21	82955.05	-14.89	50.54	1.22	726	日跌幅偏离值达到7的前5只证券	20201023	星期五
7	002507	涪陵榨菜	5家机构卖出，成功率44.45	44.32	-9.99	1069.05	10385.82	9316.77	19702.58	51051.18	2.09	38.59	1.48	383	日跌幅偏离值达到7的前5只证券	20201023	星期五
8	002541	鸿路钢构	5家机构卖出，成功率45.11	38.52	-10.00	-5900.84	7469.83	13370.66	20840.49	54095.46	-10.91	38.53	3.67	159	日跌幅偏离值达到7的前5只证券	20201023	星期五
9	002716	*ST金贵	福建资金买入，成功率35.17	2.59	4.86	-30.79	3033.30	3064.09	6097.38	21860.00	-0.14	27.89	3.27	18	连续三个交易日内，涨幅偏离值累计达到12的ST证券、*ST证券	20201023	星期五
10	002724	海洋王	2家机构买入，成功率50.09	7.61	7.64	1225.50	2589.21	1363.71	3952.92	14431.68	8.49	27.39	5.72	24	日涨幅偏离值达到7的前5只证券	20201023	星期五
11	002778	高科石化	实力游资卖出，成功率54.60	26.28	-4.05	639.77	1870.87	1231.09	3101.96	6577.96	9.73	47.16	3.79	18	日振幅值达到15的前5只证券	20201023	星期五
12	002970	锐明技术	3家机构买入，成功率44.20	57.33	10.00	2017.02	4021.63	2004.61	6026.24	24747.37	8.15	24.35	10.05	23	日涨幅偏离值达到7的前5只证券	20201023	星期五
13	003000	华文食品	卖一主卖，成功率44.79	16.55	-4.17	-390.19	3029.45	3419.64	6449.08	18564.96	-2.10	34.74	27.62	7	日换手率达到20的前5只证券	20201023	星期五
14	003002	壶化股份	1家机构买入，成功率42.34	14.92	1.77	691.75	3112.13	2420.39	5532.52	22418.01	3.09	24.68	30.18	7	日换手率达到20的前5只证券	20201023	星期五
15	003003	天元股份	1家机构卖出，成功率61.33	17.69	-3.54	107.58	1500.50	1392.92	2893.42	16872.30	0.64	17.15	21.09	8	日换手率达到20的前5只证券	20201023	星期五
16	003006	百亚股份	1家机构卖出，成功率50.37	18.22	-4.86	-1546.77	3524.58	5071.35	8595.93	34402.47	-4.50	24.99	42.61	8	日换手率达到20的前5只证券	20201023	星期五
17	003009	中天火箭	买一主买，成功率62.22	70.73	10.00	778.85	819.17	40.32	859.48	819.17	95.08	104.92	0.30	25	日涨幅偏离值达到7的前5只证券	20201023	星期五
18	003009	中天火箭	买一主买，成功率65.56	70.73	10.00	1443.37	1486.77	43.40	1530.18	1486.77	97.08	102.92	0.30	25	连续三个交易日内，涨幅偏离值累计达到20的证券	20201023	星期五
19	003010	若羽臣	1家机构卖出，成功率38.49	46.31	-2.46	-3986.64	3904.21	7890.85	11795.06	49945.86	-7.98	23.62	34.67	14	日换手率达到20的前5只证券	20201023	星期五
20	003013	地铁设计	买一主买，成功率51.85	21.27	9.98	168.58	179.74	11.16	190.90	179.74	93.79	106.21	0.21	8	日涨幅偏离值达到7的前5只证券	20201023	星期五
21	003015	日久光电	买一主买，成功率58.33	11.45	9.99	124.08	132.22	8.14	140.36	132.22	93.85	106.15	0.16	7	日涨幅偏离值达到7的前5只证券	20201023	星期五
22	003015	日久光电	1家机构买入，成功率56.55	11.45	9.99	204.10	213.60	9.50	223.09	213.60	95.55	104.45	0.16	7	连续三个交易日内，涨幅偏离值累计达到20的证券	20201023	星期五
23	300279	和晶科技	1家机构买入，成功率33.66	8.79	12.69	-1777.45	14218.47	15995.93	30214.40	180553.03	-0.98	16.73	36.59	34	连续三个交易日内，涨幅偏离值累计达到30的证券	20201023	星期五
24	300419	浩丰科技	西藏自治区资金买入，成功率32.56	13.27	1.53	-4502.30	22779.20	27281.49	50060.69	604355.95	-0.74	8.28	38.68	48	连续三个交易日内，涨幅偏离值累计达到30的证券	20201023	星期五
25	300431	暴风退	买一主买，成功率49.72	0.28	0.00	-4.36	54.86	59.22	114.08	115.58	-3.78	98.70	1.64	1	退市整理期	20201023	星期五
26	300466	赛摩智能	浙江资金买入，成功率52.62	9.48	20.00	6952.49	11758.37	4805.88	16564.24	104010.35	6.68	15.93	30.06	30	日涨幅达到15的前5只证券	20201023	星期五
27	300576	容大感光	主力做T，成功率28.32	57.76	-16.14	-897.14	5768.93	6666.07	12435.01	112323.34	-0.80	11.07	23.77	53	日跌幅达到15的前5只证券	20201023	星期五
28	300582	英飞特	实力游资买入，成功率55.04	23.62	20.02	-5491.25	8313.89	13805.14	22119.03	120585.46	-4.55	18.34	39.67	26	日涨幅达到15的前5只证券	20201023	星期五
29	300582	英飞特	主力做T，成功率49.00	23.62	20.02	-6077.88	9812.33	15890.21	25702.54	156336.78	-3.89	16.44	39.67	26	连续三个交易日内，涨幅偏离值累计达到30的证券	20201023	星期五
30	300593	新雷能	实力游资买入，成功率44.45	27.60	20.00	4080.33	7351.45	3271.12	10622.56	85773.76	4.76	12.38	27.61	27	日涨幅达到15的前5只证券	20201023	星期五
31	300781	因赛集团	买一主买，成功率35.71	58.00	7.01	-1021.36	6847.17	7868.53	14715.70	103631.92	-0.99	14.20	64.63	15	日换手率达到30的前5只证券	20201023	星期五
32	300805	电声股份	实力游资卖出，成功率42.27	33.70	-4.86	-3585.85	5765.18	9351.03	15116.22	111629.72	-3.21	13.54	72.69	15	日换手率达到30的前5只证券	20201023	星期五
33	300849	锦盛新材	1家机构买入，成功率52.11	36.70	7.75	-2920.98	6028.65	8949.62	14978.27	66669.23	-4.38	22.47	68.35	9	日换手率达到30的前5只证券	20201023	星期五
34	300849	锦盛新材	主力做T，成功率48.61	36.70	7.75	844.80	10043.46	9198.66	19242.12	93346.90	0.91	20.61	68.35	9	连续三个交易日内，涨幅偏离值累计达到30的证券	20201023	星期五
35	300856	科思股份	2家机构卖出，成功率40.60	68.73	-16.49	-2017.26	3818.93	5836.20	9655.13	50168.22	-4.02	19.25	24.71	23	日跌幅达到15的前5只证券	20201023	星期五
36	300895	铜牛信息	实力游资买入，成功率47.89	78.90	20.00	7215.05	11686.59	4471.53	16158.12	94608.50	7.63	17.08	54.59	15	日涨幅达到15的前5只证券	20201023	星期五
37	300895	铜牛信息	实力游资买入，成功率47.89	78.90	20.00	7215.05	11686.59	4471.53	16158.12	94608.50	7.63	17.08	54.59	15	日换手率达到30的前5只证券	20201023	星期五
38	300898	熊猫乳品	主力做T，成功率40.06	77.52	20.00	5773.97	16887.39	11113.43	28000.82	158428.72	3.64	17.67	81.55	17	日涨幅达到15的前5只证券	20201023	星期五
39	300898	熊猫乳品	主力做T，成功率40.06	77.52	20.00	5773.97	16887.39	11113.43	28000.82	158428.72	3.64	17.67	81.55	17	日换手率达到30的前5只证券	20201023	星期五
40	603041	美思德	1家机构买入，成功率45.30	15.24	10.04	1212.89	2016.21	803.33	2819.54	7180.60	16.89	39.27	3.42	19	有价格涨跌幅限制的日收盘价格涨幅偏离值达到7的前三只证券	20201023	星期五
41	603416	信捷电气	4家机构卖出，成功率48.81	81.90	-10.00	1298.43	7809.11	6510.68	14319.79	19971.55	6.50	71.70	2.63	83	有价格涨跌幅限制的日收盘价格跌幅偏离值达到7的前三只证券	20201023	星期五
42	603444	吉比特	5家机构卖出，成功率45.67	457.17	-10.00	-10337.61	24909.70	35247.31	60157.01	100134.74	-10.32	60.08	2.98	365	有价格涨跌幅限制的日收盘价格跌幅偏离值达到7的前三只证券	20201023	星期五
43	603444	吉比特	4家机构卖出，成功率42.76	457.17	-10.00	-6369.90	73138.82	79508.71	152647.53	293804.16	-2.17	51.96	2.98	365	非ST、*ST和S证券连续三个交易日内收盘价格跌幅偏离值累计达到20的证券	20201023	星期五
44	603557	起步股份	1家机构卖出，成功率25.47	15.59	-9.99	1053.32	5466.23	4412.91	9879.14	56345.42	1.87	17.53	7.39	81	有价格涨跌幅限制的日收盘价格跌幅偏离值达到7的前三只证券	20201023	星期五
45	603815	交建股份	实力游资卖出，成功率25.73	12.92	-6.44	-12266.63	2137.73	14404.35	16542.08	31980.79	-38.36	51.73	5.74	23	非ST、*ST和S证券连续三个交易日内收盘价格跌幅偏离值累计达到20的证券	20201023	星期五
46	603976	正川股份	西藏自治区资金卖出，成功率27.21	72.00	-7.89	1303.36	25990.48	24687.12	50677.60	441620.55	0.30	11.48	11.05	118	非ST、*ST和S证券连续三个交易日内收盘价格跌幅偏离值累计达到20的证券	20201023	星期五
47	605058	澳弘电子	买一主买，成功率53.33	31.77	10.01	590.46	622.23	31.77	654.00	622.23	94.89	105.11	0.55	10	有价格涨跌幅限制的日收盘价格涨幅偏离值达到7的前三只证券	20201023	星期五
48	605058	澳弘电子	买一主买，成功率38.74	31.77	10.01	1309.98	1356.65	46.67	1403.32	1370.43	95.59	102.40	0.55	10	非ST、*ST和S证券连续三个交易日内收盘价格涨幅偏离值累计达到20的证券	20201023	星期五
49	605136	丽人丽妆	实力游资买入，成功率56.60	51.51	2.51	20234.96	27606.42	7371.46	34977.87	159416.60	12.69	21.94	73.99	20	有价格涨跌幅限制的日换手率达到20的前三只证券	20201023	星期五
50	605198	德利股份	实力游资卖出，成功率29.33	25.60	-6.81	3641.05	6434.23	2793.17	9227.40	18821.79	19.34	49.03	36.00	5	有价格涨跌幅限制的日换手率达到20的前三只证券	20201023	星期五
51	605338	巴比食品	2家机构买入，成功率47.66	43.21	10.01	31916.65	47214.46	15297.81	62512.27	165997.06	19.23	37.66	62.92	24	有价格涨跌幅限制的日收盘价格涨幅偏离值达到7的前三只证券	20201023	星期五
52	605338	巴比食品	2家机构买入，成功率47.66	43.21	10.01	31916.65	47214.46	15297.81	62512.27	165997.06	19.23	37.66	62.92	24	有价格涨跌幅限制的日换手率达到20的前三只证券	20201023	星期五
