1	000034	神州数码	1家机构买入，成功率53.48	30.07	9.99	9209.38	24679.04	15469.65	40148.69	125157.42	7.36	32.08	8.73	149	日涨幅偏离值达到7的前5只证券	20201016	星期五
2	000407	胜利股份	实力游资买入，成功率38.69	4.16	10.05	1381.44	2546.28	1164.83	3711.11	11770.11	11.74	31.53	3.31	36	日涨幅偏离值达到7的前5只证券	20201016	星期五
3	000411	英特集团	买一主买，成功率33.84	20.90	9.48	2084.71	5072.09	2987.37	8059.46	50080.41	4.16	16.09	12.02	43	日涨幅偏离值达到7的前5只证券	20201016	星期五
4	000593	大通燃气	买一主买，成功率42.04	5.60	7.07	177.38	3312.89	3135.51	6448.40	18063.31	0.98	35.70	8.99	20	日涨幅偏离值达到7的前5只证券	20201016	星期五
5	000669	*ST金鸿	主力做T，成功率32.38	2.01	5.24	-94.70	1396.07	1490.77	2886.84	6476.00	-1.46	44.58	2.17	14	连续三个交易日内，涨幅偏离值累计达到12的ST证券、*ST证券和未完成股改证券	20201016	星期五
6	000983	西山煤电	1家机构买入，成功率48.33	5.45	9.00	2266.91	24939.51	22672.61	47612.12	142398.75	1.59	33.44	6.49	223	日涨幅偏离值达到7的前5只证券	20201016	星期五
7	002028	思源电气	2家机构卖出，成功率55.81	23.58	-10.00	-8691.93	10667.78	19359.71	30027.49	126692.25	-6.86	23.70	8.93	139	日跌幅偏离值达到7的前5只证券	20201016	星期五
8	002087	新野纺织	实力游资买入，成功率33.25	4.61	0.22	-3023.64	6015.08	9038.73	15053.81	92204.96	-3.28	16.33	23.75	38	日换手率达到20的前5只证券	20201016	星期五
9	002132	恒星科技	卖一主卖，成功率36.91	4.29	-9.68	-1580.66	12766.28	14346.94	27113.23	174211.73	-0.91	15.56	32.09	54	日跌幅偏离值达到7的前5只证券	20201016	星期五
10	002132	恒星科技	卖一主卖，成功率36.91	4.29	-9.68	-1580.66	12766.28	14346.94	27113.23	174211.73	-0.91	15.56	32.09	54	日换手率达到20的前5只证券	20201016	星期五
11	002196	方正电机	1家机构卖出，成功率32.51	6.32	-9.97	-5038.19	4621.82	9660.01	14281.83	62316.62	-8.08	22.92	22.96	26	日跌幅偏离值达到7的前5只证券	20201016	星期五
12	002644	佛慈制药	上海资金买入，成功率46.43	8.63	7.47	946.16	2517.44	1571.28	4088.72	15621.24	6.06	26.17	3.60	44	日涨幅偏离值达到7的前5只证券	20201016	星期五
13	002836	新宏泽	主力做T，成功率36.80	12.27	10.04	-1078.99	459.16	1538.15	1997.30	4375.96	-24.66	45.64	2.29	20	日涨幅偏离值达到7的前5只证券	20201016	星期五
14	002897	意华股份	2家机构卖出，成功率41.94	31.53	-9.76	-6243.69	3851.32	10095.01	13946.32	51112.64	-12.22	27.29	10.17	50	日跌幅偏离值达到7的前5只证券	20201016	星期五
15	002975	博杰股份	主力做T，成功率46.76	117.77	9.50	-288.79	17214.77	17503.56	34718.33	164811.34	-0.18	21.07	41.22	41	日涨幅偏离值达到7的前5只证券	20201016	星期五
16	002975	博杰股份	主力做T，成功率46.76	117.77	9.50	-288.79	17214.77	17503.56	34718.33	164811.34	-0.18	21.07	41.22	41	日换手率达到20的前5只证券	20201016	星期五
17	003000	华文食品	1家机构卖出，成功率29.27	16.08	-3.19	-424.09	1957.82	2381.91	4339.73	15759.40	-2.69	27.54	24.45	6	日换手率达到20的前5只证券	20201016	星期五
18	003001	中岩大地	西藏自治区资金卖出，成功率22.25	41.94	-2.67	516.25	2102.53	1586.28	3688.82	23976.02	2.15	15.39	23.71	10	日换手率达到20的前5只证券	20201016	星期五
19	003009	中天火箭	买一主买，成功率35.64	43.92	9.99	490.99	513.39	22.40	535.79	513.39	95.64	104.36	0.30	17	日涨幅偏离值达到7的前5只证券	20201016	星期五
20	003010	若羽臣	买一主买，成功率52.94	51.63	9.99	12043.26	14552.44	2509.19	17061.63	16870.63	71.39	101.13	10.74	16	日涨幅偏离值达到7的前5只证券	20201016	星期五
21	300147	香雪制药	买一主买，成功率46.24	12.89	20.02	4560.48	10449.65	5889.18	16338.83	97733.10	4.67	16.72	12.42	84	日涨幅达到15的前5只证券	20201016	星期五
22	300335	迪森股份	实力游资买入，成功率44.85	8.96	19.95	2889.48	9629.26	6739.78	16369.04	71032.40	4.07	23.04	30.46	24	日涨幅达到15的前5只证券	20201016	星期五
23	300335	迪森股份	实力游资买入，成功率43.00	8.96	19.95	2163.38	12012.96	9849.58	21862.54	131069.12	1.65	16.68	30.46	24	连续三个交易日内，涨幅偏离值累计达到30的证券	20201016	星期五
24	300402	宝色股份	实力游资买入，成功率49.40	22.44	20.00	6380.93	10670.95	4290.02	14960.96	68595.72	9.30	21.81	15.83	45	日涨幅达到15的前5只证券	20201016	星期五
25	300402	宝色股份	实力游资买入，成功率48.77	22.44	20.00	6282.37	13902.55	7620.17	21522.72	155400.19	4.04	13.85	15.83	45	连续三个交易日内，涨幅偏离值累计达到30的证券	20201016	星期五
26	300421	力星股份	主力做T，成功率38.32	11.04	7.81	-7545.67	7182.71	14728.38	21911.10	118013.62	-6.39	18.57	39.57	20	连续三个交易日内，涨幅偏离值累计达到30的证券	20201016	星期五
27	300431	暴风退	实力游资买入，成功率37.25	0.28	0.00	-31.54	108.40	139.94	248.34	332.62	-9.48	74.66	4.77	1	退市整理期	20201016	星期五
28	300488	恒锋工具	主力做T，成功率40.98	25.65	3.09	-3047.50	5093.81	8141.31	13235.12	87736.34	-3.47	15.09	9.34	34	连续三个交易日内，涨幅偏离值累计达到30的证券	20201016	星期五
29	300690	双一科技	1家机构买入，成功率41.65	59.03	6.86	-2875.06	16937.56	19812.62	36750.17	267385.79	-1.08	13.74	22.87	42	连续三个交易日内，涨幅偏离值累计达到30的证券	20201016	星期五
30	300722	新余国科	1家机构买入，成功率45.79	72.41	0.54	-1495.90	6580.69	8076.60	14657.29	142286.86	-1.05	10.30	54.34	26	日换手率达到30的前5只证券	20201016	星期五
31	300797	钢研纳克	1家机构买入，成功率45.52	27.74	19.98	3812.30	9318.59	5506.29	14824.88	98009.97	3.89	15.13	61.55	17	日涨幅达到15的前5只证券	20201016	星期五
32	300797	钢研纳克	1家机构买入，成功率45.52	27.74	19.98	3812.30	9318.59	5506.29	14824.88	98009.97	3.89	15.13	61.55	17	日换手率达到30的前5只证券	20201016	星期五
33	300819	聚杰微纤	实力游资买入，成功率39.65	44.59	19.99	-1104.74	6192.88	7297.63	13490.51	71402.18	-1.55	18.89	67.50	11	日涨幅达到15的前5只证券	20201016	星期五
34	300819	聚杰微纤	实力游资买入，成功率39.65	44.59	19.99	-1104.74	6192.88	7297.63	13490.51	71402.18	-1.55	18.89	67.50	11	日换手率达到30的前5只证券	20201016	星期五
35	300840	酷特智能	主力做T，成功率48.38	25.69	-7.69	-1258.37	4979.84	6238.21	11218.06	83171.36	-1.51	13.49	51.76	15	日换手率达到30的前5只证券	20201016	星期五
36	300893	松原股份	卖一主卖，成功率36.86	53.00	-9.79	-5418.99	5262.17	10681.17	15943.34	95766.12	-5.66	16.65	71.21	13	日换手率达到30的前5只证券	20201016	星期五
37	300898	熊猫乳品	主力做T，成功率38.94	62.15	476.53	4058.80	11710.64	7651.84	19362.48	115765.31	3.51	16.73	87.53	16	无价格涨跌幅限制的证券	20201016	星期五
38	300899	上海凯鑫	西藏自治区资金买入，成功率32.55	78.00	219.28	2533.77	4830.19	2296.42	7126.61	79642.06	3.18	8.95	64.86	12	无价格涨跌幅限制的证券	20201016	星期五
39	600332	白云山	买一主买，成功率29.82	34.18	10.01	4871.71	16218.97	11347.26	27566.22	164463.85	2.96	16.76	3.50	481	有价格涨跌幅限制的日收盘价格涨幅偏离值达到7的前三只证券	20201016	星期五
40	600638	新黄浦	实力游资买入，成功率39.26	7.00	10.06	1232.16	2389.52	1157.36	3546.88	6231.66	19.77	56.92	1.36	47	有价格涨跌幅限制的日收盘价格涨幅偏离值达到7的前三只证券	20201016	星期五
41	603378	亚士创能	3家机构卖出，成功率46.94	65.63	-9.94	-2417.15	2842.14	5259.29	8101.43	27622.52	-8.75	29.33	2.11	128	有价格涨跌幅限制的日收盘价格跌幅偏离值达到7的前三只证券	20201016	星期五
42	603819	神力股份	卖一主卖，成功率53.81	15.63	-10.02	-2440.45	1938.25	4378.70	6316.95	13313.42	-18.33	47.45	3.81	34	有价格涨跌幅限制的日收盘价格跌幅偏离值达到7的前三只证券	20201016	星期五
43	603976	正川股份	实力游资买入，成功率39.57	86.09	10.01	6370.93	12316.09	5945.15	18261.24	128224.38	4.97	14.24	10.29	130	有价格涨跌幅限制的日收盘价格涨幅偏离值达到7的前三只证券	20201016	星期五
44	605018	长华股份	实力游资卖出，成功率26.96	18.27	-10.00	-1168.86	2108.89	3277.75	5386.64	28963.59	-4.04	18.60	37.40	8	有价格涨跌幅限制的日收盘价格跌幅偏离值达到7的前三只证券	20201016	星期五
45	605018	长华股份	实力游资卖出，成功率26.96	18.27	-10.00	-1168.86	2108.89	3277.75	5386.64	28963.59	-4.04	18.60	37.40	8	有价格涨跌幅限制的日换手率达到20的前三只证券	20201016	星期五
46	605099	共创草坪	实力游资买入，成功率50.46	29.98	6.39	1274.34	5390.22	4115.88	9506.10	49712.99	2.56	19.12	40.45	12	有价格涨跌幅限制的日换手率达到20的前三只证券	20201016	星期五
47	605111	新洁能	实力游资买入，成功率59.72	61.47	10.00	3444.36	3537.72	93.36	3631.07	3591.36	95.91	101.11	1.97	16	非ST、*ST和S证券连续三个交易日内收盘价格涨幅偏离值累计达到20的证券	20201016	星期五
48	605116	奥锐特	实力游资买入，成功率50.88	18.59	10.00	2223.15	3191.31	968.16	4159.47	15680.51	14.18	26.53	21.15	8	有价格涨跌幅限制的日换手率达到20的前三只证券	20201016	星期五
49	605136	丽人丽妆	实力游资买入，成功率68.02	34.32	10.00	1163.00	1211.27	48.26	1259.53	1478.27	78.67	85.20	0.73	14	非ST、*ST和S证券连续三个交易日内收盘价格涨幅偏离值累计达到20的证券	20201016	星期五
50	605338	巴比食品	买一主买，成功率90.44	26.83	10.00	2590.78	2649.66	58.88	2708.54	2649.66	97.78	102.22	1.17	17	非ST、*ST和S证券连续三个交易日内收盘价格涨幅偏离值累计达到20的证券	20201016	星期五
