1	000516	国际医学	上海资金买入，成功率0.00	7.87	10.07	19962.69	28568.16	8605.47	37173.64	91880.19	21.73	40.46	6.18	152	日涨幅偏离值达到7的前5只证券	20201029	星期四
2	000550	江铃汽车	主力做T，成功率0.00	18.73	9.98	2593.83	13420.49	10826.65	24247.14	51225.47	5.06	47.33	5.40	97	日涨幅偏离值达到7的前5只证券	20201029	星期四
3	000568	泸州老窖	主力做T，成功率0.00	178.97	10.00	35.09	88522.62	88487.53	177010.14	403563.36	0.01	43.86	1.56	2621	日涨幅偏离值达到7的前5只证券	20201029	星期四
4	000687	*ST华讯	1家机构卖出，成功率0.00	1.63	-5.23	-36.89	1271.00	1307.88	2578.88	7154.00	-0.52	36.05	2.64	12	连续三个交易日内，跌幅偏离值累计达到12的ST证券、*ST证券和未完成股改证券	20201029	星期四
5	000698	沈阳化工	1家机构卖出，成功率0.00	5.71	-7.61	-2835.90	1408.39	4244.29	5652.68	25733.24	-11.02	21.97	5.73	45	日跌幅偏离值达到7的前5只证券	20201029	星期四
6	000719	中原传媒	2家机构卖出，成功率0.00	7.21	-6.97	-2732.10	1324.08	4056.18	5380.26	9095.95	-30.04	59.15	1.86	48	日跌幅偏离值达到7的前5只证券	20201029	星期四
7	000816	智慧农业	买一主买，成功率0.00	2.00	9.89	545.67	843.51	297.84	1141.35	843.51	64.69	135.31	0.32	27	日涨幅偏离值达到7的前5只证券	20201029	星期四
8	000816	智慧农业	实力游资买入，成功率0.00	2.00	9.89	807.98	1275.40	467.42	1742.82	1470.61	54.94	118.51	0.32	27	连续三个交易日内，涨幅偏离值累计达到20的证券	20201029	星期四
9	000921	海信家电	买一主买，成功率0.00	13.85	10.01	-1060.92	7911.80	8972.72	16884.52	28475.29	-3.73	59.30	2.34	125	日涨幅偏离值达到7的前5只证券	20201029	星期四
10	000985	大庆华科	主力做T，成功率0.00	18.35	-3.12	882.91	3404.12	2521.21	5925.32	15424.28	5.72	38.42	6.57	24	日振幅值达到15的前5只证券	20201029	星期四
11	002055	得润电子	实力游资卖出，成功率0.00	15.02	-10.01	-6761.88	3412.66	10174.53	13587.19	59526.31	-11.36	22.83	8.80	65	日跌幅偏离值达到7的前5只证券	20201029	星期四
12	002078	太阳纸业	3家机构买入，成功率0.00	13.90	9.97	18631.24	26635.90	8004.66	34640.55	67298.16	27.68	51.47	1.93	359	日涨幅偏离值达到7的前5只证券	20201029	星期四
13	002202	金风科技	买一主买，成功率0.00	11.97	10.02	52131.26	65409.56	13278.30	78687.86	193835.56	26.89	40.60	4.91	406	日涨幅偏离值达到7的前5只证券	20201029	星期四
14	002240	威华股份	1家机构买入，成功率0.00	14.88	4.86	-1244.56	15667.43	16911.99	32579.42	170619.61	-0.73	19.09	7.13	86	连续三个交易日内，涨幅偏离值累计达到20的证券	20201029	星期四
15	002242	九阳股份	4家机构卖出，成功率0.00	36.75	-1.26	-30556.41	38802.29	69358.70	108160.99	145437.87	-21.01	74.37	1.39	281	连续三个交易日内，跌幅偏离值累计达到20的证券	20201029	星期四
16	002286	保龄宝	4家机构卖出，成功率0.00	11.87	-10.01	-7780.71	6088.28	13869.00	19957.28	42171.69	-18.45	47.32	9.36	44	日跌幅偏离值达到7的前5只证券	20201029	星期四
17	002372	伟星新材	2家机构买入，成功率0.00	18.16	9.99	1963.15	7649.37	5686.21	13335.58	26246.47	7.48	50.81	1.03	258	日涨幅偏离值达到7的前5只证券	20201029	星期四
18	002508	老板电器	2家机构买入，成功率0.00	36.85	10.00	17843.47	35742.65	17899.18	53641.83	93302.11	19.12	57.49	2.77	345	日涨幅偏离值达到7的前5只证券	20201029	星期四
19	003006	百亚股份	3家机构买入，成功率0.00	18.71	5.83	2057.40	4534.22	2476.83	7011.05	29209.88	7.04	24.00	36.53	8	日换手率达到20的前5只证券	20201029	星期四
20	003009	中天火箭	卖一主卖，成功率0.00	69.32	-10.00	-6014.54	648.84	6663.38	7312.21	7559.35	-79.56	96.73	2.81	27	日跌幅偏离值达到7的前5只证券	20201029	星期四
21	003013	地铁设计	实力游资卖出，成功率0.00	20.34	-7.63	95.17	1485.38	1390.20	2875.58	18691.49	0.51	15.38	22.64	8	日跌幅偏离值达到7的前5只证券	20201029	星期四
22	003013	地铁设计	实力游资卖出，成功率0.00	20.34	-7.63	95.17	1485.38	1390.20	2875.58	18691.49	0.51	15.38	22.64	8	日换手率达到20的前5只证券	20201029	星期四
23	003015	日久光电	买一主买，成功率20.00	16.78	10.03	314.56	318.97	4.41	323.38	318.97	98.62	101.38	0.27	12	日涨幅偏离值达到7的前5只证券	20201029	星期四
24	003017	大洋生物	实力游资卖出，成功率0.00	46.27	-7.94	-3058.14	2448.29	5506.43	7954.71	33635.33	-9.09	23.65	45.63	7	日跌幅偏离值达到7的前5只证券	20201029	星期四
25	003017	大洋生物	实力游资卖出，成功率0.00	46.27	-7.94	-3058.14	2448.29	5506.43	7954.71	33635.33	-9.09	23.65	45.63	7	日换手率达到20的前5只证券	20201029	星期四
26	300313	天山生物	主力做T，成功率0.00	23.76	20.00	3802.50	8737.06	4934.56	13671.62	94904.57	4.01	14.41	22.77	44	日涨幅达到15的前5只证券	20201029	星期四
27	300400	劲拓股份	主力做T，成功率0.00	15.47	-15.33	2104.77	5168.80	3064.03	8232.83	39137.46	5.38	21.04	13.78	28	日跌幅达到15的前5只证券	20201029	星期四
28	300431	暴风退	实力游资买入，成功率0.00	0.29	0.00	-25.18	78.15	103.32	181.47	213.87	-11.77	84.85	3.05	1	退市整理期	20201029	星期四
29	300469	信息发展	1家机构买入，成功率0.00	19.66	20.02	5653.82	9134.18	3480.36	12614.54	66614.23	8.49	18.94	22.35	34	日涨幅达到15的前5只证券	20201029	星期四
30	300549	优德精密	实力游资买入，成功率0.00	28.28	19.98	-665.76	4603.56	5269.33	9872.89	55921.36	-1.19	17.65	20.72	28	日涨幅达到15的前5只证券	20201029	星期四
31	300605	恒锋信息	买一主买，成功率0.00	21.29	20.01	1587.05	6132.21	4545.16	10677.37	29022.40	5.47	36.79	13.95	22	日涨幅达到15的前5只证券	20201029	星期四
32	300626	华瑞股份	实力游资买入，成功率0.00	15.10	20.03	5806.68	11592.97	5786.29	17379.26	62096.35	9.35	27.99	36.97	18	日涨幅达到15的前5只证券	20201029	星期四
33	300718	长盛轴承	1家机构卖出，成功率0.00	25.08	-2.11	-5520.70	3362.77	8883.47	12246.25	68437.04	-8.07	17.89	55.79	12	日换手率达到30的前5只证券	20201029	星期四
34	300722	新余国科	实力游资卖出，成功率0.00	80.02	-1.45	-6736.72	7575.19	14311.91	21887.10	198940.51	-3.39	11.00	64.93	29	日换手率达到30的前5只证券	20201029	星期四
35	300781	因赛集团	卖一主卖，成功率0.00	59.03	-1.94	-230.19	5267.29	5497.48	10764.77	86781.89	-0.27	12.40	51.87	16	日换手率达到30的前5只证券	20201029	星期四
36	300819	聚杰微纤	主力做T，成功率0.00	58.05	5.55	2751.34	7363.86	4612.52	11976.37	113304.24	2.43	10.57	75.08	14	日换手率达到30的前5只证券	20201029	星期四
37	300897	山科智能	江苏资金卖出，成功率0.00	62.00	-12.48	-5048.24	4043.15	9091.39	13134.54	58972.11	-8.56	22.27	54.50	11	日换手率达到30的前5只证券	20201029	星期四
38	300900	广联航空	西藏自治区资金买入，成功率0.00	72.29	304.53	4632.92	11710.71	7077.80	18788.51	247529.86	1.87	7.59	74.46	32	无价格涨跌幅限制的证券	20201029	星期四
39	300901	中胤时尚	实力游资买入，成功率0.00	41.33	361.27	3176.94	7076.57	3899.63	10976.19	160419.85	1.98	6.84	76.58	24	无价格涨跌幅限制的证券	20201029	星期四
40	300902	国安达	西藏自治区资金买入，成功率0.00	61.80	301.82	2403.25	5662.42	3259.18	8921.60	138475.05	1.74	6.44	73.25	19	无价格涨跌幅限制的证券	20201029	星期四
41	600741	华域汽车	1家机构买入，成功率0.00	30.75	10.02	26558.52	58399.40	31840.88	90240.29	162575.07	16.34	55.51	1.71	969	有价格涨跌幅限制的日收盘价格涨幅偏离值达到7的前三只证券	20201029	星期四
42	601187	厦门银行	实力游资卖出，成功率0.00	7.79	-8.03	371.16	4822.66	4451.50	9274.17	75911.02	0.49	12.22	36.92	21	有价格涨跌幅限制的日换手率达到20的前三只证券	20201029	星期四
43	601636	旗滨集团	实力游资买入，成功率0.00	9.12	10.01	10003.25	15399.54	5396.29	20795.83	65139.08	15.36	31.93	2.73	245	有价格涨跌幅限制的日收盘价格涨幅偏离值达到7的前三只证券	20201029	星期四
44	603056	德邦股份	2家机构卖出，成功率0.00	14.93	-10.01	-7378.54	2577.92	9956.46	12534.39	29850.50	-24.72	41.99	8.99	32	有价格涨跌幅限制的日收盘价格跌幅偏离值达到7的前三只证券	20201029	星期四
45	603697	有友食品	1家机构卖出，成功率0.00	21.34	-10.00	-677.40	2629.77	3307.17	5936.94	26698.20	-2.54	22.24	13.80	19	有价格涨跌幅限制的日收盘价格跌幅偏离值达到7的前三只证券	20201029	星期四
46	603808	歌力思	上海资金卖出，成功率0.00	16.20	-10.00	-765.06	8873.47	9638.54	18512.01	25611.82	-2.99	72.28	4.58	54	有价格涨跌幅限制的日价格振幅达到15的前三只证券	20201029	星期四
47	603808	歌力思	上海资金卖出，成功率0.00	16.20	-10.00	-765.06	8873.47	9638.54	18512.01	25611.82	-2.99	72.28	4.58	54	有价格涨跌幅限制的日收盘价格跌幅偏离值达到7的前三只证券	20201029	星期四
48	603919	金徽酒	实力游资买入，成功率0.00	33.20	10.01	4269.67	9772.06	5502.39	15274.45	80886.33	5.28	18.88	5.10	163	有价格涨跌幅限制的日收盘价格涨幅偏离值达到7的前三只证券	20201029	星期四
49	603919	金徽酒	实力游资买入，成功率0.00	33.20	10.01	-61.99	18230.46	18292.44	36522.90	248599.86	-0.02	14.69	5.10	163	非ST、*ST和S证券连续三个交易日内收盘价格涨幅偏离值累计达到20的证券	20201029	星期四
50	605111	新洁能	实力游资卖出，成功率0.00	128.80	-1.51	7587.24	24174.55	16587.32	40761.87	118916.62	6.38	34.28	37.05	33	有价格涨跌幅限制的日换手率达到20的前三只证券	20201029	星期四
51	605136	丽人丽妆	卖一主卖，成功率0.00	41.00	-0.61	-3059.24	3108.05	6167.29	9275.35	41762.30	-7.33	22.21	25.92	16	有价格涨跌幅限制的日换手率达到20的前三只证券	20201029	星期四
52	688580	伟思医疗	3家机构卖出，成功率0.00	126.40	-19.49	-7966.88	6933.98	14900.86	21834.84	46372.81	-17.18	47.09	22.71	20	有价格涨跌幅限制的日收盘价格跌幅达到15的前五只证券	20201029	星期四
