1	000037	深南电A	广东资金卖出，成功率39.82	16.49	-6.57	-2466.33	1207.05	3673.38	4880.42	11682.80	-21.11	41.77	2.04	56	日跌幅偏离值达到7的前5只证券	20200827	星期四
2	000517	荣安地产	买一主买，成功率49.18	2.97	10.00	2910.52	4292.02	1381.51	5673.53	8896.60	32.71	63.77	1.24	73	日涨幅偏离值达到7的前5只证券	20200827	星期四
3	000534	万泽股份	2家机构买入，成功率39.05	15.07	10.00	-849.59	3084.29	3933.87	7018.16	24117.58	-3.52	29.10	3.34	74	日涨幅偏离值达到7的前5只证券	20200827	星期四
4	000590	启迪古汉	上海资金买入，成功率64.94	12.57	9.97	921.63	1224.19	302.56	1526.75	1224.19	75.28	124.72	0.41	30	日涨幅偏离值达到7的前5只证券	20200827	星期四
5	000590	启迪古汉	实力游资买入，成功率38.97	12.57	9.97	3641.52	4104.02	462.50	4566.52	4843.16	75.19	94.29	0.41	30	连续三个交易日内，涨幅偏离值累计达到20的证券	20200827	星期四
6	000733	振华科技	主力做T，成功率52.95	43.96	10.01	6780.05	17497.08	10717.03	28214.10	82207.95	8.25	34.32	3.67	226	日涨幅偏离值达到7的前5只证券	20200827	星期四
7	000755	山西路桥	实力游资卖出，成功率51.42	4.28	-9.32	-2176.04	1676.74	3852.78	5529.52	27076.79	-8.04	20.42	12.83	20	日振幅值达到15的前5只证券	20200827	星期四
8	000755	山西路桥	实力游资卖出，成功率51.42	4.28	-9.32	-2176.04	1676.74	3852.78	5529.52	27076.79	-8.04	20.42	12.83	20	日跌幅偏离值达到7的前5只证券	20200827	星期四
9	000897	津滨发展	实力游资卖出，成功率26.97	3.16	-9.97	-550.35	3248.46	3798.81	7047.27	40458.11	-1.36	17.42	7.77	51	日跌幅偏离值达到7的前5只证券	20200827	星期四
10	002108	沧州明珠	主力做T，成功率29.25	6.32	2.27	-10524.30	11595.51	22119.81	33715.32	198253.23	-5.31	17.01	22.00	90	日换手率达到20的前5只证券	20200827	星期四
11	002177	御银股份	1家机构卖出，成功率60.90	6.20	-8.82	389.35	9007.73	8618.38	17626.11	89298.58	0.44	19.74	18.79	47	日跌幅偏离值达到7的前5只证券	20200827	星期四
12	002208	合肥城建	实力游资卖出，成功率41.54	14.01	-6.60	-2587.65	2591.74	5179.40	7771.14	48505.55	-5.33	16.02	6.76	72	日跌幅偏离值达到7的前5只证券	20200827	星期四
13	002235	安妮股份	实力游资买入，成功率53.34	10.46	9.99	1371.83	11336.20	9964.37	21300.57	61267.88	2.24	34.77	11.29	55	日涨幅偏离值达到7的前5只证券	20200827	星期四
14	002537	海联金汇	主力做T，成功率46.53	8.15	-8.73	3932.27	9953.45	6021.18	15974.63	104666.34	3.76	15.26	10.32	101	日跌幅偏离值达到7的前5只证券	20200827	星期四
15	002726	龙大肉食	1家机构买入，成功率46.20	14.41	10.00	5316.53	16904.75	11588.23	28492.98	71930.49	7.39	39.61	5.17	141	日涨幅偏离值达到7的前5只证券	20200827	星期四
16	002726	龙大肉食	买一主买，成功率67.52	14.41	10.00	28534.27	45829.04	17294.77	63123.81	183379.20	15.56	34.42	5.17	141	连续三个交易日内，涨幅偏离值累计达到20的证券	20200827	星期四
17	002851	麦格米特	3家机构买入，成功率50.17	30.50	9.99	8434.28	13357.22	4922.94	18280.16	45550.41	18.52	40.13	4.30	108	日涨幅偏离值达到7的前5只证券	20200827	星期四
18	002861	瀛通通讯	1家机构卖出，成功率46.67	27.36	-6.91	-393.61	2007.63	2401.25	4408.88	24667.86	-1.60	17.87	13.21	19	日跌幅偏离值达到7的前5只证券	20200827	星期四
19	002927	泰永长征	卖一主卖，成功率50.88	15.27	-10.02	-4378.99	2367.66	6746.65	9114.31	27769.72	-15.77	32.82	18.96	14	日跌幅偏离值达到7的前5只证券	20200827	星期四
20	002969	嘉美包装	浙江资金买入，成功率27.79	11.38	5.76	3257.37	6959.17	3701.80	10660.97	28652.31	11.37	37.21	27.03	11	日换手率达到20的前5只证券	20200827	星期四
21	002991	甘源食品	3家机构买入，成功率46.89	138.67	10.00	5087.03	15735.90	10648.87	26384.77	64555.34	7.88	40.87	20.80	32	日涨幅偏离值达到7的前5只证券	20200827	星期四
22	002991	甘源食品	3家机构买入，成功率46.89	138.67	10.00	5087.03	15735.90	10648.87	26384.77	64555.34	7.88	40.87	20.80	32	日换手率达到20的前5只证券	20200827	星期四
23	002993	奥海科技	3家机构买入，成功率50.72	78.36	9.99	7474.60	22828.38	15353.77	38182.15	203971.68	3.66	18.72	59.69	35	日涨幅偏离值达到7的前5只证券	20200827	星期四
24	002993	奥海科技	3家机构买入，成功率50.72	78.36	9.99	7474.60	22828.38	15353.77	38182.15	203971.68	3.66	18.72	59.69	35	日换手率达到20的前5只证券	20200827	星期四
25	300106	西部牧业	西藏自治区资金买入，成功率33.75	13.50	0.37	-2739.98	3471.91	6211.88	9683.79	90108.00	-3.04	10.75	31.22	29	日振幅值达到30的前5只证券	20200827	星期四
26	300152	科融环境	西藏自治区资金买入，成功率30.29	4.55	4.84	-5689.79	4713.06	10402.85	15115.92	121756.16	-4.67	12.41	35.70	32	日换手率达到30的前5只证券	20200827	星期四
27	300172	中电环保	主力做T，成功率39.79	8.42	19.94	-2998.18	5437.70	8435.88	13873.59	95457.73	-3.14	14.53	31.84	32	日涨幅达到15的前5只证券	20200827	星期四
28	300172	中电环保	主力做T，成功率39.79	8.42	19.94	-2998.18	5437.70	8435.88	13873.59	95457.73	-3.14	14.53	31.84	32	日换手率达到30的前5只证券	20200827	星期四
29	300172	中电环保	主力做T，成功率37.95	8.42	19.94	1559.11	11310.06	9750.95	21061.01	153346.61	1.02	13.73	31.84	32	连续三个交易日内，涨幅偏离值累计达到30的证券	20200827	星期四
30	300176	派生科技	实力游资买入，成功率29.70	9.71	20.02	1740.19	7235.78	5495.59	12731.38	140259.58	1.24	9.08	16.87	36	连续三个交易日内，涨幅偏离值累计达到30的证券	20200827	星期四
31	300187	永清环保	主力做T，成功率35.93	8.64	20.00	-20.76	7161.99	7182.74	14344.73	84392.34	-0.02	17.00	11.98	55	连续三个交易日内，涨幅偏离值累计达到30的证券	20200827	星期四
32	300216	千山退	卖一主卖，成功率38.89	0.64	-9.86	-0.01	0.33	0.33	0.66	0.33	-1.92	198.08	0.00	2	退市整理期	20200827	星期四
33	300217	东方电热	实力游资买入，成功率45.74	3.67	19.93	5753.93	10440.77	4686.85	15127.62	80072.10	7.19	18.89	26.05	32	日涨幅达到15的前5只证券	20200827	星期四
34	300222	科大智能	实力游资买入，成功率40.57	14.56	20.03	5974.84	10890.05	4915.21	15805.26	115428.74	5.18	13.69	15.35	79	日涨幅达到15的前5只证券	20200827	星期四
35	300293	蓝英装备	买一主买，成功率50.02	24.00	20.00	2435.89	7104.37	4668.48	11772.85	100812.11	2.42	11.68	16.63	65	日涨幅达到15的前5只证券	20200827	星期四
36	300313	天山生物	浙江资金买入，成功率46.33	16.08	20.00	2858.37	7969.00	5110.63	13079.64	83088.28	3.44	15.74	31.32	30	日涨幅达到15的前5只证券	20200827	星期四
37	300313	天山生物	浙江资金买入，成功率46.33	16.08	20.00	2858.37	7969.00	5110.63	13079.64	83088.00	3.44	15.74	31.32	30	日振幅值达到30的前5只证券	20200827	星期四
38	300313	天山生物	浙江资金买入，成功率46.33	16.08	20.00	2858.37	7969.00	5110.63	13079.64	83088.28	3.44	15.74	31.32	30	日换手率达到30的前5只证券	20200827	星期四
39	300313	天山生物	实力游资买入，成功率47.77	16.08	20.00	4783.36	11712.96	6929.60	18642.56	147535.66	3.24	12.64	31.32	30	连续三个交易日内，涨幅偏离值累计达到30的证券	20200827	星期四
40	300313	天山生物	-	16.08	20.00	-	-	-	-	26177421.68	-	-	31.32	30	严重异常期间日收盘价格涨幅偏离值累计达到108.96	20200827	星期四
41	300857	协创数据	主力做T，成功率39.05	42.32	-4.68	-2426.53	10692.13	13118.66	23810.80	118052.60	-2.06	20.17	51.22	22	日换手率达到30的前5只证券	20200827	星期四
42	300859	西域旅游	实力游资买入，成功率26.90	34.83	1.40	2268.51	8761.67	6493.16	15254.83	77217.71	2.94	19.76	59.52	13	日换手率达到30的前5只证券	20200827	星期四
43	600145	*ST新亿	西藏自治区资金买入，成功率36.00	1.74	4.82	-50.81	910.37	961.18	1871.54	12159.65	-0.42	15.39	1.65	26	ST、*ST和S证券连续三个交易日内收盘价格涨幅偏离值累计达到15的证券	20200827	星期四
44	600158	中体产业	实力游资卖出，成功率36.87	15.12	-10.00	-8704.70	7905.83	16610.53	24516.36	61338.22	-14.19	39.97	6.01	99	有价格涨跌幅限制的日收盘价格跌幅偏离值达到7的前三只证券	20200827	星期四
45	600748	上实发展	买一主买，成功率44.46	6.03	10.04	7052.70	9820.60	2767.90	12588.49	32746.09	21.54	38.44	3.02	111	有价格涨跌幅限制的日收盘价格涨幅偏离值达到7的前三只证券	20200827	星期四
46	600823	世茂股份	实力游资买入，成功率36.80	7.10	5.50	-4003.18	13522.62	17525.80	31048.42	127642.59	-3.14	24.32	4.87	266	有价格涨跌幅限制的日价格振幅达到15的前三只证券	20200827	星期四
47	600983	惠而浦	买一主买，成功率15.19	7.66	10.06	461.65	598.69	137.04	735.73	598.69	77.11	122.89	0.15	41	有价格涨跌幅限制的日收盘价格涨幅偏离值达到7的前三只证券	20200827	星期四
48	600983	惠而浦	实力游资买入，成功率40.00	7.66	10.06	1352.50	2455.80	1103.30	3559.10	2577.84	52.47	138.07	0.15	41	非ST、*ST和S证券连续三个交易日内收盘价格涨幅偏离值累计达到20的证券	20200827	星期四
49	603268	松发股份	买一主买，成功率43.92	20.15	6.44	5986.31	10349.72	4363.41	14713.14	37248.00	16.07	39.50	5.67	25	非ST、*ST和S证券连续三个交易日内收盘价格涨幅偏离值累计达到20的证券	20200827	星期四
50	603533	掌阅科技	2家机构卖出，成功率23.22	29.43	-10.00	-6948.10	2554.43	9502.53	12056.97	38875.99	-17.87	31.01	7.97	48	有价格涨跌幅限制的日收盘价格跌幅偏离值达到7的前三只证券	20200827	星期四
51	603683	晶华新材	买一主买，成功率44.01	15.71	3.36	444.50	1614.41	1169.91	2784.31	7851.02	5.66	35.46	10.04	8	有价格涨跌幅限制的日价格振幅达到15的前三只证券	20200827	星期四
52	603709	中源家居	卖一主卖，成功率29.47	33.21	-10.00	-16763.57	2804.22	19567.79	22372.01	38914.29	-43.08	57.49	53.54	7	有价格涨跌幅限制的日收盘价格跌幅偏离值达到7的前三只证券	20200827	星期四
53	603709	中源家居	卖一主卖，成功率29.47	33.21	-10.00	-16763.57	2804.22	19567.79	22372.01	38914.29	-43.08	57.49	53.54	7	有价格涨跌幅限制的日换手率达到20的前三只证券	20200827	星期四
54	603819	神力股份	江苏资金卖出，成功率37.78	17.50	-4.16	759.55	4889.99	4130.44	9020.43	25763.62	2.95	35.01	6.45	38	有价格涨跌幅限制的日价格振幅达到15的前三只证券	20200827	星期四
55	603931	格林达	买一主买，成功率57.01	54.56	10.00	1512.80	1573.59	60.80	1634.39	1573.59	96.14	103.86	0.64	14	非ST、*ST和S证券连续三个交易日内收盘价格涨幅偏离值累计达到20的证券	20200827	星期四
56	605008	长鸿高科	实力游资卖出，成功率34.25	18.53	-8.31	1740.63	3329.36	1588.73	4918.09	46451.05	3.75	10.59	51.99	9	有价格涨跌幅限制的日换手率达到20的前三只证券	20200827	星期四
57	605123	派克新材	买一主买，成功率80.00	52.86	10.01	480.48	530.97	50.49	581.46	530.97	90.49	109.51	0.23	14	非ST、*ST和S证券连续三个交易日内收盘价格涨幅偏离值累计达到20的证券	20200827	星期四
58	605255	天普股份	买一主买，成功率41.05	22.06	10.02	236.87	254.64	17.77	272.41	254.64	93.02	106.98	0.34	7	有价格涨跌幅限制的日收盘价格涨幅偏离值达到7的前三只证券	20200827	星期四
59	605255	天普股份	买一主买，成功率49.07	22.06	10.02	355.99	376.91	20.91	397.82	376.91	94.45	105.55	0.34	7	非ST、*ST和S证券连续三个交易日内收盘价格涨幅偏离值累计达到20的证券	20200827	星期四
60	605333	沪光股份	买一主买，成功率33.86	14.87	9.99	818.28	888.65	70.36	959.01	888.65	92.08	107.92	0.99	6	非ST、*ST和S证券连续三个交易日内收盘价格涨幅偏离值累计达到20的证券	20200827	星期四
61	605388	均瑶健康	实力游资卖出，成功率39.21	26.93	-9.93	-647.29	6082.20	6729.48	12811.68	83326.45	-0.78	15.38	43.72	19	有价格涨跌幅限制的日换手率达到20的前三只证券	20200827	星期四
62	688126	沪硅产业	1家机构买入，成功率46.91	45.60	16.56	449.52	31002.78	30553.26	61556.04	387041.31	0.12	15.90	19.87	205	有价格涨跌幅限制的日收盘价格涨幅达到15的前五只证券	20200827	星期四
