1	000004	国农科技	3家机构卖出，成功率48.55	23.80	-9.71	-3827.73	1415.41	5243.15	6658.56	14930.69	-25.64	44.60	7.21	20	日跌幅偏离值达到7的前5只证券	20200826	星期三
2	000006	深振业A	广东资金卖出，成功率49.00	6.45	-9.54	-4116.72	8883.56	13000.29	21883.85	47157.03	-8.73	46.41	5.23	87	日跌幅偏离值达到7的前5只证券	20200826	星期三
3	000505	京粮控股	西藏自治区资金卖出，成功率31.99	11.47	-9.47	3718.09	11577.45	7859.36	19436.81	108137.27	3.44	17.97	22.85	47	日换手率达到20的前5只证券	20200826	星期三
4	000567	海德股份	实力游资卖出，成功率59.10	11.70	-9.93	149.20	1527.41	1378.21	2905.62	20559.65	0.73	14.13	7.73	25	日跌幅偏离值达到7的前5只证券	20200826	星期三
5	000587	*ST金洲	新疆维吾尔自治区资金买入，成功率53.33	1.58	2.60	2535.42	10522.45	7987.03	18509.48	24001.00	10.56	77.12	2.47	19	连续三个交易日内，涨幅偏离值累计达到12的ST证券、*ST证券和未完成股改证券	20200826	星期三
6	000590	启迪古汉	实力游资买入，成功率38.44	11.43	10.01	3169.46	3583.20	413.73	3996.93	3618.97	87.58	110.44	1.32	27	日涨幅偏离值达到7的前5只证券	20200826	星期三
7	000636	风华高科	4家机构卖出，成功率48.59	31.21	-10.01	-21174.60	17341.64	38516.24	55857.87	220209.15	-9.62	25.37	7.71	279	日跌幅偏离值达到7的前5只证券	20200826	星期三
8	000722	湖南发展	江苏资金卖出，成功率45.73	7.88	-10.05	-852.89	4397.99	5250.88	9648.87	26638.68	-3.20	36.22	7.04	37	日跌幅偏离值达到7的前5只证券	20200826	星期三
9	000755	山西路桥	实力游资买入，成功率34.66	4.72	10.02	1341.62	2873.31	1531.69	4405.01	12639.66	10.61	34.85	5.71	22	日涨幅偏离值达到7的前5只证券	20200826	星期三
10	000755	山西路桥	实力游资买入，成功率34.66	4.72	10.02	1767.66	3299.35	1531.69	4831.05	13105.56	13.49	36.86	5.71	22	连续三个交易日内，涨幅偏离值累计达到20的证券	20200826	星期三
11	000826	启迪环境	1家机构买入，成功率51.61	9.48	6.04	6934.18	18302.75	11368.56	29671.31	82212.72	8.43	36.09	6.03	135	日涨幅偏离值达到7的前5只证券	20200826	星期三
12	000925	众合科技	买一主买，成功率60.73	8.78	6.17	2972.21	5830.11	2857.89	8688.00	39392.27	7.55	22.06	8.38	47	日涨幅偏离值达到7的前5只证券	20200826	星期三
13	000993	闽东电力	实力游资卖出，成功率39.08	7.19	-6.99	-4018.15	5748.08	9766.23	15514.30	141803.45	-2.83	10.94	10.30	27	连续三个交易日内，跌幅偏离值累计达到20的证券	20200826	星期三
14	002011	盾安环境	实力游资买入，成功率35.14	4.32	9.92	4704.24	7530.86	2826.61	10357.47	27242.38	17.27	38.02	6.98	39	日涨幅偏离值达到7的前5只证券	20200826	星期三
15	002108	沧州明珠	西藏自治区资金卖出，成功率41.56	6.18	-7.21	5351.20	17433.98	12082.78	29516.76	184422.08	2.90	16.01	20.17	88	日换手率达到20的前5只证券	20200826	星期三
16	002210	*ST飞马	福建资金买入，成功率57.18	2.08	5.05	-1072.78	2951.38	4024.16	6975.53	18773.04	-5.71	37.16	2.57	34	连续三个交易日内，涨幅偏离值累计达到12的ST证券、*ST证券	20200826	星期三
17	002247	*ST聚力	浙江资金买入，成功率59.44	2.36	4.89	1334.98	3005.41	1670.43	4675.85	13637.37	9.79	34.29	5.03	13	连续三个交易日内，涨幅偏离值累计达到12的ST证券、*ST证券	20200826	星期三
18	002335	科华恒盛	卖一主卖，成功率16.89	28.80	-9.72	-2268.19	4384.79	6652.98	11037.77	56931.17	-3.98	19.39	7.95	67	日振幅值达到15的前5只证券	20200826	星期三
19	002335	科华恒盛	卖一主卖，成功率16.89	28.80	-9.72	-2268.19	4384.79	6652.98	11037.77	56931.17	-3.98	19.39	7.95	67	日跌幅偏离值达到7的前5只证券	20200826	星期三
20	002352	顺丰控股	实力游资买入，成功率54.61	80.21	10.00	-5891.83	62586.26	68478.09	131064.35	142441.30	-4.14	92.01	0.40	3601	日涨幅偏离值达到7的前5只证券	20200826	星期三
21	002537	海联金汇	主力做T，成功率46.35	8.93	0.79	-12000.63	20756.54	32757.17	53513.72	307483.62	-3.90	17.40	16.37	111	连续三个交易日内，涨幅偏离值累计达到20的证券	20200826	星期三
22	002614	奥佳华	3家机构卖出，成功率43.78	16.13	-2.12	-856.95	13199.39	14056.34	27255.73	54287.98	-1.58	50.21	10.06	54	日振幅值达到15的前5只证券	20200826	星期三
23	002617	露笑科技	买一主买，成功率40.53	6.89	10.06	9254.35	15576.59	6322.24	21898.83	92845.77	9.97	23.59	11.79	80	日涨幅偏离值达到7的前5只证券	20200826	星期三
24	002661	克明面业	2家机构卖出，成功率38.58	24.09	-10.01	-3235.06	6008.93	9243.99	15252.92	90686.85	-3.57	16.82	11.20	79	日跌幅偏离值达到7的前5只证券	20200826	星期三
25	002672	东江环保	1家机构买入，成功率45.93	11.72	10.05	5030.71	6588.72	1558.01	8146.73	19137.01	26.29	42.57	2.52	78	日涨幅偏离值达到7的前5只证券	20200826	星期三
26	002722	金轮股份	1家机构卖出，成功率41.14	13.41	-5.70	-3693.65	1315.01	5008.66	6323.67	15127.37	-24.42	41.80	6.26	23	日振幅值达到15的前5只证券	20200826	星期三
27	002787	华源控股	实力游资买入，成功率39.34	9.33	10.02	1191.78	3091.72	1899.93	4991.65	8321.06	14.32	59.99	5.03	17	日涨幅偏离值达到7的前5只证券	20200826	星期三
28	002861	瀛通通讯	实力游资卖出，成功率60.00	29.39	-9.98	-3274.56	2003.43	5277.99	7281.42	12201.21	-26.84	59.68	6.00	20	日跌幅偏离值达到7的前5只证券	20200826	星期三
29	002890	弘宇股份	实力游资卖出，成功率46.98	49.43	-10.00	731.23	3793.82	3062.60	6856.42	13048.74	5.60	52.54	4.09	31	日跌幅偏离值达到7的前5只证券	20200826	星期三
30	002903	宇环数控	实力游资卖出，成功率19.49	15.95	-8.12	-4047.73	1321.75	5369.48	6691.23	23932.76	-16.91	27.96	22.19	11	日换手率达到20的前5只证券	20200826	星期三
31	002982	湘佳股份	2家机构卖出，成功率39.18	126.19	-10.00	-340.74	5716.46	6057.20	11773.66	51340.02	-0.66	22.93	14.98	32	日跌幅偏离值达到7的前5只证券	20200826	星期三
32	002991	甘源食品	江苏资金卖出，成功率55.12	126.06	-9.31	2177.32	11157.46	8980.13	20137.59	68931.64	3.16	29.21	22.39	29	日换手率达到20的前5只证券	20200826	星期三
33	002993	奥海科技	江苏资金买入，成功率48.81	71.24	3.89	15622.23	31296.43	15674.20	46970.63	232036.76	6.73	20.24	62.62	32	连续三个交易日内，涨幅偏离值累计达到20的证券	20200826	星期三
34	002993	奥海科技	江苏资金买入，成功率46.53	71.24	3.89	3152.96	17326.81	14173.85	31500.67	201168.00	1.57	15.66	62.62	32	日换手率达到20的前5只证券	20200826	星期三
35	300064	豫金刚石	主力做T，成功率32.80	3.34	6.37	-632.50	4256.14	4888.64	9144.79	85276.68	-0.74	10.72	20.39	21	连续三个交易日内，涨幅偏离值累计达到30的证券	20200826	星期三
36	300106	西部牧业	主力做T，成功率39.30	13.45	19.98	-3440.97	4250.76	7691.73	11942.49	85093.70	-4.04	14.03	32.20	28	日涨幅达到15的前5只证券	20200826	星期三
37	300152	科融环境	买一主买，成功率44.35	4.34	19.89	-2561.17	5901.49	8462.66	14364.15	59878.10	-4.28	23.99	20.71	31	日涨幅达到15的前5只证券	20200826	星期三
38	300152	科融环境	主力做T，成功率37.04	4.34	19.89	3804.21	13065.90	9261.69	22327.59	104353.62	3.65	21.40	20.71	31	连续三个交易日内，涨幅偏离值累计达到30的证券	20200826	星期三
39	300172	中电环保	实力游资买入，成功率40.69	7.02	20.00	2857.45	6268.13	3410.68	9678.81	57888.88	4.94	16.72	22.79	26	日涨幅达到15的前5只证券	20200826	星期三
40	300187	永清环保	实力游资买入，成功率35.55	7.20	20.00	-745.74	3531.99	4277.72	7809.71	20039.65	-3.72	38.97	4.57	46	日涨幅达到15的前5只证券	20200826	星期三
41	300216	千山退	卖一主卖，成功率42.86	0.71	-10.13	0.00	0.38	0.38	0.75	0.38	0.00	200.00	0.00	2	退市整理期	20200826	星期三
42	300313	天山生物	买一主买，成功率36.06	13.40	19.96	1772.77	6311.05	4538.29	10849.34	64447.38	2.75	16.83	28.33	25	日涨幅达到15的前5只证券	20200826	星期三
43	300368	汇金股份	主力做T，成功率37.40	19.84	6.61	-13084.45	9543.82	22628.26	32172.08	271707.00	-4.82	11.84	27.60	101	日振幅值达到30的前5只证券	20200826	星期三
44	300461	田中精机	实力游资买入，成功率40.69	25.70	12.33	-3912.79	5220.63	9133.41	14354.04	99013.40	-3.95	14.50	24.42	18	连续三个交易日内，涨幅偏离值累计达到30的证券	20200826	星期三
45	300461	田中精机	1家机构买入，成功率43.77	25.70	12.33	-897.10	2345.11	3242.21	5587.31	40045.00	-2.24	13.95	24.42	18	日振幅值达到30的前5只证券	20200826	星期三
46	300489	中飞股份	上海资金卖出，成功率50.23	38.70	-15.72	-2597.00	4359.12	6956.12	11315.25	30581.13	-8.49	37.00	6.44	44	日跌幅达到15的前5只证券	20200826	星期三
47	300798	锦鸡股份	2家机构卖出，成功率46.00	16.49	-1.85	-3026.78	2365.70	5392.47	7758.17	26447.01	-11.44	29.33	37.42	7	日换手率达到30的前5只证券	20200826	星期三
48	300846	首都在线	实力游资卖出，成功率37.08	31.32	-12.07	-2469.92	2376.84	4846.76	7223.60	55321.51	-4.46	13.06	33.17	16	日换手率达到30的前5只证券	20200826	星期三
49	300847	中船汉光	主力做T，成功率41.91	29.85	1.88	-1452.10	4240.58	5692.68	9933.26	57806.73	-2.51	17.18	38.32	15	日换手率达到30的前5只证券	20200826	星期三
50	300857	协创数据	江苏资金卖出，成功率35.19	44.40	-2.59	-2308.39	9838.84	12147.23	21986.08	147262.61	-1.57	14.93	59.72	23	日换手率达到30的前5只证券	20200826	星期三
51	300859	西域旅游	买一主买，成功率37.26	34.35	6.68	1314.87	8697.50	7382.63	16080.13	92084.71	1.43	17.46	68.39	13	日换手率达到30的前5只证券	20200826	星期三
52	600158	中体产业	1家机构买入，成功率48.93	16.80	4.41	-1680.99	40738.57	42419.56	83158.13	283829.97	-0.59	29.30	26.42	110	有价格涨跌幅限制的日价格振幅达到15的前三只证券	20200826	星期三
53	600165	新日恒力	实力游资买入，成功率30.47	7.90	10.03	-1241.53	4514.49	5756.02	10270.50	73661.47	-1.69	13.94	14.37	54	有价格涨跌幅限制的日收盘价格涨幅偏离值达到7的前三只证券	20200826	星期三
54	600396	金山股份	卖一主卖，成功率37.57	2.93	-10.12	-361.66	2224.47	2586.13	4810.60	30883.15	-1.17	15.58	7.00	43	有价格涨跌幅限制的日收盘价格跌幅偏离值达到7的前三只证券	20200826	星期三
55	600543	莫高股份	卖一主卖，成功率55.12	10.24	-10.02	-5831.50	5895.44	11726.94	17622.39	62092.98	-9.39	28.38	18.26	33	有价格涨跌幅限制的日收盘价格跌幅偏离值达到7的前三只证券	20200826	星期三
56	600546	山煤国际	3家机构卖出，成功率38.52	12.26	-8.51	-11816.53	10710.20	22526.73	33236.92	201529.58	-5.86	16.49	2.75	243	非ST、*ST和S证券连续三个交易日内收盘价格跌幅偏离值累计达到20的证券	20200826	星期三
57	600589	广东榕泰	西藏自治区资金卖出，成功率31.80	4.69	-2.90	-1493.82	6763.23	8257.05	15020.29	163010.48	-0.92	9.21	10.40	33	非ST、*ST和S证券连续三个交易日内收盘价格跌幅偏离值累计达到20的证券	20200826	星期三
58	600601	方正科技	1家机构卖出，成功率26.64	4.73	-10.08	-2137.20	6010.45	8147.64	14158.09	47522.31	-4.50	29.79	4.44	104	有价格涨跌幅限制的日收盘价格跌幅偏离值达到7的前三只证券	20200826	星期三
59	600823	世茂股份	2家机构买入，成功率51.79	6.73	9.97	26891.95	49013.46	22121.51	71134.97	205733.06	13.07	34.58	4.30	252	非ST、*ST和S证券连续三个交易日内收盘价格涨幅偏离值累计达到20的证券	20200826	星期三
60	601330	绿色动力	买一主买，成功率48.13	11.54	10.01	1776.13	8950.51	7174.38	16124.88	75758.71	2.34	21.28	26.10	30	有价格涨跌幅限制的日收盘价格涨幅偏离值达到7的前三只证券	20200826	星期三
61	603161	科华控股	卖一主卖，成功率28.52	17.08	-10.01	-2581.26	1899.26	4480.52	6379.78	17949.92	-14.38	35.54	14.47	12	有价格涨跌幅限制的日价格振幅达到15的前三只证券	20200826	星期三
62	603709	中源家居	实力游资买入，成功率26.90	36.90	9.76	900.88	4362.40	3461.52	7823.92	19407.68	4.64	40.31	28.66	7	有价格涨跌幅限制的日价格振幅达到15的前三只证券	20200826	星期三
63	603709	中源家居	实力游资买入，成功率26.90	36.90	9.76	900.88	4362.40	3461.52	7823.92	19407.68	4.64	40.31	28.66	7	有价格涨跌幅限制的日换手率达到20的前三只证券	20200826	星期三
64	605008	长鸿高科	买一主买，成功率37.61	20.21	10.02	631.86	659.84	27.98	687.82	659.84	95.76	104.24	0.71	9	有价格涨跌幅限制的日收盘价格涨幅偏离值达到7的前三只证券	20200826	星期三
65	605178	时空科技	实力游资买入，成功率40.93	80.80	7.70	1403.52	4412.78	3009.25	7422.03	55983.29	2.51	13.26	39.57	14	有价格涨跌幅限制的日换手率达到20的前三只证券	20200826	星期三
66	605388	均瑶健康	实力游资卖出，成功率42.57	29.90	-3.98	-13471.10	5892.61	19363.72	25256.33	125081.08	-10.77	20.19	58.52	21	有价格涨跌幅限制的日换手率达到20的前三只证券	20200826	星期三
67	688055	龙腾光电	实力游资卖出，成功率48.27	9.00	-12.11	-2523.96	3932.07	6456.03	10388.10	81953.59	-3.08	12.68	32.14	24	有价格涨跌幅限制的日换手率达到30的前五只证券	20200826	星期三
68	688068	热景生物	实力游资卖出，成功率58.97	50.51	-15.87	-345.77	2048.06	2393.83	4441.89	13375.31	-2.59	33.21	17.06	7	有价格涨跌幅限制的日收盘价格跌幅达到15的前五只证券	20200826	星期三
69	688277	天智航	上海资金卖出，成功率44.01	65.89	-15.85	-5168.49	5163.53	10332.02	15495.55	46238.09	-11.18	33.51	18.93	23	有价格涨跌幅限制的日收盘价格跌幅达到15的前五只证券	20200826	星期三
70	900933	华新Ｂ股	实力游资卖出，成功率49.93	2.24	-7.93	647.73	1531.38	883.65	2415.03	4762.47	13.60	50.71	2.65	15	有价格涨跌幅限制的日价格振幅达到15的前三只证券	20200826	星期三
