1	000517	荣安地产	广东资金买入，成功率41.37	3.27	10.10	1795.03	3088.25	1293.22	4381.46	10862.95	16.52	40.33	1.36	81	日涨幅偏离值达到7的前5只证券	20200828	星期五
2	000517	荣安地产	买一主买，成功率45.67	3.27	10.10	4509.14	7066.49	2557.35	9623.84	23782.82	18.96	40.47	1.36	81	连续三个交易日内，涨幅偏离值累计达到20的证券	20200828	星期五
3	000587	*ST金洲	新疆维吾尔自治区资金卖出，成功率66.67	1.43	-4.67	-31.05	4805.28	4836.33	9641.62	13177.94	-0.24	73.16	1.82	17	连续三个交易日内，跌幅偏离值累计达到12的ST证券、*ST证券和未完成股改证券	20200828	星期五
4	000590	启迪古汉	1家机构卖出，成功率37.90	11.68	-7.08	-1146.29	4881.71	6028.00	10909.71	33251.79	-3.45	32.81	11.04	28	日振幅值达到15的前5只证券	20200828	星期五
5	000590	启迪古汉	1家机构卖出，成功率37.90	11.68	-7.08	-1146.29	4881.71	6028.00	10909.71	33251.79	-3.45	32.81	11.04	28	日跌幅偏离值达到7的前5只证券	20200828	星期五
6	000683	远兴能源	4家机构买入，成功率52.86	2.52	10.04	6331.12	10225.10	3893.98	14119.08	33645.15	18.82	41.96	3.91	90	日涨幅偏离值达到7的前5只证券	20200828	星期五
7	000755	山西路桥	实力游资卖出，成功率37.90	3.92	-8.41	-423.63	1112.11	1535.73	2647.84	14051.50	-3.01	18.84	7.54	18	日跌幅偏离值达到7的前5只证券	20200828	星期五
8	000755	山西路桥	实力游资卖出，成功率38.55	3.92	-8.41	-2271.80	2253.93	4525.73	6779.66	41128.28	-5.52	16.48	7.54	18	连续三个交易日内，跌幅偏离值累计达到20的证券	20200828	星期五
9	000799	酒鬼酒	2家机构买入，成功率49.62	85.03	10.00	50991.78	71743.76	20751.98	92495.74	266875.40	19.11	34.66	9.89	276	日涨幅偏离值达到7的前5只证券	20200828	星期五
10	000838	财信发展	买一主买，成功率36.26	3.23	9.86	2488.29	3021.45	533.16	3554.62	5757.90	43.22	61.73	2.15	27	日涨幅偏离值达到7的前5只证券	20200828	星期五
11	000881	中广核技	实力游资卖出，成功率46.69	10.54	-9.91	-7931.93	6417.65	14349.59	20767.24	45091.11	-17.59	46.06	5.89	73	日跌幅偏离值达到7的前5只证券	20200828	星期五
12	000895	双汇发展	1家机构买入，成功率52.93	65.17	9.68	-631.54	28009.70	28641.24	56650.94	140486.53	-0.45	40.32	2.53	575	日涨幅偏离值达到7的前5只证券	20200828	星期五
13	002066	瑞泰科技	实力游资卖出，成功率27.66	11.01	-9.98	-488.93	427.75	916.67	1344.42	3174.85	-15.40	42.35	1.23	25	日跌幅偏离值达到7的前5只证券	20200828	星期五
14	002108	沧州明珠	实力游资卖出，成功率21.17	5.70	-9.81	-1346.84	12934.05	14280.88	27214.93	160762.39	-0.84	16.93	19.79	81	日跌幅偏离值达到7的前5只证券	20200828	星期五
15	002188	ST巴士	卖一主卖，成功率23.05	3.41	-2.57	-4818.72	975.59	5794.31	6769.89	7512.37	-64.14	90.12	4.34	8	连续三个交易日内，跌幅偏离值累计达到12的ST证券、*ST证券	20200828	星期五
16	002259	*ST升达	上海资金卖出，成功率28.33	3.73	-5.09	-784.75	1636.63	2421.38	4058.00	10584.61	-7.41	38.34	1.25	28	连续三个交易日内，跌幅偏离值累计达到12的ST证券、*ST证券	20200828	星期五
17	002289	ST宇顺	主力做T，成功率43.71	12.21	4.99	-650.76	2794.07	3444.84	6238.91	14913.62	-4.36	41.83	1.72	32	连续三个交易日内，涨幅偏离值累计达到12的ST证券、*ST证券	20200828	星期五
18	002315	焦点科技	1家机构买入，成功率51.13	19.75	10.03	8998.55	14659.93	5661.39	20321.32	49909.58	18.03	40.72	15.82	33	日涨幅偏离值达到7的前5只证券	20200828	星期五
19	002332	仙琚制药	3家机构买入，成功率53.25	15.87	9.98	11542.20	19573.11	8030.90	27604.01	77917.49	14.81	35.43	5.50	144	日涨幅偏离值达到7的前5只证券	20200828	星期五
20	002335	科华恒盛	1家机构买入，成功率46.09	31.93	9.99	-125.26	8471.00	8596.27	17067.27	47385.41	-0.26	36.02	6.57	74	日涨幅偏离值达到7的前5只证券	20200828	星期五
21	002352	顺丰控股	主力做T，成功率54.92	87.58	10.00	22416.93	67796.20	45379.27	113175.48	228228.49	9.82	49.59	0.60	3932	日涨幅偏离值达到7的前5只证券	20200828	星期五
22	002472	双环传动	实力游资卖出，成功率68.69	6.20	-8.15	-828.05	5767.94	6595.99	12363.93	22829.12	-3.63	54.16	6.52	34	日跌幅偏离值达到7的前5只证券	20200828	星期五
23	002595	豪迈科技	1家机构买入，成功率61.74	24.42	10.00	-7455.62	13262.09	20717.70	33979.79	46946.70	-15.88	72.38	3.70	129	日涨幅偏离值达到7的前5只证券	20200828	星期五
24	002843	泰嘉股份	实力游资卖出，成功率32.22	9.10	-9.99	-842.80	236.33	1079.12	1315.45	2212.39	-38.09	59.46	1.16	19	日跌幅偏离值达到7的前5只证券	20200828	星期五
25	002927	泰永长征	2家机构卖出，成功率50.25	14.08	-7.79	-1609.91	1566.55	3176.46	4743.02	20057.25	-8.03	23.65	15.30	13	日跌幅偏离值达到7的前5只证券	20200828	星期五
26	002927	泰永长征	1家机构卖出，成功率52.14	14.08	-7.79	-5163.13	3521.99	8685.12	12207.11	47826.97	-10.80	25.52	15.30	13	连续三个交易日内，跌幅偏离值累计达到20的证券	20200828	星期五
27	002993	奥海科技	1家机构买入，成功率47.21	80.05	2.16	2042.47	13308.27	11265.80	24574.07	157017.27	1.30	15.65	42.95	36	日换手率达到20的前5只证券	20200828	星期五
28	002996	顺博合金	买一主买，成功率64.28	12.11	44.00	314.39	330.13	15.74	345.87	330.13	95.23	104.77	0.52	-	无价格涨跌幅限制的证券	20200828	星期五
29	300008	天海防务	上海资金买入，成功率36.28	5.71	19.96	2019.04	8036.80	6017.76	14054.56	69823.58	2.89	20.13	17.05	42	日涨幅达到15的前5只证券	20200828	星期五
30	300008	天海防务	上海资金买入，成功率36.28	5.71	19.96	2689.92	9647.86	6957.94	16605.81	186856.36	1.44	8.89	17.05	42	连续三个交易日内，涨幅偏离值累计达到30的证券	20200828	星期五
31	300100	双林股份	实力游资买入，成功率51.41	9.13	19.97	-383.76	7893.62	8277.38	16171.01	56760.39	-0.68	28.49	16.33	35	日涨幅达到15的前5只证券	20200828	星期五
32	300100	双林股份	实力游资买入，成功率51.41	9.13	19.97	-2212.27	10095.80	12308.07	22403.87	73951.53	-2.99	30.30	16.33	35	连续三个交易日内，涨幅偏离值累计达到30的证券	20200828	星期五
33	300129	泰胜风能	1家机构买入，成功率47.84	6.71	20.04	6508.50	10621.60	4113.11	14734.71	75642.97	8.60	19.48	20.74	38	日涨幅达到15的前5只证券	20200828	星期五
34	300216	千山退	卖一主卖，成功率35.33	0.58	-9.38	-0.01	0.31	0.31	0.62	0.31	-1.85	198.15	0.00	2	退市整理期	20200828	星期五
35	300375	鹏翎股份	实力游资卖出，成功率32.38	5.24	-4.03	-2883.71	6545.30	9429.01	15974.32	117904.01	-2.45	13.55	45.16	23	日换手率达到30的前5只证券	20200828	星期五
36	300612	宣亚国际	实力游资买入，成功率28.98	46.56	20.00	-2315.56	5586.24	7901.80	13488.04	37653.87	-6.15	35.82	8.68	47	日涨幅达到15的前5只证券	20200828	星期五
37	300817	双飞股份	广东资金买入，成功率31.15	34.40	13.34	124.92	5054.59	4929.66	9984.25	41336.57	0.30	24.15	47.93	9	日换手率达到30的前5只证券	20200828	星期五
38	300847	中船汉光	实力游资买入，成功率39.61	32.36	14.55	1768.34	5453.76	3685.41	9139.17	72719.03	2.43	12.57	46.92	16	日换手率达到30的前5只证券	20200828	星期五
39	300857	协创数据	实力游资卖出，成功率48.96	41.18	-2.69	-4362.37	6194.20	10556.57	16750.77	83435.52	-5.23	20.08	39.87	21	日换手率达到30的前5只证券	20200828	星期五
40	300859	西域旅游	实力游资买入，成功率45.66	41.80	20.01	1585.70	9073.51	7487.81	16561.32	95214.09	1.67	17.39	65.42	16	日涨幅达到15的前5只证券	20200828	星期五
41	300859	西域旅游	实力游资买入，成功率45.66	41.80	20.01	1585.70	9073.51	7487.81	16561.32	95214.09	1.67	17.39	65.42	16	日换手率达到30的前5只证券	20200828	星期五
42	600287	江苏舜天	卖一主卖，成功率50.00	6.19	-8.16	-2531.30	1935.47	4466.77	6402.23	19800.50	-12.78	32.33	7.05	27	有价格涨跌幅限制的日价格振幅达到15的前三只证券	20200828	星期五
43	600291	西水股份	广东资金卖出，成功率16.89	8.43	-10.03	-705.93	551.32	1257.25	1808.57	7207.31	-9.79	25.09	0.78	92	有价格涨跌幅限制的日收盘价格跌幅偏离值达到7的前三只证券	20200828	星期五
44	600365	ST通葡	卖一主卖，成功率46.75	3.17	-5.09	-212.59	101.86	314.45	416.31	352.35	-60.33	118.15	0.19	13	ST、*ST和S证券连续三个交易日内收盘价格跌幅偏离值累计达到15的证券	20200828	星期五
45	600543	莫高股份	浙江资金卖出，成功率57.49	9.27	-3.64	-7291.60	8803.28	16094.88	24898.16	139263.90	-5.24	17.88	10.60	30	非ST、*ST和S证券连续三个交易日内收盘价格跌幅偏离值累计达到20的证券	20200828	星期五
46	600983	惠而浦	实力游资买入，成功率30.70	8.43	10.05	1314.91	4918.50	3603.59	8522.08	14908.13	8.82	57.16	3.33	45	有价格涨跌幅限制的日收盘价格涨幅偏离值达到7的前三只证券	20200828	星期五
47	601456	国联证券	实力游资买入，成功率44.13	17.61	9.99	7512.61	22629.17	15116.56	37745.73	279077.48	2.69	13.53	34.65	84	有价格涨跌幅限制的日换手率达到20的前三只证券	20200828	星期五
48	601777	*ST力帆	实力游资卖出，成功率25.19	3.55	-5.08	-106.63	463.17	569.80	1032.97	2720.26	-3.92	37.97	0.36	46	ST、*ST和S证券连续三个交易日内收盘价格跌幅偏离值累计达到15的证券	20200828	星期五
49	603076	乐惠国际	卖一主卖，成功率35.92	47.81	-6.89	-886.12	8571.20	9457.32	18028.52	88472.39	-1.00	20.38	20.12	13	非ST、*ST和S证券连续三个交易日内收盘价格跌幅偏离值累计达到20的证券	20200828	星期五
50	603306	华懋科技	实力游资卖出，成功率33.48	16.36	-5.71	-1190.52	4826.35	6016.87	10843.22	43817.10	-2.72	24.75	2.22	50	非ST、*ST和S证券连续三个交易日内收盘价格跌幅偏离值累计达到20的证券	20200828	星期五
51	603398	邦宝益智	实力游资买入，成功率44.98	10.98	10.02	2697.17	3824.67	1127.50	4952.16	10659.46	25.30	46.46	3.38	33	有价格涨跌幅限制的日收盘价格涨幅偏离值达到7的前三只证券	20200828	星期五
52	603595	东尼电子	实力游资卖出，成功率46.57	30.65	-6.67	608.83	9886.06	9277.23	19163.29	166878.67	0.36	11.48	7.15	45	非ST、*ST和S证券连续三个交易日内收盘价格跌幅偏离值累计达到20的证券	20200828	星期五
53	603709	中源家居	卖一主卖，成功率26.67	29.89	-10.00	-105.21	149.45	254.66	404.11	426.83	-24.65	94.68	0.71	6	有价格涨跌幅限制的日收盘价格跌幅偏离值达到7的前三只证券	20200828	星期五
54	603709	中源家居	卖一主卖，成功率29.47	29.89	-10.00	-16763.57	2804.22	19567.79	22372.01	39341.12	-42.61	56.87	0.71	6	非ST、*ST和S证券连续三个交易日内收盘价格跌幅偏离值累计达到20的证券	20200828	星期五
55	603777	来伊份	实力游资卖出，成功率58.89	18.27	-10.00	-1853.85	1090.28	2944.13	4034.41	12970.20	-14.29	31.11	2.10	61	有价格涨跌幅限制的日收盘价格跌幅偏离值达到7的前三只证券	20200828	星期五
56	603790	雅运股份	实力游资卖出，成功率44.58	13.80	-6.82	-2472.10	1283.19	3755.29	5038.48	19858.83	-12.45	25.37	22.53	8	有价格涨跌幅限制的日价格振幅达到15的前三只证券	20200828	星期五
57	605008	长鸿高科	卖一主卖，成功率50.38	16.80	-9.34	-193.46	2136.13	2329.59	4465.72	28171.17	-0.69	15.85	35.77	8	有价格涨跌幅限制的日换手率达到20的前三只证券	20200828	星期五
58	605333	沪光股份	买一主买，成功率37.07	16.36	10.02	1276.91	1312.17	35.26	1347.42	1312.17	97.31	102.69	2.00	7	有价格涨跌幅限制的日收盘价格涨幅偏离值达到7的前三只证券	20200828	星期五
59	605388	均瑶健康	1家机构买入，成功率35.70	27.52	2.19	952.70	6634.43	5681.73	12316.17	68299.52	1.39	18.03	35.29	19	有价格涨跌幅限制的日换手率达到20的前三只证券	20200828	星期五
