1	000007	全新好	卖一主卖，成功率23.33	4.57	-10.04	-2430.69	540.81	2971.51	3512.32	2974.84	-81.71	118.07	2.11	14	日跌幅偏离值达到7的前5只证券	20210107	星期四
2	000007	全新好	广东资金卖出，成功率8.62	4.57	-10.04	-2891.86	1462.71	4354.57	5817.28	15125.87	-19.12	38.46	2.11	14	连续三个交易日内，跌幅偏离值累计达到20的证券	20210107	星期四
3	000301	东方盛虹	4家机构买入，成功率51.25	11.44	6.02	7385.77	40274.48	32888.70	73163.18	142821.60	5.17	51.23	4.82	144	连续三个交易日内，涨幅偏离值累计达到20的证券	20210107	星期四
4	000591	太阳能	1家机构卖出，成功率40.52	7.87	-4.95	-21269.49	28210.73	49480.23	77690.96	340924.00	-6.24	22.79	21.01	160	日换手率达到20的前5只证券	20210107	星期四
5	000632	三木集团	卖一主卖，成功率66.67	3.81	-9.93	-606.39	891.31	1497.70	2389.01	5444.06	-11.14	43.88	3.06	18	日跌幅偏离值达到7的前5只证券	20210107	星期四
6	000633	合金投资	实力游资买入，成功率43.08	6.12	10.07	807.80	3922.17	3114.37	7036.55	36417.78	2.22	19.32	15.88	24	日涨幅偏离值达到7的前5只证券	20210107	星期四
7	000676	智度股份	1家机构卖出，成功率60.12	6.26	-10.06	-2764.15	5400.61	8164.75	13565.36	58817.12	-4.70	23.06	8.90	64	日跌幅偏离值达到7的前5只证券	20210107	星期四
8	000700	模塑科技	实力游资买入，成功率41.95	6.84	9.97	8762.28	16236.24	7473.96	23710.20	87367.78	10.03	27.14	16.18	55	日振幅值达到15的前5只证券	20210107	星期四
9	000700	模塑科技	实力游资买入，成功率41.95	6.84	9.97	8762.28	16236.24	7473.96	23710.20	87367.78	10.03	27.14	16.18	55	日涨幅偏离值达到7的前5只证券	20210107	星期四
10	000715	中兴商业	卖一主卖，成功率39.44	4.79	-9.96	-207.82	511.16	718.98	1230.13	2868.15	-7.25	42.89	1.41	20	日跌幅偏离值达到7的前5只证券	20210107	星期四
11	000718	苏宁环球	实力游资买入，成功率39.49	4.51	10.00	1666.16	4974.21	3308.05	8282.26	23005.59	7.24	36.00	2.25	103	日涨幅偏离值达到7的前5只证券	20210107	星期四
12	000718	苏宁环球	主力做T，成功率48.32	4.51	10.00	2503.60	11622.22	9118.63	20740.85	73897.25	3.39	28.07	2.25	103	连续三个交易日内，涨幅偏离值累计达到20的证券	20210107	星期四
13	000752	*ST西发	实力游资卖出，成功率58.83	3.37	-4.26	198.43	610.19	411.76	1021.95	2472.81	8.02	41.33	0.75	9	连续三个交易日内，跌幅偏离值累计达到12的ST证券、*ST证券和未完成股改证券	20210107	星期四
14	000796	凯撒旅业	1家机构卖出，成功率60.66	10.44	-10.00	-2844.00	1727.83	4571.82	6299.65	19100.42	-14.89	32.98	2.15	84	日振幅值达到15的前5只证券	20210107	星期四
15	000796	凯撒旅业	1家机构卖出，成功率60.66	10.44	-10.00	-2844.00	1727.83	4571.82	6299.65	19100.42	-14.89	32.98	2.15	84	日跌幅偏离值达到7的前5只证券	20210107	星期四
16	000796	凯撒旅业	卖一主卖，成功率39.01	10.44	-10.00	-4726.58	3670.00	8396.58	12066.58	50094.14	-9.44	24.09	2.15	84	连续三个交易日内，跌幅偏离值累计达到20的证券	20210107	星期四
17	000799	酒鬼酒	3家机构买入，成功率51.55	195.73	10.00	26535.66	63633.50	37097.84	100731.33	316812.05	8.38	31.80	5.22	636	日涨幅偏离值达到7的前5只证券	20210107	星期四
18	000830	鲁西化工	2家机构买入，成功率52.55	14.47	10.04	3499.07	45979.77	42480.71	88460.48	172619.46	2.03	51.25	8.31	212	日涨幅偏离值达到7的前5只证券	20210107	星期四
19	000927	一汽夏利	买一主买，成功率38.65	6.18	7.85	3118.96	8905.61	5786.65	14692.27	63938.05	4.88	22.98	6.56	99	日振幅值达到15的前5只证券	20210107	星期四
20	001896	豫能控股	西藏自治区资金卖出，成功率31.98	8.44	-7.66	-6866.64	23692.70	30559.35	54252.05	419487.65	-1.64	12.93	10.64	97	连续三个交易日内，跌幅偏离值累计达到20的证券	20210107	星期四
21	002072	ST凯瑞	实力游资卖出，成功率58.33	4.13	-2.82	-32.01	729.90	761.92	1491.82	3903.00	-0.82	38.22	1.16	6	连续三个交易日内，跌幅偏离值累计达到12的ST证券、*ST证券	20210107	星期四
22	002115	三维通信	实力游资卖出，成功率55.01	5.74	-10.03	-2053.21	1144.58	3197.79	4342.37	14751.25	-13.92	29.44	3.96	37	日跌幅偏离值达到7的前5只证券	20210107	星期四
23	002129	中环股份	1家机构买入，成功率50.59	29.13	10.01	10069.09	89951.99	79882.89	169834.88	542954.33	1.85	31.28	7.12	782	日涨幅偏离值达到7的前5只证券	20210107	星期四
24	002147	*ST新光	实力游资卖出，成功率56.67	0.95	-5.00	99.25	653.56	554.31	1207.87	2390.50	4.15	50.53	2.42	5	连续三个交易日内，跌幅偏离值累计达到12的ST证券、*ST证券	20210107	星期四
25	002192	*ST融捷	实力游资买入，成功率34.77	49.83	4.99	-2628.78	12068.81	14697.59	26766.40	136585.68	-1.92	19.60	4.34	129	连续三个交易日内，涨幅偏离值累计达到12的ST证券、*ST证券	20210107	星期四
26	002341	新纶科技	实力游资卖出，成功率34.59	2.96	-10.03	-1395.27	1036.38	2431.65	3468.03	13230.11	-10.55	26.21	4.58	28	日跌幅偏离值达到7的前5只证券	20210107	星期四
27	002342	巨力索具	实力游资买入，成功率68.27	6.15	10.02	-597.30	10912.93	11510.23	22423.15	119362.53	-0.50	18.79	22.54	53	日涨幅偏离值达到7的前5只证券	20210107	星期四
28	002342	巨力索具	主力做T，成功率51.30	6.15	10.02	1471.65	22126.86	20655.20	42782.06	335504.32	0.44	12.75	22.54	53	连续三个交易日内，涨幅偏离值累计达到20的证券	20210107	星期四
29	002342	巨力索具	实力游资买入，成功率68.27	6.15	10.02	-597.30	10912.93	11510.23	22423.15	119362.53	-0.50	18.79	22.54	53	日换手率达到20的前5只证券	20210107	星期四
30	002466	天齐锂业	1家机构买入，成功率39.85	49.40	10.00	21761.59	75528.38	53766.80	129295.18	694241.06	3.13	18.62	9.79	728	日涨幅偏离值达到7的前5只证券	20210107	星期四
31	002470	*ST金正	实力游资卖出，成功率35.00	1.17	-4.88	-446.66	1723.96	2170.63	3894.59	17104.99	-2.61	22.77	1.54	33	连续三个交易日内，跌幅偏离值累计达到12的ST证券、*ST证券	20210107	星期四
32	002497	雅化集团	买一主买，成功率54.32	29.88	3.21	-31989.97	65564.26	97554.23	163118.49	632902.15	-5.05	25.77	23.55	272	日换手率达到20的前5只证券	20210107	星期四
33	002505	鹏都农牧	实力游资卖出，成功率30.08	2.92	-9.88	-5673.11	8721.02	14394.13	23115.15	135223.57	-4.20	17.09	8.18	160	日跌幅偏离值达到7的前5只证券	20210107	星期四
34	002535	*ST林重	实力游资卖出，成功率36.19	1.38	-3.50	-166.15	793.21	959.36	1752.56	4731.06	-3.51	37.04	2.48	8	连续三个交易日内，跌幅偏离值累计达到12的ST证券、*ST证券	20210107	星期四
35	002536	飞龙股份	实力游资卖出，成功率35.05	6.57	-0.91	-1583.74	4019.67	5603.41	9623.08	50659.21	-3.13	19.00	17.23	31	日振幅值达到15的前5只证券	20210107	星期四
36	002548	金新农	主力做T，成功率27.03	10.43	10.02	5799.49	15780.34	9980.84	25761.18	98197.29	5.91	26.23	18.49	55	日涨幅偏离值达到7的前5只证券	20210107	星期四
37	002569	ST步森	实力游资卖出，成功率58.28	9.90	-4.99	-549.44	760.69	1310.13	2070.82	2761.65	-19.90	74.98	0.80	14	连续三个交易日内，跌幅偏离值累计达到12的ST证券、*ST证券	20210107	星期四
38	002673	西部证券	1家机构买入，成功率39.30	10.98	10.02	4247.96	21707.94	17459.99	39167.93	168000.00	2.53	23.31	4.53	385	日涨幅偏离值达到7的前5只证券	20210107	星期四
39	002781	奇信股份	卖一主卖，成功率38.25	9.88	-10.02	-614.70	422.64	1037.34	1459.98	1070.61	-57.42	136.37	0.39	21	连续三个交易日内，跌幅偏离值累计达到20的证券	20210107	星期四
40	002848	高斯贝尔	1家机构卖出，成功率39.58	11.89	-9.99	-4478.44	981.13	5459.57	6440.70	16941.55	-26.43	38.02	14.05	12	日跌幅偏离值达到7的前5只证券	20210107	星期四
41	002870	香山股份	2家机构卖出，成功率37.07	25.39	-2.50	-2138.52	892.17	3030.69	3922.87	16554.00	-12.92	23.70	12.78	12	日振幅值达到15的前5只证券	20210107	星期四
42	002872	ST天圣	卖一主卖，成功率33.33	4.17	-5.01	-871.46	579.36	1450.81	2030.17	4785.69	-18.21	42.42	1.90	9	连续三个交易日内，跌幅偏离值累计达到12的ST证券、*ST证券	20210107	星期四
43	002910	庄园牧场	实力游资买入，成功率61.92	12.44	9.99	3534.93	5903.91	2368.97	8272.88	22726.01	15.55	36.40	3.16	16	连续三个交易日内，涨幅偏离值累计达到20的证券	20210107	星期四
44	002931	锋龙股份	2家机构卖出，成功率29.72	14.68	-6.26	-1794.85	2706.85	4501.70	7208.55	20692.85	-8.67	34.84	11.06	6	连续三个交易日内，跌幅偏离值累计达到20的证券	20210107	星期四
45	002956	西麦食品	2家机构卖出，成功率38.89	26.07	-10.01	-1496.73	1419.19	2915.92	4335.11	15730.61	-9.51	27.56	8.39	18	日跌幅偏离值达到7的前5只证券	20210107	星期四
46	002996	顺博合金	1家机构买入，成功率33.60	15.96	2.31	-373.07	1158.36	1531.43	2689.80	18687.97	-2.00	14.39	22.38	8	日换手率达到20的前5只证券	20210107	星期四
47	003009	中天火箭	西藏自治区资金卖出，成功率44.21	67.21	-5.87	1964.61	5970.50	4005.90	9976.40	64664.83	3.04	15.43	24.61	26	日换手率达到20的前5只证券	20210107	星期四
48	003022	联泓新科	4家机构买入，成功率48.55	20.05	6.76	12546.33	22207.91	9661.59	31869.50	208943.79	6.00	15.25	26.31	30	连续三个交易日内，涨幅偏离值累计达到20的证券	20210107	星期四
49	003022	联泓新科	2家机构买入，成功率62.22	20.05	6.76	3156.83	10108.98	6952.15	17061.14	76438.05	4.13	22.32	26.31	30	日换手率达到20的前5只证券	20210107	星期四
50	003028	振邦智能	1家机构卖出，成功率43.11	49.95	-10.00	-599.81	2785.60	3385.41	6171.01	8660.00	-6.93	71.26	5.76	14	日振幅值达到15的前5只证券	20210107	星期四
51	003029	吉大正元	主力做T，成功率56.72	31.31	-10.00	2585.21	6328.60	3743.39	10071.99	12921.68	20.01	77.95	8.11	14	日振幅值达到15的前5只证券	20210107	星期四
52	003031	中瓷电子	实力游资买入，成功率61.07	29.27	10.00	396.77	410.96	14.19	425.14	424.26	93.52	100.21	0.19	8	连续三个交易日内，涨幅偏离值累计达到20的证券	20210107	星期四
53	300001	特锐德	买一主买，成功率53.43	35.52	18.12	10197.18	56332.24	46135.05	102467.29	219539.18	4.64	46.67	6.93	336	日涨幅达到15的前5只证券	20210107	星期四
54	300064	ST金刚	西藏自治区资金卖出，成功率33.38	2.76	-13.75	416.27	4717.83	4301.57	9019.40	106391.74	0.39	8.48	20.12	19	连续三个交易日内，跌幅偏离值累计达到30的证券	20210107	星期四
55	300116	保力新	1家机构买入，成功率39.17	2.20	15.18	-426.31	4632.28	5058.59	9690.87	94210.15	-0.45	10.29	12.18	81	日涨幅达到15的前5只证券	20210107	星期四
56	300189	神农科技	1家机构卖出，成功率30.71	5.06	-19.55	-106.09	4479.93	4586.02	9065.96	87212.94	-0.12	10.40	17.21	49	日跌幅达到15的前5只证券	20210107	星期四
57	300898	熊猫乳品	1家机构买入，成功率29.60	60.10	1.69	163.69	6966.86	6803.18	13770.04	65808.29	0.25	20.92	40.57	16	日换手率达到30的前5只证券	20210107	星期四
58	300910	瑞丰新材	5家机构买入，成功率49.35	77.24	6.77	-233.92	22952.67	23186.59	46139.25	82025.86	-0.29	56.25	30.55	27	日换手率达到30的前5只证券	20210107	星期四
59	300918	南山智尚	主力做T，成功率35.17	12.20	-9.56	-374.08	2058.26	2432.34	4490.61	32588.13	-1.15	13.78	30.18	10	日换手率达到30的前5只证券	20210107	星期四
60	300922	天秦装备	实力游资卖出，成功率34.38	48.33	-3.34	-1002.80	2789.75	3792.54	6582.29	55141.93	-1.82	11.94	42.71	13	日换手率达到30的前5只证券	20210107	星期四
61	300925	法本信息	西藏自治区资金买入，成功率39.06	58.09	14.28	525.67	4598.84	4073.17	8672.01	87837.37	0.60	9.87	52.48	18	日换手率达到30的前5只证券	20210107	星期四
62	300926	博俊科技	实力游资买入，成功率29.66	31.15	189.50	3115.54	4483.86	1368.32	5852.17	79242.39	3.93	7.39	69.55	10	无价格涨跌幅限制的证券	20210107	星期四
63	300927	江天化学	实力游资买入，成功率56.98	41.23	207.92	3307.50	4296.03	988.53	5284.56	57346.93	5.77	9.22	71.49	8	无价格涨跌幅限制的证券	20210107	星期四
64	600091	ST明科	卖一主卖，成功率13.33	1.55	-4.91	-495.99	541.01	1037.01	1578.02	2161.17	-22.95	73.02	0.66	7	ST、*ST和S证券连续三个交易日内收盘价格跌幅偏离值累计达到15的证券	20210107	星期四
65	600145	*ST新亿	实力游资卖出，成功率40.74	1.09	-5.22	36.93	460.20	423.27	883.47	2911.19	1.27	30.35	0.51	16	ST、*ST和S证券连续三个交易日内收盘价格跌幅偏离值累计达到15的证券	20210107	星期四
66	600146	*ST环球	实力游资卖出，成功率44.34	0.86	-5.49	-102.56	419.54	522.09	941.63	3415.37	-3.00	27.57	0.82	4	ST、*ST和S证券连续三个交易日内收盘价格跌幅偏离值累计达到15的证券	20210107	星期四
67	600255	*ST鑫科	广东资金卖出，成功率24.62	1.69	-4.52	-702.27	1586.08	2288.34	3874.42	18380.54	-3.82	21.08	1.92	30	ST、*ST和S证券连续三个交易日内收盘价格跌幅偏离值累计达到15的证券	20210107	星期四
68	600292	远达环保	实力游资卖出，成功率44.79	7.17	-6.40	-2827.53	4801.31	7628.84	12430.16	86833.51	-3.26	14.31	13.95	56	有价格涨跌幅限制的日价格振幅达到15的前三只证券	20210107	星期四
69	600311	*ST荣华	广东资金卖出，成功率61.11	1.42	-4.05	-1348.90	693.45	2042.34	2735.79	5937.37	-22.72	46.08	2.55	9	ST、*ST和S证券连续三个交易日内收盘价格跌幅偏离值累计达到15的证券	20210107	星期四
70	600381	青海春天	实力游资卖出，成功率39.33	8.29	-9.50	2034.49	8100.89	6066.40	14167.29	114287.24	1.78	12.40	12.86	49	非ST、*ST和S证券连续三个交易日内收盘价格跌幅偏离值累计达到20的证券	20210107	星期四
71	600405	动力源	实力游资买入，成功率52.71	8.31	10.07	2327.88	5904.86	3576.99	9481.85	71627.29	3.25	13.24	16.42	46	有价格涨跌幅限制的日价格振幅达到15的前三只证券	20210107	星期四
72	600405	动力源	实力游资买入，成功率52.71	8.31	10.07	2327.88	5904.86	3576.99	9481.85	71627.29	3.25	13.24	16.42	46	有价格涨跌幅限制的日收盘价格涨幅偏离值达到7的前三只证券	20210107	星期四
73	600478	科力远	实力游资卖出，成功率39.95	4.38	-10.06	-1875.72	4448.69	6324.41	10773.10	47724.13	-3.93	22.57	6.66	70	有价格涨跌幅限制的日收盘价格跌幅偏离值达到7的前三只证券	20210107	星期四
74	600666	ST瑞德	实力游资卖出，成功率28.33	1.09	-5.22	-197.90	290.70	488.61	779.31	3184.41	-6.21	24.47	1.16	9	ST、*ST和S证券连续三个交易日内收盘价格跌幅偏离值累计达到15的证券	20210107	星期四
75	600687	退市刚泰	卖一主卖，成功率30.89	0.45	-10.00	0.03	16.04	16.01	32.06	16.26	0.18	197.17	0.02	7	退市整理的证券	20210107	星期四
76	600733	北汽蓝谷	实力游资买入，成功率42.26	8.75	10.06	-854.79	11380.44	12235.23	23615.67	61360.30	-1.39	38.49	4.02	160	有价格涨跌幅限制的日收盘价格涨幅偏离值达到7的前三只证券	20210107	星期四
77	600769	祥龙电业	江苏资金卖出，成功率50.00	4.49	-10.02	-870.84	576.49	1447.34	2023.83	4036.07	-21.58	50.14	2.32	17	有价格涨跌幅限制的日收盘价格跌幅偏离值达到7的前三只证券	20210107	星期四
78	600817	ST宏盛	1家机构卖出，成功率21.00	12.71	-5.01	-1304.24	2036.17	3340.41	5376.58	10616.13	-12.29	50.65	1.69	20	ST、*ST和S证券连续三个交易日内收盘价格跌幅偏离值累计达到15的证券	20210107	星期四
79	600956	新天绿能	实力游资卖出，成功率35.84	10.11	-3.25	-2448.55	2126.47	4575.02	6701.49	37522.90	-6.53	17.86	26.69	14	有价格涨跌幅限制的日换手率达到20的前三只证券	20210107	星期四
80	601375	中原证券	普通席位卖出，成功率39.63	6.32	-8.01	-581.05	62735.49	63316.54	126052.03	896054.61	-0.06	14.07	14.66	169	非ST、*ST和S证券连续三个交易日内收盘价格跌幅偏离值累计达到20的证券	20210107	星期四
81	601866	中远海发	买一主买，成功率26.47	3.26	10.14	694.66	12598.90	11904.24	24503.13	86638.74	0.80	28.28	3.39	259	有价格涨跌幅限制的日收盘价格涨幅偏离值达到7的前三只证券	20210107	星期四
82	603006	联明股份	实力游资卖出，成功率24.41	12.57	-5.63	-787.76	3396.07	4183.83	7579.90	19368.31	-4.07	39.14	7.87	24	有价格涨跌幅限制的日价格振幅达到15的前三只证券	20210107	星期四
83	603103	横店影视	3家机构卖出，成功率46.00	16.52	-9.97	-6722.25	2694.00	9416.25	12110.24	37824.98	-17.77	32.02	1.53	105	非ST、*ST和S证券连续三个交易日内收盘价格跌幅偏离值累计达到20的证券	20210107	星期四
84	603157	*ST拉夏	卖一主卖，成功率35.49	1.25	-5.30	21.40	404.40	383.00	787.40	2137.78	1.00	36.83	4.32	2	ST、*ST和S证券连续三个交易日内收盘价格跌幅偏离值累计达到15的证券	20210107	星期四
85	603565	中谷物流	2家机构买入，成功率48.11	25.81	10.02	7208.70	11270.39	4061.69	15332.08	49110.88	14.68	31.22	28.86	17	有价格涨跌幅限制的日换手率达到20的前三只证券	20210107	星期四
86	603680	今创集团	浙江资金卖出，成功率55.48	12.59	-10.01	925.66	2491.60	1565.93	4057.53	7776.90	11.90	52.17	2.32	32	有价格涨跌幅限制的日收盘价格跌幅偏离值达到7的前三只证券	20210107	星期四
87	603825	华扬联众	广东资金卖出，成功率34.03	16.38	-9.50	-346.99	3113.66	3460.65	6574.31	49696.62	-0.70	13.23	4.71	37	非ST、*ST和S证券连续三个交易日内收盘价格跌幅偏离值累计达到20的证券	20210107	星期四
88	603906	龙蟠科技	2家机构卖出，成功率40.41	28.00	-3.91	-17165.37	12720.48	29885.85	42606.33	136377.51	-12.59	31.24	3.51	96	非ST、*ST和S证券连续三个交易日内收盘价格跌幅偏离值累计达到20的证券	20210107	星期四
89	605179	一鸣食品	实力游资买入，成功率44.09	25.86	10.00	2608.03	7417.45	4809.43	12226.88	96524.33	2.70	12.67	63.91	16	有价格涨跌幅限制的日换手率达到20的前三只证券	20210107	星期四
90	688618	三旺通信	江苏资金买入，成功率54.39	66.70	3.41	356.06	2300.41	1944.35	4244.77	25908.82	1.37	16.38	37.43	7	有价格涨跌幅限制的日换手率达到30的前五只证券	20210107	星期四
91	688698	伟创电气	北京资金买入，成功率66.78	21.00	9.15	1087.64	2610.77	1523.13	4133.90	28354.91	3.84	14.58	38.19	8	有价格涨跌幅限制的日换手率达到30的前五只证券	20210107	星期四
