1	000007	全新好	卖一主卖，成功率20.30	5.64	-10.05	-3001.54	10202.32	13203.86	23406.17	40299.19	-7.45	58.08	23.12	17	日跌幅偏离值达到7的前5只证券	20210105	星期二
2	000007	全新好	卖一主卖，成功率20.30	5.64	-10.05	-3027.12	10202.32	13229.44	23431.76	40832.70	-7.41	57.38	23.12	17	连续三个交易日内，跌幅偏离值累计达到20的证券	20210105	星期二
3	000007	全新好	卖一主卖，成功率20.30	5.64	-10.05	-3001.54	10202.32	13203.86	23406.17	40299.19	-7.45	58.08	23.12	17	日换手率达到20的前5只证券	20210105	星期二
4	000155	川能动力	主力做T，成功率49.41	9.43	10.04	-4272.28	14657.02	18929.30	33586.32	122946.01	-3.47	27.32	10.49	120	日涨幅偏离值达到7的前5只证券	20210105	星期二
5	000538	云南白药	4家机构买入，成功率50.72	137.46	10.00	12407.37	60641.12	48233.76	108874.88	267677.47	4.64	40.67	3.34	828	日涨幅偏离值达到7的前5只证券	20210105	星期二
6	000591	太阳能	主力做T，成功率32.48	7.88	-1.50	-14179.41	48865.40	63044.81	111910.22	555088.31	-2.55	20.16	31.89	161	日振幅值达到15的前5只证券	20210105	星期二
7	000591	太阳能	主力做T，成功率32.48	7.88	-1.50	-14179.41	48865.40	63044.81	111910.22	555088.31	-2.55	20.16	31.89	161	日换手率达到20的前5只证券	20210105	星期二
8	000606	顺利办	实力游资卖出，成功率28.60	3.06	-4.08	-2206.99	1473.06	3680.05	5153.10	26067.07	-8.47	19.77	2.90	22	连续三个交易日内，跌幅偏离值累计达到20的证券	20210105	星期二
9	000662	*ST天夏	主力做T，成功率24.74	0.75	-5.06	-82.33	747.81	830.14	1577.95	8059.49	-1.02	19.58	3.01	8	连续三个交易日内，跌幅偏离值累计达到12的ST证券、*ST证券和未完成股改证券	20210105	星期二
10	000676	智度股份	主力做T，成功率47.36	6.66	-9.14	-1319.73	8131.99	9451.72	17583.71	94027.74	-1.40	18.70	12.63	68	日振幅值达到15的前5只证券	20210105	星期二
11	000713	丰乐种业	1家机构卖出，成功率45.86	16.85	-5.23	1078.68	13259.42	12180.74	25440.16	185775.03	0.58	13.69	27.30	67	日换手率达到20的前5只证券	20210105	星期二
12	000718	苏宁环球	实力游资买入，成功率53.56	3.73	10.03	2433.92	7228.47	4794.55	12023.03	27982.14	8.70	42.97	3.37	85	日涨幅偏离值达到7的前5只证券	20210105	星期二
13	000767	晋控电力	1家机构卖出，成功率40.89	3.78	-10.00	866.90	7053.34	6186.44	13239.77	61936.86	1.40	21.38	5.55	110	日跌幅偏离值达到7的前5只证券	20210105	星期二
14	000798	中水渔业	实力游资买入，成功率50.79	13.95	10.02	-500.20	2409.83	2910.03	5319.86	26486.68	-1.89	20.09	6.02	45	日涨幅偏离值达到7的前5只证券	20210105	星期二
15	000802	北京文化	浙江资金卖出，成功率47.14	4.75	-10.04	-360.16	963.22	1323.38	2286.60	6632.88	-5.43	34.47	0.90	34	连续三个交易日内，跌幅偏离值累计达到20的证券	20210105	星期二
16	000895	双汇发展	1家机构买入，成功率40.44	52.81	10.00	-1021.58	60934.83	61956.41	122891.23	242978.21	-0.42	50.58	3.53	709	日涨幅偏离值达到7的前5只证券	20210105	星期二
17	000899	赣能股份	1家机构卖出，成功率48.57	7.03	-9.99	-3138.59	3613.81	6752.40	10366.20	46784.62	-6.71	22.16	6.74	69	日跌幅偏离值达到7的前5只证券	20210105	星期二
18	000927	一汽夏利	实力游资卖出，成功率26.01	5.21	-10.02	-2674.35	1919.93	4594.27	6514.20	21623.59	-12.37	30.13	2.57	83	日跌幅偏离值达到7的前5只证券	20210105	星期二
19	000993	闽东电力	1家机构卖出，成功率35.33	7.35	-7.43	4888.04	15102.44	10214.40	25316.84	114873.33	4.26	22.04	12.97	27	连续三个交易日内，跌幅偏离值累计达到20的证券	20210105	星期二
20	001896	豫能控股	2家机构卖出，成功率38.29	9.53	-10.01	-6756.06	11469.19	18225.25	29694.44	147804.23	-4.57	20.09	13.26	110	日跌幅偏离值达到7的前5只证券	20210105	星期二
21	002001	新和成	1家机构买入，成功率45.25	37.77	9.99	35804.23	60045.87	24241.64	84287.50	198422.80	18.04	42.48	2.56	801	日涨幅偏离值达到7的前5只证券	20210105	星期二
22	002013	中航机电	2家机构买入，成功率49.48	13.64	8.25	686.62	91228.94	90542.31	181771.25	677593.04	0.10	26.83	7.74	530	连续三个交易日内，涨幅偏离值累计达到20的证券	20210105	星期二
23	002071	*ST长城	实力游资卖出，成功率44.77	0.86	-5.49	-469.35	489.69	959.05	1448.74	4652.12	-10.09	31.14	4.20	4	连续三个交易日内，跌幅偏离值累计达到12的ST证券、*ST证券	20210105	星期二
24	002127	南极电商	3家机构卖出，成功率56.63	11.09	-9.91	-2411.97	56167.35	58579.31	114746.66	201073.61	-1.20	57.07	5.14	218	连续三个交易日内，跌幅偏离值累计达到20的证券	20210105	星期二
25	002144	宏达高科	浙江资金卖出，成功率49.23	10.85	-10.03	-2210.31	1512.79	3723.10	5235.88	7506.77	-29.44	69.75	4.79	15	日跌幅偏离值达到7的前5只证券	20210105	星期二
26	002144	宏达高科	浙江资金卖出，成功率53.33	10.85	-10.03	-1675.99	5044.01	6720.00	11764.01	16714.31	-10.03	70.38	4.79	15	连续三个交易日内，跌幅偏离值累计达到20的证券	20210105	星期二
27	002236	大华股份	4家机构买入，成功率50.72	22.41	10.01	38865.80	66806.37	27940.57	94746.95	292459.37	13.29	32.40	7.17	416	日涨幅偏离值达到7的前5只证券	20210105	星期二
28	002314	南山控股	四川资金买入，成功率42.52	4.18	1.95	1101.13	4269.00	3167.87	7436.87	39469.68	2.79	18.84	8.31	48	日振幅值达到15的前5只证券	20210105	星期二
29	002401	中远海科	实力游资买入，成功率54.63	15.70	10.02	3180.67	9358.01	6177.34	15535.35	67938.44	4.68	22.87	12.71	47	连续三个交易日内，涨幅偏离值累计达到20的证券	20210105	星期二
30	002415	海康威视	2家机构买入，成功率53.33	54.78	10.00	-214745.54	172825.00	387570.54	560395.53	795669.06	-26.99	70.43	1.82	4435	日涨幅偏离值达到7的前5只证券	20210105	星期二
31	002473	ST圣莱	实力游资卖出，成功率40.56	5.54	-4.97	-103.84	452.96	556.80	1009.76	1202.68	-8.63	83.96	0.60	9	连续三个交易日内，跌幅偏离值累计达到12的ST证券、*ST证券	20210105	星期二
32	002501	*ST利源	主力做T，成功率25.56	2.32	-4.92	-28.66	1807.86	1836.52	3644.37	10095.11	-0.28	36.10	0.51	82	连续三个交易日内，跌幅偏离值累计达到12的ST证券、*ST证券	20210105	星期二
33	002504	弘高创意	实力游资卖出，成功率28.88	2.14	-10.08	-342.54	459.81	802.35	1262.16	4283.04	-8.00	29.47	4.72	9	日跌幅偏离值达到7的前5只证券	20210105	星期二
34	002517	恺英网络	卖一主卖，成功率23.33	4.10	-9.89	-15689.12	3956.93	19646.05	23602.98	33292.16	-47.13	70.90	5.51	58	日跌幅偏离值达到7的前5只证券	20210105	星期二
35	002517	恺英网络	卖一主卖，成功率15.24	4.10	-9.89	-21876.91	5763.48	27640.38	33403.86	57065.42	-38.34	58.54	5.51	58	连续三个交易日内，跌幅偏离值累计达到20的证券	20210105	星期二
36	002575	*ST群兴	卖一主卖，成功率19.86	3.30	-4.07	-419.75	631.13	1050.88	1682.01	2432.43	-17.26	69.15	0.68	19	连续三个交易日内，跌幅偏离值累计达到12的ST证券、*ST证券	20210105	星期二
37	002612	朗姿股份	3家机构买入，成功率44.35	25.32	1.28	-10312.49	15071.78	25384.28	40456.06	154509.56	-6.67	26.18	23.03	66	日换手率达到20的前5只证券	20210105	星期二
38	002617	露笑科技	1家机构买入，成功率46.26	9.37	9.98	11715.97	28280.50	16564.53	44845.04	219570.40	5.34	20.42	20.11	112	日涨幅偏离值达到7的前5只证券	20210105	星期二
39	002656	ST摩登	福建资金卖出，成功率46.70	1.34	-4.96	-168.87	553.02	721.89	1274.91	2701.11	-6.25	47.20	1.88	8	连续三个交易日内，跌幅偏离值累计达到12的ST证券、*ST证券	20210105	星期二
40	002703	浙江世宝	卖一主卖，成功率38.75	6.24	-3.11	-5162.97	4488.26	9651.23	14139.49	49175.50	-10.50	28.75	13.30	35	日振幅值达到15的前5只证券	20210105	星期二
41	002714	牧原股份	3家机构买入，成功率50.77	93.29	10.00	58950.59	186748.58	127797.99	314546.58	767146.31	7.68	41.00	3.35	2328	日涨幅偏离值达到7的前5只证券	20210105	星期二
42	002781	奇信股份	卖一主卖，成功率43.09	12.20	-9.96	-177.75	121.39	299.14	420.53	299.14	-59.42	140.58	0.12	25	日跌幅偏离值达到7的前5只证券	20210105	星期二
43	002781	奇信股份	卖一主卖，成功率41.85	12.20	-9.96	-452.00	206.90	658.90	865.79	658.90	-68.60	131.40	0.12	25	连续三个交易日内，跌幅偏离值累计达到20的证券	20210105	星期二
44	002906	华阳集团	2家机构卖出，成功率49.37	25.65	-10.00	-2373.29	3906.37	6279.65	10186.02	22687.40	-10.46	44.90	1.85	121	日跌幅偏离值达到7的前5只证券	20210105	星期二
45	002996	顺博合金	1家机构卖出，成功率58.68	16.09	-2.72	-191.90	1592.44	1784.34	3376.78	18736.99	-1.02	18.02	22.04	9	日换手率达到20的前5只证券	20210105	星期二
46	003009	中天火箭	西藏自治区资金卖出，成功率33.11	69.15	-4.49	2663.00	7460.69	4797.69	12258.39	75793.95	3.51	16.17	27.81	27	日换手率达到20的前5只证券	20210105	星期二
47	003022	联泓新科	1家机构买入，成功率44.20	17.71	10.00	6803.46	8821.82	2018.36	10840.19	52435.05	12.98	20.67	20.95	26	日换手率达到20的前5只证券	20210105	星期二
48	003023	彩虹集团	实力游资买入，成功率30.00	38.83	1.52	-479.02	1244.59	1723.62	2968.21	20262.79	-2.36	14.65	25.55	8	日换手率达到20的前5只证券	20210105	星期二
49	300064	ST金刚	实力游资卖出，成功率48.75	3.50	-20.09	-218.40	155.65	374.05	529.69	1833.96	-11.91	28.88	0.75	24	日跌幅达到15的前5只证券	20210105	星期二
50	300064	ST金刚	主力做T，成功率80.00	3.50	-20.09	-7.46	244336.34	244343.80	488680.14	122665.92	-0.01	398.38	0.75	24	严重异常期间日收盘价格跌幅偏离值累计达到50的证券	20210105	星期二
51	300082	奥克股份	1家机构买入，成功率37.40	15.00	20.00	-695.97	10400.37	11096.34	21496.70	93276.05	-0.75	23.05	9.75	102	日涨幅达到15的前5只证券	20210105	星期二
52	300082	奥克股份	1家机构买入，成功率45.54	15.00	20.00	-2554.28	13193.80	15748.08	28941.87	153906.21	-1.66	18.80	9.75	102	连续三个交易日内，涨幅偏离值累计达到30的证券	20210105	星期二
53	300106	西部牧业	1家机构买入，成功率35.96	16.32	20.00	3922.75	6475.29	2552.54	9027.83	66789.55	5.87	13.52	21.21	34	日涨幅达到15的前5只证券	20210105	星期二
54	300344	太空智造	1家机构买入，成功率36.56	5.32	20.09	2554.27	3743.48	1189.21	4932.69	11226.95	22.75	43.94	7.08	16	日涨幅达到15的前5只证券	20210105	星期二
55	300863	卡倍亿	1家机构买入，成功率34.53	138.58	6.85	-3378.43	5481.51	8859.93	14341.44	95118.73	-3.55	15.08	52.02	18	日换手率达到30的前5只证券	20210105	星期二
56	300890	翔丰华	2家机构买入，成功率41.56	65.70	3.12	-3309.96	5073.92	8383.88	13457.81	81337.07	-4.07	16.55	50.24	16	日换手率达到30的前5只证券	20210105	星期二
57	300892	品渥食品	2家机构买入，成功率45.12	75.17	14.62	-513.68	4623.69	5137.36	9761.05	57639.81	-0.89	16.93	34.62	18	日换手率达到30的前5只证券	20210105	星期二
58	300898	熊猫乳品	实力游资买入，成功率32.86	59.72	19.99	3350.83	9195.97	5845.14	15041.11	79096.49	4.24	19.02	53.14	16	日涨幅达到15的前5只证券	20210105	星期二
59	300898	熊猫乳品	实力游资买入，成功率32.86	59.72	19.99	3350.83	9195.97	5845.14	15041.11	79096.49	4.24	19.02	53.14	16	日换手率达到30的前5只证券	20210105	星期二
60	300922	天秦装备	1家机构买入，成功率42.86	47.88	20.00	1863.45	7294.27	5430.82	12725.08	67346.66	2.77	18.89	56.58	13	日涨幅达到15的前5只证券	20210105	星期二
61	300922	天秦装备	1家机构买入，成功率42.86	47.88	20.00	1863.45	7294.27	5430.82	12725.08	67346.66	2.77	18.89	56.58	13	日换手率达到30的前5只证券	20210105	星期二
62	600185	格力地产	2家机构卖出，成功率30.24	5.68	-5.33	-17149.58	38403.89	55553.47	93957.36	202704.32	-8.46	46.35	5.17	117	非ST、*ST和S证券连续三个交易日内收盘价格跌幅偏离值累计达到20的证券	20210105	星期二
63	600189	泉阳泉	实力游资卖出，成功率42.12	14.62	-9.53	-15314.15	13401.60	28715.75	42117.36	182531.00	-8.39	23.07	21.03	82	有价格涨跌幅限制的日价格振幅达到15的前三只证券	20210105	星期二
64	600220	江苏阳光	浙江资金卖出，成功率39.14	2.49	-10.11	-6003.22	1982.07	7985.29	9967.36	16099.97	-37.29	61.91	3.55	44	有价格涨跌幅限制的日收盘价格跌幅偏离值达到7的前三只证券	20210105	星期二
65	600320	振华重工	实力游资买入，成功率31.17	4.07	3.83	-20008.14	12141.82	32149.97	44291.79	215008.62	-9.31	20.60	9.42	135	非ST、*ST和S证券连续三个交易日内收盘价格涨幅偏离值累计达到20的证券	20210105	星期二
66	600403	大有能源	普通席位卖出，成功率34.94	5.14	-9.98	1272.85	10504.85	9232.00	19736.85	149751.01	0.85	13.18	2.94	123	非ST、*ST和S证券连续三个交易日内收盘价格跌幅偏离值累计达到20的证券	20210105	星期二
67	600509	天富能源	实力游资买入，成功率55.21	5.80	10.06	-751.13	4533.13	5284.26	9817.39	46268.16	-1.62	21.22	7.24	67	有价格涨跌幅限制的日收盘价格涨幅偏离值达到7的前三只证券	20210105	星期二
68	600655	豫园股份	浙江资金买入，成功率67.72	10.76	10.02	3462.28	6394.95	2932.67	9327.62	31237.34	11.08	29.86	0.58	173	非ST、*ST和S证券连续三个交易日内收盘价格涨幅偏离值累计达到20的证券	20210105	星期二
69	600753	东方银星	1家机构卖出，成功率55.72	15.02	-10.01	-813.47	2874.67	3688.14	6562.81	13673.10	-5.95	48.00	3.54	27	非ST、*ST和S证券连续三个交易日内收盘价格跌幅偏离值累计达到20的证券	20210105	星期二
70	600758	辽宁能源	实力游资卖出，成功率30.58	3.49	-10.05	-611.88	2030.01	2641.88	4671.89	26901.87	-2.27	17.37	5.68	46	有价格涨跌幅限制的日收盘价格跌幅偏离值达到7的前三只证券	20210105	星期二
71	600779	水井坊	2家机构买入，成功率43.83	100.45	10.00	2205.77	56243.99	54038.22	110282.21	416446.16	0.53	26.48	4.04	491	非ST、*ST和S证券连续三个交易日内收盘价格涨幅偏离值累计达到20的证券	20210105	星期二
72	600798	宁波海运	买一主买，成功率59.07	6.24	10.05	-1756.31	7442.81	9199.11	16641.92	56318.29	-3.12	29.55	8.84	64	有价格涨跌幅限制的日收盘价格涨幅偏离值达到7的前三只证券	20210105	星期二
73	600956	新天绿能	普通席位卖出，成功率30.78	10.70	-3.34	153.73	4842.42	4688.69	9531.10	53670.94	0.29	17.76	36.31	14	有价格涨跌幅限制的日换手率达到20的前三只证券	20210105	星期二
74	601016	节能风电	卖一主卖，成功率40.77	3.67	-2.65	-2954.54	15151.07	18105.61	33256.67	198946.10	-1.49	16.72	12.36	153	有价格涨跌幅限制的日价格振幅达到15的前三只证券	20210105	星期二
75	601018	宁波港	买一主买，成功率45.65	4.35	10.13	3208.09	6153.73	2945.64	9099.37	49631.17	6.46	18.33	0.89	573	有价格涨跌幅限制的日收盘价格涨幅偏离值达到7的前三只证券	20210105	星期二
76	601058	赛轮轮胎	3家机构买入，成功率43.37	6.92	4.22	23281.30	47539.06	24257.76	71796.82	195423.88	11.91	36.74	5.40	177	非ST、*ST和S证券连续三个交易日内收盘价格涨幅偏离值累计达到20的证券	20210105	星期二
77	601901	方正证券	卖一主卖，成功率37.26	10.38	-7.40	14914.97	68213.81	53298.84	121512.65	528771.42	2.82	22.98	5.82	854	有价格涨跌幅限制的日价格振幅达到15的前三只证券	20210105	星期二
78	603665	康隆达	浙江资金卖出，成功率21.50	17.80	-10.01	-11011.16	3933.27	14944.43	18877.70	39126.52	-28.14	48.25	13.80	28	有价格涨跌幅限制的日收盘价格跌幅偏离值达到7的前三只证券	20210105	星期二
79	603665	康隆达	浙江资金卖出，成功率23.35	17.80	-10.01	-11484.48	4246.14	15730.62	19976.76	40591.23	-28.29	49.21	13.80	28	非ST、*ST和S证券连续三个交易日内收盘价格跌幅偏离值累计达到20的证券	20210105	星期二
80	603996	*ST中新	1家机构卖出，成功率42.38	1.64	-5.20	-255.79	283.78	539.57	823.36	1830.82	-13.97	44.97	0.97	5	ST、*ST和S证券连续三个交易日内收盘价格跌幅偏离值累计达到15的证券	20210105	星期二
81	605155	西大门	西藏自治区资金卖出，成功率34.18	25.33	-7.66	200.87	1325.30	1124.43	2449.73	21428.29	0.94	11.43	35.15	6	有价格涨跌幅限制的日换手率达到20的前三只证券	20210105	星期二
82	605388	均瑶健康	实力游资买入，成功率37.47	24.65	6.20	781.74	4945.91	4164.17	9110.08	58773.25	1.33	15.50	33.67	17	有价格涨跌幅限制的日换手率达到20的前三只证券	20210105	星期二
83	688277	天智航	实力游资买入，成功率40.17	45.22	20.01	773.67	2486.45	1712.78	4199.23	18200.18	4.25	23.07	12.18	16	有价格涨跌幅限制的日收盘价格涨幅达到15的前五只证券	20210105	星期二
84	688286	敏芯股份	1家机构买入，成功率52.31	145.61	16.35	6539.73	8906.57	2366.84	11273.41	21113.57	30.97	53.39	12.92	18	有价格涨跌幅限制的日收盘价格涨幅达到15的前五只证券	20210105	星期二
85	688568	中科星图	2家机构买入，成功率47.12	57.68	8.04	6891.67	11598.56	4706.89	16305.46	83417.76	8.26	19.55	18.37	27	有价格涨跌幅限制的连续3个交易日内收盘价格涨幅偏离值累计达到30的证券	20210105	星期二
86	900920	上柴Ｂ股	上海资金买入，成功率37.67	0.48	9.91	-12.82	108.88	121.70	230.58	290.22	-4.42	79.45	1.77	1	有价格涨跌幅限制的日收盘价格涨幅偏离值达到7的前三只证券	20210105	星期二
87	900923	百联Ｂ股	实力游资买入，成功率27.58	0.89	8.56	13.68	35.35	21.67	57.03	124.84	10.96	45.68	0.80	1	有价格涨跌幅限制的日收盘价格涨幅偏离值达到7的前三只证券	20210105	星期二
