1	000155	川能动力	1家机构买入，成功率28.33	11.61	10.05	10933.69	24609.47	13675.78	38285.26	185402.45	5.90	20.65	13.64	147	日振幅值达到15的前5只证券	20210115	星期五
2	000155	川能动力	1家机构买入，成功率28.33	11.61	10.05	10933.69	24609.47	13675.78	38285.26	185402.45	5.90	20.65	13.64	147	日涨幅偏离值达到7的前5只证券	20210115	星期五
3	000301	东方盛虹	2家机构卖出，成功率50.30	11.47	-9.97	-18145.54	82453.40	100598.94	183052.33	219369.09	-8.27	83.44	10.99	199	日跌幅偏离值达到7的前5只证券	20210115	星期五
4	000570	苏常柴A	1家机构卖出，成功率29.97	5.99	-9.92	-1796.00	3145.12	4941.12	8086.24	38421.22	-4.67	21.05	15.41	25	日跌幅偏离值达到7的前5只证券	20210115	星期五
5	000612	焦作万方	买一主买，成功率44.92	6.90	10.05	4149.71	6528.81	2379.10	8907.91	24952.71	16.63	35.70	3.05	82	日涨幅偏离值达到7的前5只证券	20210115	星期五
6	000615	奥园美谷	1家机构买入，成功率44.84	9.83	9.96	3381.52	8913.54	5532.02	14445.55	53131.73	6.36	27.19	7.09	76	日涨幅偏离值达到7的前5只证券	20210115	星期五
7	000667	美好置业	浙江资金卖出，成功率46.40	3.42	-10.00	50.36	10961.22	10910.86	21872.07	19930.46	0.25	109.74	2.21	84	日跌幅偏离值达到7的前5只证券	20210115	星期五
8	000702	正虹科技	实力游资卖出，成功率35.06	6.03	-10.00	-5546.21	1474.76	7020.96	8495.72	19525.94	-28.40	43.51	12.14	16	日跌幅偏离值达到7的前5只证券	20210115	星期五
9	000720	新能泰山	主力做T，成功率38.00	4.02	10.14	718.54	2508.49	1789.95	4298.44	8543.75	8.41	50.31	1.89	35	连续三个交易日内，涨幅偏离值累计达到20的证券	20210115	星期五
10	000762	西藏矿业	1家机构买入，成功率43.51	15.27	10.01	215.96	17159.35	16943.39	34102.73	84128.64	0.26	40.54	10.79	80	日涨幅偏离值达到7的前5只证券	20210115	星期五
11	000798	中水渔业	2家机构买入，成功率49.52	10.02	9.99	1396.31	4655.65	3259.33	7914.98	28298.39	4.93	27.97	9.20	32	日涨幅偏离值达到7的前5只证券	20210115	星期五
12	000799	酒鬼酒	1家机构卖出，成功率44.15	184.99	-10.00	-8397.29	36675.47	45072.76	81748.23	444322.97	-1.89	18.40	7.32	601	日跌幅偏离值达到7的前5只证券	20210115	星期五
13	002016	世荣兆业	广东资金卖出，成功率40.00	6.16	-9.94	-1734.03	1662.40	3396.43	5058.83	6598.28	-26.28	76.67	1.56	42	日跌幅偏离值达到7的前5只证券	20210115	星期五
14	002156	通富微电	1家机构卖出，成功率47.51	26.88	-7.69	4605.41	29137.52	24532.10	53669.62	177194.10	2.60	30.29	5.50	310	日跌幅偏离值达到7的前5只证券	20210115	星期五
15	002164	宁波东力	实力游资卖出，成功率42.98	7.66	-7.49	-101.34	4612.73	4714.06	9326.79	46624.12	-0.22	20.00	13.55	33	日跌幅偏离值达到7的前5只证券	20210115	星期五
16	002177	御银股份	实力游资卖出，成功率42.32	5.86	-2.50	2304.83	7970.36	5665.53	13635.89	108421.55	2.13	12.58	22.89	45	日换手率达到20的前5只证券	20210115	星期五
17	002192	*ST融捷	实力游资卖出，成功率43.81	40.91	-4.97	-11575.98	9247.41	20823.39	30070.80	152907.80	-7.57	19.67	6.19	106	连续三个交易日内，跌幅偏离值累计达到12的ST证券、*ST证券	20210115	星期五
18	002256	*ST兆新	广东资金买入，成功率20.00	1.18	5.36	1466.58	2091.41	624.83	2716.23	7171.83	20.45	37.87	1.46	16	连续三个交易日内，涨幅偏离值累计达到12的ST证券、*ST证券	20210115	星期五
19	002263	大东南	实力游资买入，成功率26.04	3.33	9.90	-3770.13	7032.20	10802.33	17834.54	77238.93	-4.88	23.09	12.48	63	日涨幅偏离值达到7的前5只证券	20210115	星期五
20	002263	大东南	主力做T，成功率33.11	3.33	9.90	-190.19	11929.42	12119.61	24049.02	117864.70	-0.16	20.40	12.48	63	连续三个交易日内，涨幅偏离值累计达到20的证券	20210115	星期五
21	002280	*ST联络	主力做T，成功率45.17	1.48	4.96	59.35	1175.15	1115.80	2290.96	5116.90	1.16	44.77	0.11	26	连续三个交易日内，涨幅偏离值累计达到12的ST证券、*ST证券	20210115	星期五
22	002342	巨力索具	1家机构卖出，成功率36.75	5.22	-9.22	-5822.46	8738.26	14560.72	23298.98	104302.66	-5.58	22.34	22.73	45	日跌幅偏离值达到7的前5只证券	20210115	星期五
23	002342	巨力索具	1家机构卖出，成功率36.75	5.22	-9.22	-5822.46	8738.26	14560.72	23298.98	104302.66	-5.58	22.34	22.73	45	日换手率达到20的前5只证券	20210115	星期五
24	002370	亚太药业	实力游资买入，成功率48.87	3.72	10.06	833.22	1262.60	429.38	1691.97	3063.58	27.20	55.23	0.70	17	连续三个交易日内，涨幅偏离值累计达到20的证券	20210115	星期五
25	002416	爱施德	1家机构买入，成功率55.52	11.12	9.99	9817.87	17246.40	7428.53	24674.93	62194.12	15.79	39.67	4.70	136	日涨幅偏离值达到7的前5只证券	20210115	星期五
26	002466	天齐锂业	实力游资买入，成功率42.06	59.76	9.99	-47256.78	58939.39	106196.17	165135.56	855752.95	-5.52	19.30	10.30	881	日涨幅偏离值达到7的前5只证券	20210115	星期五
27	002553	南方轴承	江苏资金卖出，成功率28.41	13.52	-1.67	-5359.01	7853.24	13212.25	21065.49	139749.35	-3.83	15.07	42.02	32	日振幅值达到15的前5只证券	20210115	星期五
28	002553	南方轴承	江苏资金卖出，成功率28.41	13.52	-1.67	-5359.01	7853.24	13212.25	21065.49	139749.35	-3.83	15.07	42.02	32	日换手率达到20的前5只证券	20210115	星期五
29	002709	天赐材料	1家机构买入，成功率46.96	111.35	10.00	12223.61	39403.22	27179.62	66582.84	214774.82	5.69	31.00	3.71	605	日涨幅偏离值达到7的前5只证券	20210115	星期五
30	002756	永兴材料	2家机构买入，成功率48.78	57.70	3.80	2562.31	23954.52	21392.21	45346.73	104537.41	2.45	43.38	7.69	145	日振幅值达到15的前5只证券	20210115	星期五
31	002759	天际股份	1家机构买入，成功率36.30	23.10	6.99	1383.10	7596.58	6213.48	13810.06	51009.76	2.71	27.07	5.95	93	日振幅值达到15的前5只证券	20210115	星期五
32	002813	路畅科技	1家机构买入，成功率43.00	30.93	9.99	483.58	4059.17	3575.59	7634.75	30864.14	1.57	24.74	30.82	11	日涨幅偏离值达到7的前5只证券	20210115	星期五
33	002852	道道全	卖一主卖，成功率30.99	13.28	-5.75	1242.81	4155.98	2913.17	7069.14	25004.85	4.97	28.27	6.98	27	连续三个交易日内，跌幅偏离值累计达到20的证券	20210115	星期五
34	002871	伟隆股份	江西资金卖出，成功率59.84	14.53	-8.56	-671.29	502.21	1173.50	1675.71	4978.60	-13.48	33.66	5.64	8	日跌幅偏离值达到7的前5只证券	20210115	星期五
35	003026	中晶科技	主力做T，成功率31.34	99.95	-5.13	1584.08	11605.64	10021.56	21627.19	150548.27	1.05	14.37	55.76	25	日振幅值达到15的前5只证券	20210115	星期五
36	003026	中晶科技	主力做T，成功率31.34	99.95	-5.13	1584.08	11605.64	10021.56	21627.19	150548.27	1.05	14.37	55.76	25	日换手率达到20的前5只证券	20210115	星期五
37	003030	祖名股份	1家机构买入，成功率33.76	41.38	6.81	-1669.93	4980.37	6650.30	11630.68	75441.30	-2.21	15.42	59.86	13	日振幅值达到15的前5只证券	20210115	星期五
38	003030	祖名股份	1家机构买入，成功率33.76	41.38	6.81	-1669.93	4980.37	6650.30	11630.68	75441.30	-2.21	15.42	59.86	13	日换手率达到20的前5只证券	20210115	星期五
39	300457	赢合科技	3家机构卖出，成功率35.10	22.49	-19.99	-33955.62	9368.55	43324.16	52692.71	121971.77	-27.84	43.20	11.84	98	日跌幅达到15的前5只证券	20210115	星期五
40	300489	中飞股份	上海资金买入，成功率25.05	20.42	19.98	910.80	3525.84	2615.04	6140.88	23109.26	3.94	26.57	8.90	28	日涨幅达到15的前5只证券	20210115	星期五
41	300752	隆利科技	1家机构卖出，成功率38.06	44.57	-10.86	-6792.15	9151.65	15943.80	25095.45	67958.59	-9.99	36.93	43.34	15	日换手率达到30的前5只证券	20210115	星期五
42	300906	日月明	浙江资金买入，成功率42.97	44.64	20.00	1313.30	3685.56	2372.27	6057.83	23905.75	5.49	25.34	27.44	9	日涨幅达到15的前5只证券	20210115	星期五
43	300906	日月明	1家机构买入，成功率42.75	44.64	20.00	2619.98	5456.55	2836.57	8293.11	37336.18	7.02	22.21	27.44	9	连续三个交易日内，涨幅偏离值累计达到30的证券	20210115	星期五
44	300907	康平科技	1家机构买入，成功率43.29	36.14	19.99	4223.96	5925.59	1701.63	7627.22	28751.09	14.69	26.53	36.63	8	日涨幅达到15的前5只证券	20210115	星期五
45	300907	康平科技	1家机构买入，成功率43.29	36.14	19.99	4223.96	5925.59	1701.63	7627.22	28751.09	14.69	26.53	36.63	8	日换手率达到30的前5只证券	20210115	星期五
46	300918	南山智尚	实力游资买入，成功率43.18	13.63	19.98	10454.28	13158.80	2704.52	15863.32	57940.92	18.04	27.38	52.25	12	日涨幅达到15的前5只证券	20210115	星期五
47	300918	南山智尚	实力游资买入，成功率43.18	13.63	19.98	10454.28	13158.80	2704.52	15863.32	57940.92	18.04	27.38	52.25	12	日换手率达到30的前5只证券	20210115	星期五
48	300926	博俊科技	1家机构买入，成功率31.19	28.89	4.98	268.93	3764.49	3495.56	7260.06	34159.45	0.79	21.25	35.57	10	日换手率达到30的前5只证券	20210115	星期五
49	300927	江天化学	1家机构买入，成功率38.29	45.60	20.00	4797.82	7934.94	3137.12	11072.07	43404.82	11.05	25.51	55.73	9	日涨幅达到15的前5只证券	20210115	星期五
50	300927	江天化学	1家机构买入，成功率38.29	45.60	20.00	4797.82	7934.94	3137.12	11072.07	43404.82	11.05	25.51	55.73	9	日换手率达到30的前5只证券	20210115	星期五
51	600239	云南城投	江苏资金买入，成功率41.84	2.52	10.04	432.49	1865.60	1433.11	3298.71	13421.60	3.22	24.58	2.06	40	非ST、*ST和S证券连续三个交易日内收盘价格涨幅偏离值累计达到20的证券	20210115	星期五
52	600319	ST亚星	实力游资买入，成功率71.92	7.62	4.96	645.31	1319.70	674.39	1994.09	1635.96	39.45	121.89	0.20	24	ST、*ST和S证券连续三个交易日内收盘价格涨幅偏离值累计达到15的证券	20210115	星期五
53	600370	三房巷	买一主买，成功率47.69	3.16	10.10	367.41	823.16	455.75	1278.91	1836.55	20.01	69.64	0.74	25	有价格涨跌幅限制的日收盘价格涨幅偏离值达到7的前三只证券	20210115	星期五
54	600379	宝光股份	西藏自治区资金买入，成功率38.91	8.11	1.12	-1610.03	4149.45	5759.47	9908.92	59122.30	-2.72	16.76	21.07	27	有价格涨跌幅限制的日换手率达到20的前三只证券	20210115	星期五
55	600503	华丽家族	实力游资买入，成功率44.21	3.70	10.12	1520.36	3106.46	1586.10	4692.56	12551.79	12.11	37.39	2.23	59	有价格涨跌幅限制的日收盘价格涨幅偏离值达到7的前三只证券	20210115	星期五
56	600520	文一科技	买一主买，成功率38.53	6.34	10.07	636.70	1311.69	674.99	1986.68	3091.88	20.59	64.25	3.18	10	有价格涨跌幅限制的日收盘价格涨幅偏离值达到7的前三只证券	20210115	星期五
57	600588	用友网络	2家机构卖出，成功率41.52	42.84	-10.00	-27043.59	29255.09	56298.68	85553.77	226846.63	-11.92	37.71	1.57	1393	有价格涨跌幅限制的日收盘价格跌幅偏离值达到7的前三只证券	20210115	星期五
58	600687	退市刚泰	广东资金卖出，成功率56.67	0.24	-11.11	-20.54	23.03	43.57	66.60	47.78	-43.00	139.38	0.13	4	退市整理的证券	20210115	星期五
59	600687	退市刚泰	广东资金卖出，成功率56.67	0.24	-11.11	-20.54	23.03	43.57	66.60	47.78	-43.00	139.38	0.13	4	有价格涨跌幅限制的日收盘价格跌幅偏离值达到7的前三只证券	20210115	星期五
60	600687	退市刚泰	实力游资卖出，成功率48.67	0.24	-11.11	-31.48	43.70	75.19	118.89	85.67	-36.75	138.77	0.13	4	非ST、*ST和S证券连续三个交易日内收盘价格跌幅偏离值累计达到20的证券	20210115	星期五
61	600793	宜宾纸业	实力游资买入，成功率36.84	17.57	10.02	-1586.46	3543.72	5130.17	8673.89	66192.89	-2.40	13.10	8.29	31	非ST、*ST和S证券连续三个交易日内收盘价格涨幅偏离值累计达到20的证券	20210115	星期五
62	600861	北京城乡	卖一主卖，成功率17.78	14.78	-9.99	-1987.15	2282.56	4269.71	6552.27	23317.08	-8.52	28.10	0.61	47	非ST、*ST和S证券连续三个交易日内收盘价格跌幅偏离值累计达到20的证券	20210115	星期五
63	601187	厦门银行	1家机构买入，成功率55.51	11.79	6.22	4742.08	9300.98	4558.90	13859.89	96609.07	4.91	14.35	30.94	31	有价格涨跌幅限制的日换手率达到20的前三只证券	20210115	星期五
64	601633	长城汽车	2家机构卖出，成功率42.64	43.51	-2.94	26999.21	54191.99	27192.78	81384.77	367817.02	7.34	22.13	1.44	2623	有价格涨跌幅限制的日价格振幅达到15的前三只证券	20210115	星期五
65	603326	我乐家居	1家机构买入，成功率61.55	9.75	10.05	711.92	1156.97	445.06	1602.03	4684.23	15.20	34.20	0.30	31	非ST、*ST和S证券连续三个交易日内收盘价格涨幅偏离值累计达到20的证券	20210115	星期五
66	603377	东方时尚	卖一主卖，成功率44.17	17.91	-10.00	-1921.55	5673.47	7595.02	13268.49	14354.39	-13.39	92.44	1.22	109	有价格涨跌幅限制的日收盘价格跌幅偏离值达到7的前三只证券	20210115	星期五
67	603500	祥和实业	实力游资买入，成功率31.66	12.14	9.96	-254.70	1583.03	1837.73	3420.76	10598.94	-2.40	32.27	3.41	21	非ST、*ST和S证券连续三个交易日内收盘价格涨幅偏离值累计达到20的证券	20210115	星期五
68	603607	京华激光	买一主买，成功率32.11	18.84	9.98	2085.11	5859.32	3774.22	9633.54	24475.23	8.52	39.36	4.85	34	非ST、*ST和S证券连续三个交易日内收盘价格涨幅偏离值累计达到20的证券	20210115	星期五
69	603690	至纯科技	2家机构买入，成功率41.95	45.10	7.05	3793.73	19385.51	15591.78	34977.29	174317.76	2.18	20.07	9.74	109	非ST、*ST和S证券连续三个交易日内收盘价格涨幅偏离值累计达到20的证券	20210115	星期五
70	603698	航天工程	实力游资买入，成功率39.49	18.98	10.03	-4136.27	6006.26	10142.53	16148.80	88290.93	-4.68	18.29	9.89	102	有价格涨跌幅限制的日价格振幅达到15的前三只证券	20210115	星期五
71	603698	航天工程	实力游资买入，成功率38.72	18.98	10.03	262.67	11443.50	11180.83	22624.33	175269.35	0.15	12.91	9.89	102	非ST、*ST和S证券连续三个交易日内收盘价格涨幅偏离值累计达到20的证券	20210115	星期五
72	603877	太平鸟	2家机构买入，成功率45.56	33.10	1.81	2326.58	5848.82	3522.24	9371.06	21146.58	11.00	44.31	1.35	158	有价格涨跌幅限制的日价格振幅达到15的前三只证券	20210115	星期五
73	603996	*ST中新	实力游资买入，成功率42.65	1.59	5.30	-125.06	167.01	292.07	459.08	872.05	-14.34	52.64	0.70	5	ST、*ST和S证券连续三个交易日内收盘价格涨幅偏离值累计达到15的证券	20210115	星期五
74	605277	新亚电子	卖一主卖，成功率23.48	25.59	-2.70	410.55	1494.94	1084.39	2579.33	24942.18	1.65	10.34	29.20	9	有价格涨跌幅限制的日换手率达到20的前三只证券	20210115	星期五
