1	000155	川能动力	卖一主卖，成功率37.94	15.12	-10.00	-28838.41	19498.69	48337.11	67835.80	291325.40	-9.90	23.29	14.60	192	日跌幅偏离值达到7的前5只证券	20210128	星期四
2	000608	阳光股份	广东资金买入，成功率56.36	3.29	3.46	261.69	953.22	691.53	1644.75	5697.89	4.59	28.87	2.35	25	日振幅值达到15的前5只证券	20210128	星期四
3	000615	奥园美谷	1家机构卖出，成功率27.47	8.99	-10.01	-707.06	5004.80	5711.86	10716.67	52059.87	-1.36	20.59	7.37	70	日跌幅偏离值达到7的前5只证券	20210128	星期四
4	000691	亚太实业	浙江资金卖出，成功率46.67	5.90	-9.92	-449.58	687.64	1137.22	1824.87	3765.50	-11.94	48.46	2.20	17	日跌幅偏离值达到7的前5只证券	20210128	星期四
5	000698	沈阳化工	买一主买，成功率45.34	7.18	9.95	2024.40	8735.91	6711.51	15447.41	34221.45	5.92	45.14	6.07	56	日涨幅偏离值达到7的前5只证券	20210128	星期四
6	000698	沈阳化工	买一主买，成功率44.44	7.18	9.95	4306.25	10996.21	6689.97	17686.18	40237.48	10.70	43.95	6.07	56	连续三个交易日内，涨幅偏离值累计达到20的证券	20210128	星期四
7	000712	锦龙股份	买一主买，成功率42.29	16.58	10.02	12410.68	16910.31	4499.63	21409.94	61705.23	20.11	34.70	4.80	132	日涨幅偏离值达到7的前5只证券	20210128	星期四
8	000733	振华科技	上海资金买入，成功率37.13	65.78	10.00	5109.13	18701.91	13592.78	32294.69	50901.91	10.04	63.44	1.50	339	日涨幅偏离值达到7的前5只证券	20210128	星期四
9	000752	*ST西发	主力做T，成功率36.00	3.72	5.08	-24.53	323.38	347.91	671.28	786.77	-3.12	85.32	0.64	10	连续三个交易日内，涨幅偏离值累计达到12的ST证券、*ST证券和未完成股改证券	20210128	星期四
10	000793	华闻集团	实力游资买入，成功率40.29	2.46	9.82	3328.29	4904.78	1576.49	6481.27	14723.15	22.61	44.02	3.14	48	日涨幅偏离值达到7的前5只证券	20210128	星期四
11	000812	陕西金叶	实力游资买入，成功率26.10	3.80	10.14	-2256.07	3704.52	5960.59	9665.11	46812.81	-4.82	20.65	19.29	25	日涨幅偏离值达到7的前5只证券	20210128	星期四
12	000812	陕西金叶	主力做T，成功率26.00	3.80	10.14	1160.75	7193.39	6032.64	13226.04	55754.05	2.08	23.72	19.29	25	连续三个交易日内，涨幅偏离值累计达到20的证券	20210128	星期四
13	000818	航锦科技	卖一主卖，成功率56.55	20.82	-9.99	-10294.09	6067.58	16361.68	22429.26	70400.56	-14.62	31.86	4.81	141	日跌幅偏离值达到7的前5只证券	20210128	星期四
14	000980	*ST众泰	实力游资买入，成功率55.17	1.76	4.76	518.54	642.28	123.75	766.03	651.88	79.55	117.51	0.16	22	连续三个交易日内，涨幅偏离值累计达到12的ST证券、*ST证券和未完成股改证券	20210128	星期四
15	002019	亿帆医药	主力做T，成功率49.02	18.73	9.98	5918.56	11958.16	6039.60	17997.77	53445.32	11.07	33.68	3.42	154	日涨幅偏离值达到7的前5只证券	20210128	星期四
16	002113	*ST天润	实力游资买入，成功率53.50	1.34	4.69	-221.22	931.59	1152.81	2084.41	6689.34	-3.31	31.16	2.07	13	连续三个交易日内，涨幅偏离值累计达到12的ST证券、*ST证券	20210128	星期四
17	002127	南极电商	1家机构买入，成功率31.80	10.30	8.08	-15116.75	43308.80	58425.56	101734.36	359443.87	-4.21	28.30	12.08	203	连续三个交易日内，涨幅偏离值累计达到20的证券	20210128	星期四
18	002145	中核钛白	买一主买，成功率43.14	8.25	5.50	9.68	26096.77	26087.09	52183.86	193503.38	0.01	26.97	14.95	131	日振幅值达到15的前5只证券	20210128	星期四
19	002195	二三四五	1家机构买入，成功率36.68	1.80	9.76	3209.32	9045.70	5836.38	14882.08	44072.14	7.28	33.77	4.52	102	日涨幅偏离值达到7的前5只证券	20210128	星期四
20	002241	歌尔股份	1家机构卖出，成功率50.27	34.65	-10.00	-24683.08	89468.89	114151.97	203620.86	624336.39	-3.95	32.61	6.24	966	日跌幅偏离值达到7的前5只证券	20210128	星期四
21	002247	*ST聚力	实力游资买入，成功率20.57	1.73	4.85	-415.85	947.09	1362.94	2310.03	4631.40	-8.98	49.88	3.06	10	连续三个交易日内，涨幅偏离值累计达到12的ST证券、*ST证券	20210128	星期四
22	002280	*ST联络	主力做T，成功率39.80	1.81	5.23	258.65	2270.32	2011.67	4281.98	19831.12	1.30	21.59	1.46	32	连续三个交易日内，涨幅偏离值累计达到12的ST证券、*ST证券	20210128	星期四
23	002358	森源电气	实力游资卖出，成功率30.50	3.40	-10.05	-84.90	328.95	413.85	742.80	1924.33	-4.41	38.60	0.62	31	日跌幅偏离值达到7的前5只证券	20210128	星期四
24	002425	凯撒文化	买一主买，成功率35.74	8.93	9.44	1591.93	16646.20	15054.27	31700.48	155968.89	1.02	20.32	18.43	73	连续三个交易日内，涨幅偏离值累计达到20的证券	20210128	星期四
25	002459	晶澳科技	1家机构卖出，成功率50.48	37.98	-10.00	-19676.78	11688.39	31365.16	43053.55	88764.66	-22.17	48.50	5.88	147	日跌幅偏离值达到7的前5只证券	20210128	星期四
26	002528	英飞拓	实力游资买入，成功率33.15	3.86	9.97	1151.43	2506.39	1354.96	3861.34	7099.47	16.22	54.39	1.35	40	连续三个交易日内，涨幅偏离值累计达到20的证券	20210128	星期四
27	002619	艾格拉斯	买一主买，成功率44.82	1.93	10.29	5204.91	7435.92	2231.00	9666.92	29244.04	17.80	33.06	3.19	28	连续三个交易日内，涨幅偏离值累计达到20的证券	20210128	星期四
28	002668	奥马电器	1家机构买入，成功率32.30	5.46	6.64	20466.55	37584.53	17117.98	54702.51	167182.05	12.24	32.72	14.07	46	连续三个交易日内，涨幅偏离值累计达到20的证券	20210128	星期四
29	002730	电光科技	浙江资金买入，成功率47.56	13.40	7.98	719.09	5851.26	5132.17	10983.43	22883.01	3.14	48.00	3.65	41	连续三个交易日内，涨幅偏离值累计达到20的证券	20210128	星期四
30	002863	今飞凯达	买一主买，成功率41.41	5.58	10.06	1794.26	3435.84	1641.57	5077.41	19047.03	9.42	26.66	8.72	23	日涨幅偏离值达到7的前5只证券	20210128	星期四
31	002891	中宠股份	2家机构卖出，成功率49.63	54.12	-9.99	-2180.63	6558.97	8739.60	15298.56	32986.97	-6.61	46.38	3.30	97	日跌幅偏离值达到7的前5只证券	20210128	星期四
32	002943	宇晶股份	卖一主卖，成功率34.73	16.85	-7.57	-814.94	1516.67	2331.61	3848.27	20463.37	-3.98	18.81	22.58	9	日换手率达到20的前5只证券	20210128	星期四
33	002949	华阳国际	1家机构买入，成功率48.76	20.68	5.51	499.14	1995.98	1496.84	3492.82	8485.79	5.88	41.16	4.51	19	日振幅值达到15的前5只证券	20210128	星期四
34	002989	中天精装	1家机构买入，成功率45.54	43.26	9.99	3220.13	4805.76	1585.62	6391.38	20371.43	15.81	31.37	13.11	16	日涨幅偏离值达到7的前5只证券	20210128	星期四
35	002989	中天精装	2家机构买入，成功率46.08	43.26	9.99	3848.06	6512.38	2664.31	9176.69	36466.80	10.55	25.16	13.11	16	连续三个交易日内，涨幅偏离值累计达到20的证券	20210128	星期四
36	003018	金富科技	买一主买，成功率43.68	15.02	10.04	3253.24	5306.32	2053.07	7359.39	31852.70	10.21	23.10	34.06	10	日振幅值达到15的前5只证券	20210128	星期四
37	003018	金富科技	买一主买，成功率43.68	15.02	10.04	3253.24	5306.32	2053.07	7359.39	31852.70	10.21	23.10	34.06	10	日涨幅偏离值达到7的前5只证券	20210128	星期四
38	003018	金富科技	实力游资买入，成功率45.13	15.02	10.04	3584.41	7034.66	3450.25	10484.91	53501.53	6.70	19.60	34.06	10	连续三个交易日内，涨幅偏离值累计达到20的证券	20210128	星期四
39	003018	金富科技	买一主买，成功率43.68	15.02	10.04	3253.24	5306.32	2053.07	7359.39	31852.70	10.21	23.10	34.06	10	日换手率达到20的前5只证券	20210128	星期四
40	003026	中晶科技	1家机构卖出，成功率31.68	84.20	-6.36	-1593.05	3046.29	4639.34	7685.62	46064.43	-3.46	16.68	21.05	21	日换手率达到20的前5只证券	20210128	星期四
41	003030	祖名股份	1家机构卖出，成功率29.56	42.90	-6.33	-1828.59	2077.92	3906.51	5984.43	29523.39	-6.19	20.27	21.36	13	日换手率达到20的前5只证券	20210128	星期四
42	003031	中瓷电子	实力游资卖出，成功率22.21	72.16	-10.00	-1099.51	762.01	1861.52	2623.53	7134.46	-15.41	36.77	3.71	19	日跌幅偏离值达到7的前5只证券	20210128	星期四
43	003032	传智教育	1家机构买入，成功率36.88	21.25	5.04	522.23	3382.48	2860.24	6242.72	30955.26	1.69	20.17	35.66	9	日换手率达到20的前5只证券	20210128	星期四
44	003035	南网能源	实力游资买入，成功率92.22	3.94	10.06	1103.33	1132.77	29.44	1162.22	1132.77	97.40	102.60	0.21	30	连续三个交易日内，涨幅偏离值累计达到20的证券	20210128	星期四
45	003036	泰坦股份	浙江资金买入，成功率60.00	8.24	44.06	459.54	483.74	24.20	507.94	485.54	94.65	104.61	1.10	4	无价格涨跌幅限制的证券	20210128	星期四
46	300010	豆神教育	1家机构买入，成功率41.33	9.34	20.05	1824.80	17344.11	15519.31	32863.43	79748.99	2.29	41.21	12.29	68	日涨幅达到15的前5只证券	20210128	星期四
47	300169	天晟新材	1家机构买入，成功率27.03	8.27	0.73	4476.82	11139.05	6662.23	17801.28	119091.31	3.76	14.95	16.21	22	连续三个交易日内，涨幅偏离值累计达到30的证券	20210128	星期四
48	300309	吉艾科技	主力做T，成功率65.10	2.65	19.91	731.38	2240.36	1508.98	3749.34	18396.72	3.98	20.38	8.83	22	日涨幅达到15的前5只证券	20210128	星期四
49	300336	新文化	1家机构买入，成功率50.32	3.26	19.85	1549.00	3135.26	1586.26	4721.51	16067.05	9.64	29.39	7.06	24	日涨幅达到15的前5只证券	20210128	星期四
50	300828	锐新科技	1家机构买入，成功率54.03	29.28	20.00	2098.89	3178.06	1079.17	4257.23	15139.11	13.86	28.12	19.44	8	日涨幅达到15的前5只证券	20210128	星期四
51	300846	首都在线	实力游资卖出，成功率56.66	26.90	-2.96	-520.82	4214.05	4734.87	8948.92	59814.35	-0.87	14.96	40.45	13	日换手率达到30的前5只证券	20210128	星期四
52	300906	日月明	北京资金卖出，成功率39.71	50.26	-2.60	-623.97	4196.36	4820.34	9016.70	39777.95	-1.57	22.67	38.12	10	日换手率达到30的前5只证券	20210128	星期四
53	300939	秋田微	西藏自治区资金买入，成功率29.40	62.24	67.40	1922.66	3681.02	1758.35	5439.37	60070.09	3.20	9.06	46.54	12	无价格涨跌幅限制的证券	20210128	星期四
54	600086	退市金钰	卖一主卖，成功率16.67	0.45	-10.00	-0.00	1.82	1.82	3.64	1.82	-0.25	199.75	0.00	5	退市整理的证券	20210128	星期四
55	600213	亚星客车	实力游资买入，成功率34.84	7.89	10.04	7415.19	9274.23	1859.04	11133.27	16076.71	46.12	69.25	5.40	17	非ST、*ST和S证券连续三个交易日内收盘价格涨幅偏离值累计达到20的证券	20210128	星期四
56	600228	ST昌九	上海资金买入，成功率46.67	9.66	5.00	813.25	2674.30	1861.05	4535.36	9061.90	8.97	50.05	2.19	23	ST、*ST和S证券连续三个交易日内收盘价格涨幅偏离值累计达到15的证券	20210128	星期四
57	600576	祥源文化	广东资金买入，成功率47.24	4.26	10.08	1376.11	1885.95	509.84	2395.78	1932.59	71.21	123.97	0.73	26	有价格涨跌幅限制的日收盘价格涨幅偏离值达到7的前三只证券	20210128	星期四
58	600687	退市刚泰	实力游资买入，成功率74.19	0.34	0.00	14.02	197.04	183.01	380.05	340.33	4.12	111.67	0.67	5	退市整理的证券	20210128	星期四
59	600869	远东股份	实力游资买入，成功率58.31	3.76	9.94	2746.49	5437.10	2690.61	8127.72	21289.74	12.90	38.18	2.27	83	非ST、*ST和S证券连续三个交易日内收盘价格涨幅偏离值累计达到20的证券	20210128	星期四
60	600883	博闻科技	浙江资金买入，成功率22.67	8.08	8.89	861.59	1567.12	705.52	2272.64	8447.34	10.20	26.90	2.65	19	非ST、*ST和S证券连续三个交易日内收盘价格涨幅偏离值累计达到20的证券	20210128	星期四
61	601127	小康股份	买一主买，成功率27.92	20.46	10.00	3590.15	18165.02	14574.87	32739.89	223168.41	1.61	14.67	9.48	195	非ST、*ST和S证券连续三个交易日内收盘价格涨幅偏离值累计达到20的证券	20210128	星期四
62	601216	君正集团	买一主买，成功率39.38	5.34	10.10	1981.34	28722.10	26740.76	55462.86	293482.39	0.68	18.90	6.83	451	有价格涨跌幅限制的日收盘价格涨幅偏离值达到7的前三只证券	20210128	星期四
63	601216	君正集团	买一主买，成功率42.09	5.34	10.10	4381.87	37918.94	33537.08	71456.02	443401.60	0.99	16.12	6.83	451	非ST、*ST和S证券连续三个交易日内收盘价格涨幅偏离值累计达到20的证券	20210128	星期四
64	601619	嘉泽新能	实力游资买入，成功率27.61	4.48	10.07	-6069.18	3180.39	9249.58	12429.97	62272.86	-9.75	19.96	6.89	93	有价格涨跌幅限制的日收盘价格涨幅偏离值达到7的前三只证券	20210128	星期四
65	601619	嘉泽新能	上海资金买入，成功率34.49	4.48	10.07	-13349.26	6045.46	19394.72	25440.18	86065.06	-15.51	29.56	6.89	93	非ST、*ST和S证券连续三个交易日内收盘价格涨幅偏离值累计达到20的证券	20210128	星期四
66	601919	中远海控	卖一主卖，成功率39.03	13.03	-10.01	-25038.89	19641.65	44680.53	64322.18	243436.94	-10.29	26.42	2.11	1128	有价格涨跌幅限制的日收盘价格跌幅偏离值达到7的前三只证券	20210128	星期四
67	603032	德新交运	实力游资卖出，成功率38.74	8.60	-10.04	-83.94	39.22	123.15	162.37	211.56	-39.67	76.75	0.15	14	有价格涨跌幅限制的日收盘价格跌幅偏离值达到7的前三只证券	20210128	星期四
68	603058	永吉股份	实力游资买入，成功率40.42	9.67	10.01	5434.75	7371.50	1936.75	9308.25	35108.52	15.48	26.51	9.81	40	有价格涨跌幅限制的日价格振幅达到15的前三只证券	20210128	星期四
69	603507	振江股份	实力游资买入，成功率55.57	21.95	0.69	-244.27	2773.67	3017.94	5791.60	27136.32	-0.90	21.34	3.41	28	非ST、*ST和S证券连续三个交易日内收盘价格涨幅偏离值累计达到20的证券	20210128	星期四
70	603533	掌阅科技	1家机构买入，成功率40.52	40.52	5.85	-5813.71	18079.14	23892.85	41971.98	310237.28	-1.87	13.53	7.01	162	非ST、*ST和S证券连续三个交易日内收盘价格涨幅偏离值累计达到20的证券	20210128	星期四
71	605005	合兴股份	买一主买，成功率67.36	17.91	10.01	2632.90	2853.40	220.50	3073.90	2853.40	92.27	107.73	2.25	7	非ST、*ST和S证券连续三个交易日内收盘价格涨幅偏离值累计达到20的证券	20210128	星期四
72	605018	长华股份	实力游资卖出，成功率43.80	20.11	-9.98	1665.64	7309.99	5644.35	12954.34	58147.43	2.86	22.28	63.61	8	有价格涨跌幅限制的日价格振幅达到15的前三只证券	20210128	星期四
73	605018	长华股份	实力游资卖出，成功率43.80	20.11	-9.98	1665.64	7309.99	5644.35	12954.34	58147.43	2.86	22.28	63.61	8	有价格涨跌幅限制的日换手率达到20的前三只证券	20210128	星期四
74	605183	确成股份	实力游资卖出，成功率32.48	18.80	-10.00	-5857.38	2487.91	8345.29	10833.21	50288.03	-11.65	21.54	51.80	9	有价格涨跌幅限制的日换手率达到20的前三只证券	20210128	星期四
75	605228	神通科技	卖一主卖，成功率63.56	12.29	-10.03	-412.34	2947.16	3359.50	6306.66	14890.79	-2.77	42.35	14.14	10	有价格涨跌幅限制的日价格振幅达到15的前三只证券	20210128	星期四
76	605228	神通科技	卖一主卖，成功率63.56	12.29	-10.03	-412.34	2947.16	3359.50	6306.66	14890.79	-2.77	42.35	14.14	10	有价格涨跌幅限制的日收盘价格跌幅偏离值达到7的前三只证券	20210128	星期四
77	605333	沪光股份	实力游资卖出，成功率42.61	14.70	-9.98	-2491.04	1345.26	3836.30	5181.55	16821.20	-14.81	30.80	27.68	6	有价格涨跌幅限制的日换手率达到20的前三只证券	20210128	星期四
