1	000100	TCL科技	买一主买，成功率49.50	9.24	7.44	201647.42	318724.80	117077.38	435802.18	1179898.94	17.09	36.94	9.93	1192	日涨幅偏离值达到7的前5只证券	20210113	星期三
2	000100	TCL科技	1家机构买入，成功率51.94	9.24	7.44	229885.42	507354.40	277468.98	784823.39	2564243.51	8.97	30.61	9.93	1192	连续三个交易日内，涨幅偏离值累计达到20的证券	20210113	星期三
3	000150	宜华健康	卖一主卖，成功率35.45	3.02	-10.12	-654.50	1214.66	1869.16	3083.81	10261.78	-6.38	30.05	4.13	24	日跌幅偏离值达到7的前5只证券	20210113	星期三
4	000338	潍柴动力	2家机构买入，成功率51.48	18.92	7.68	34088.75	102546.85	68458.10	171004.94	440596.56	7.74	38.81	5.53	803	日涨幅偏离值达到7的前5只证券	20210113	星期三
5	000518	四环生物	1家机构卖出，成功率20.66	4.37	-7.61	-157.49	3437.45	3594.94	7032.38	87785.28	-0.18	8.01	4.86	45	连续三个交易日内，跌幅偏离值累计达到20的证券	20210113	星期三
6	000570	苏常柴A	上海资金买入，成功率34.75	7.39	2.64	4060.17	9524.85	5464.69	14989.54	79191.74	5.13	18.93	26.32	30	日振幅值达到15的前5只证券	20210113	星期三
7	000570	苏常柴A	上海资金买入，成功率34.75	7.39	2.64	4060.17	9524.85	5464.69	14989.54	79191.74	5.13	18.93	26.32	30	日换手率达到20的前5只证券	20210113	星期三
8	000662	*ST天夏	实力游资卖出，成功率13.33	0.55	-5.17	-22.86	202.78	225.64	428.42	472.23	-4.84	90.72	0.50	6	连续三个交易日内，跌幅偏离值累计达到12的ST证券、*ST证券和未完成股改证券	20210113	星期三
9	000668	荣丰控股	实力游资卖出，成功率44.20	14.72	-9.97	-1226.57	683.91	1910.48	2594.39	4899.65	-25.03	52.95	2.24	22	日跌幅偏离值达到7的前5只证券	20210113	星期三
10	000680	山推股份	实力游资买入，成功率40.47	3.97	9.97	6382.86	8969.29	2586.43	11555.72	40987.63	15.57	28.19	9.93	42	日涨幅偏离值达到7的前5只证券	20210113	星期三
11	000681	视觉中国	2家机构买入，成功率47.99	13.35	9.97	5346.64	8356.12	3009.48	11365.59	29856.72	17.91	38.07	3.40	89	日涨幅偏离值达到7的前5只证券	20210113	星期三
12	000713	丰乐种业	1家机构卖出，成功率33.67	15.62	-4.70	-6944.90	7171.66	14116.56	21288.22	128301.59	-5.41	16.59	20.02	62	日换手率达到20的前5只证券	20210113	星期三
13	000718	苏宁环球	主力做T，成功率39.36	4.06	-9.58	-1152.06	6215.51	7367.57	13583.08	55550.00	-2.07	24.45	5.79	93	日跌幅偏离值达到7的前5只证券	20210113	星期三
14	000835	*ST长动	1家机构卖出，成功率40.62	1.43	-5.30	-38.39	356.61	395.00	751.62	2303.24	-1.67	32.63	2.06	4	连续三个交易日内，跌幅偏离值累计达到12的ST证券、*ST证券和未完成股改证券	20210113	星期三
15	000861	海印股份	2家机构卖出，成功率31.58	2.48	-9.82	-2177.39	2002.23	4179.62	6181.85	16098.95	-13.53	38.40	2.94	54	日跌幅偏离值达到7的前5只证券	20210113	星期三
16	000951	中国重汽	4家机构买入，成功率50.43	37.76	9.99	8018.86	24549.52	16530.66	41080.18	89569.97	8.95	45.86	3.59	253	日涨幅偏离值达到7的前5只证券	20210113	星期三
17	002005	ST德豪	实力游资卖出，成功率12.98	0.96	-4.95	-129.62	727.78	857.40	1585.19	5590.30	-2.32	28.36	1.21	16	连续三个交易日内，跌幅偏离值累计达到12的ST证券、*ST证券	20210113	星期三
18	002017	东信和平	1家机构买入，成功率41.26	11.99	10.00	2079.30	7099.56	5020.26	12119.82	78984.43	2.63	15.34	15.75	53	日振幅值达到15的前5只证券	20210113	星期三
19	002017	东信和平	1家机构买入，成功率41.26	11.99	10.00	2079.30	7099.56	5020.26	12119.82	78984.43	2.63	15.34	15.75	53	日涨幅偏离值达到7的前5只证券	20210113	星期三
20	002075	沙钢股份	主力做T，成功率49.78	11.15	9.96	-7297.70	10648.09	17945.79	28593.88	73590.79	-9.92	38.86	3.01	246	日涨幅偏离值达到7的前5只证券	20210113	星期三
21	002164	宁波东力	主力做T，成功率34.65	8.80	0.00	279.08	11761.09	11482.01	23243.11	231349.51	0.12	10.05	25.73	38	连续三个交易日内，涨幅偏离值累计达到20的证券	20210113	星期三
22	002164	宁波东力	西藏自治区资金买入，成功率37.69	8.80	0.00	-3204.72	5972.47	9177.19	15149.66	105348.64	-3.04	14.38	25.73	38	日换手率达到20的前5只证券	20210113	星期三
23	002166	莱茵生物	卖一主卖，成功率25.33	7.20	-10.00	-7445.80	1615.87	9061.68	10677.55	19333.70	-38.51	55.23	5.71	33	日跌幅偏离值达到7的前5只证券	20210113	星期三
24	002176	*ST江特	主力做T，成功率45.83	5.24	5.01	-3860.57	10888.93	14749.50	25638.43	105275.98	-3.67	24.35	3.47	89	连续三个交易日内，涨幅偏离值累计达到12的ST证券、*ST证券	20210113	星期三
25	002289	ST宇顺	实力游资卖出，成功率46.67	6.70	-4.96	-267.30	516.38	783.68	1300.06	3055.77	-8.75	42.54	0.41	17	连续三个交易日内，跌幅偏离值累计达到12的ST证券、*ST证券	20210113	星期三
26	002342	巨力索具	2家机构买入，成功率43.13	6.39	9.98	1002.92	16695.45	15692.54	32387.99	116467.73	0.86	27.81	21.51	56	日涨幅偏离值达到7的前5只证券	20210113	星期三
27	002358	森源电气	3家机构卖出，成功率45.89	3.64	-5.70	-17059.75	2114.55	19174.30	21288.84	41326.09	-41.28	51.51	3.12	33	连续三个交易日内，跌幅偏离值累计达到20的证券	20210113	星期三
28	002499	*ST科林	实力游资买入，成功率31.15	7.28	5.05	94.98	1104.34	1009.36	2113.70	5071.00	1.87	41.68	1.41	14	连续三个交易日内，涨幅偏离值累计达到12的ST证券、*ST证券	20210113	星期三
29	002553	南方轴承	上海资金买入，成功率38.00	12.50	10.04	-3508.18	11387.67	14895.84	26283.51	117988.00	-2.97	22.28	15.52	29	连续三个交易日内，涨幅偏离值累计达到20的证券	20210113	星期三
30	002580	圣阳股份	实力游资卖出，成功率29.43	5.99	-10.06	-488.04	2615.96	3104.00	5719.97	33436.05	-1.46	17.11	17.10	19	日跌幅偏离值达到7的前5只证券	20210113	星期三
31	002631	德尔未来	实力游资卖出，成功率42.14	6.96	-9.96	-270.96	934.10	1205.06	2139.17	12711.09	-2.13	16.83	2.70	46	日跌幅偏离值达到7的前5只证券	20210113	星期三
32	002977	天箭科技	实力游资卖出，成功率21.40	125.87	-10.00	-2241.14	2494.25	4735.38	7229.63	20638.37	-10.86	35.03	8.84	23	日跌幅偏离值达到7的前5只证券	20210113	星期三
33	002977	天箭科技	2家机构卖出，成功率43.96	125.87	-10.00	-5771.63	9255.86	15027.49	24283.34	78109.15	-7.39	31.09	8.84	23	连续三个交易日内，跌幅偏离值累计达到20的证券	20210113	星期三
34	003022	联泓新科	3家机构买入，成功率44.17	21.60	9.98	8899.76	16287.19	7387.42	23674.61	70606.54	12.60	33.53	22.70	32	日涨幅偏离值达到7的前5只证券	20210113	星期三
35	003026	中晶科技	1家机构买入，成功率32.64	95.78	10.00	701.71	9793.76	9092.04	18885.80	85633.30	0.82	22.05	37.17	24	日涨幅偏离值达到7的前5只证券	20210113	星期三
36	003026	中晶科技	1家机构买入，成功率32.64	95.78	10.00	701.71	9793.76	9092.04	18885.80	85633.30	0.82	22.05	37.17	24	日换手率达到20的前5只证券	20210113	星期三
37	003028	振邦智能	主力做T，成功率33.81	38.68	3.98	-664.37	1162.40	1826.77	2989.18	26495.33	-2.51	11.28	25.32	11	日换手率达到20的前5只证券	20210113	星期三
38	003029	吉大正元	1家机构买入，成功率27.75	23.68	1.98	2249.80	4387.54	2137.74	6525.28	33319.63	6.75	19.58	31.43	11	日换手率达到20的前5只证券	20210113	星期三
39	003033	征和工业	主力做T，成功率23.86	31.86	-10.00	429.27	1628.88	1199.61	2828.49	21800.41	1.97	12.97	32.80	7	日跌幅偏离值达到7的前5只证券	20210113	星期三
40	003033	征和工业	主力做T，成功率23.86	31.86	-10.00	429.27	1628.88	1199.61	2828.49	21800.41	1.97	12.97	32.80	7	日换手率达到20的前5只证券	20210113	星期三
41	200613	大东海B	实力游资卖出，成功率49.40	1.53	-6.71	-5.55	20.86	26.42	47.28	43.19	-12.85	109.46	0.39	1	日跌幅偏离值达到7的前5只证券	20210113	星期三
42	300161	华中数控	买一主买，成功率28.11	19.22	19.98	1487.08	6220.91	4733.83	10954.73	22618.57	6.57	48.43	7.28	32	日涨幅达到15的前5只证券	20210113	星期三
43	300220	金运激光	主力做T，成功率66.67	14.03	-6.03	-10428.59	397718.09	408146.68	805864.77	246322.00	-4.23	327.16	2.54	21	严重异常期间日收盘价格跌幅偏离值累计达到70的证券	20210113	星期三
44	300503	昊志机电	主力做T，成功率66.67	9.29	-4.91	59679.88	884667.96	824988.08	1709656.04	500845.00	11.92	341.35	5.36	17	严重异常期间日收盘价格跌幅偏离值累计达到70的证券	20210113	星期三
45	300543	朗科智能	1家机构买入，成功率44.10	14.15	20.02	1179.00	2758.86	1579.86	4338.73	21770.59	5.42	19.93	9.96	22	日涨幅达到15的前5只证券	20210113	星期三
46	300554	三超新材	实力游资卖出，成功率38.43	18.24	-20.00	-1443.07	2301.63	3744.70	6046.33	24391.78	-5.92	24.79	22.64	10	日跌幅达到15的前5只证券	20210113	星期三
47	300752	隆利科技	1家机构买入，成功率50.40	58.86	20.00	578.66	7443.10	6864.44	14307.55	68083.71	0.85	21.01	36.62	20	日涨幅达到15的前5只证券	20210113	星期三
48	300752	隆利科技	1家机构买入，成功率50.40	58.86	20.00	578.66	7443.10	6864.44	14307.55	68083.71	0.85	21.01	36.62	20	日换手率达到30的前5只证券	20210113	星期三
49	300891	惠云钛业	1家机构买入，成功率26.03	18.82	2.56	-4743.09	3405.17	8148.27	11553.44	55225.36	-8.59	20.92	30.63	18	日换手率达到30的前5只证券	20210113	星期三
50	300922	天秦装备	1家机构买入，成功率40.72	49.59	3.96	-188.12	4463.09	4651.21	9114.30	48067.00	-0.39	18.96	37.16	13	日换手率达到30的前5只证券	20210113	星期三
51	300925	法本信息	1家机构卖出，成功率35.56	53.80	-15.38	-1061.17	3886.84	4948.01	8834.85	78372.37	-1.35	11.27	43.01	17	日跌幅达到15的前5只证券	20210113	星期三
52	300925	法本信息	1家机构卖出，成功率35.56	53.80	-15.38	-1061.17	3886.84	4948.01	8834.85	78372.37	-1.35	11.27	43.01	17	日换手率达到30的前5只证券	20210113	星期三
53	600185	格力地产	1家机构买入，成功率45.07	6.56	10.07	8516.15	18921.95	10405.81	29327.76	94178.57	9.04	31.14	7.25	135	有价格涨跌幅限制的日收盘价格涨幅偏离值达到7的前三只证券	20210113	星期三
54	600189	泉阳泉	卖一主卖，成功率40.76	16.60	-5.90	-8926.40	7483.66	16410.06	23893.71	139785.98	-6.39	17.09	14.47	93	有价格涨跌幅限制的日价格振幅达到15的前三只证券	20210113	星期三
55	600247	*ST成城	实力游资卖出，成功率28.43	0.92	-5.15	-33.94	302.22	336.16	638.38	1926.17	-1.76	33.14	2.16	3	ST、*ST和S证券连续三个交易日内收盘价格跌幅偏离值累计达到15的证券	20210113	星期三
56	600333	长春燃气	西藏自治区资金买入，成功率27.62	7.01	2.64	-1032.38	3228.08	4260.46	7488.54	57541.54	-1.79	13.01	13.82	43	有价格涨跌幅限制的日价格振幅达到15的前三只证券	20210113	星期三
57	600382	广东明珠	买一主买，成功率43.73	6.78	10.06	2492.26	6082.98	3590.72	9673.70	57370.20	4.34	16.86	10.82	53	有价格涨跌幅限制的日收盘价格涨幅偏离值达到7的前三只证券	20210113	星期三
58	600626	申达股份	实力游资买入，成功率39.54	4.02	10.14	1133.48	1751.19	617.71	2368.90	2709.83	41.83	87.42	0.84	32	有价格涨跌幅限制的日收盘价格涨幅偏离值达到7的前三只证券	20210113	星期三
59	600687	退市刚泰	卖一主卖，成功率38.00	0.30	-9.09	-6.17	13.60	19.76	33.36	20.02	-30.79	166.60	0.02	4	非ST、*ST和S证券连续三个交易日内收盘价格跌幅偏离值累计达到20的证券	20210113	星期三
60	600687	退市刚泰	卖一主卖，成功率25.71	0.30	-9.09	-2.81	5.86	8.68	14.54	8.68	-32.43	167.57	0.02	4	退市整理的证券	20210113	星期三
61	600707	彩虹股份	上海资金买入，成功率42.26	7.50	9.97	10526.86	23678.09	13151.23	36829.32	169149.99	6.22	21.77	2.11	186	非ST、*ST和S证券连续三个交易日内收盘价格涨幅偏离值累计达到20的证券	20210113	星期三
62	600711	盛屯矿业	实力游资卖出，成功率41.59	7.69	-9.85	-15758.65	51605.40	67364.05	118969.45	690343.04	-2.28	17.23	14.93	172	非ST、*ST和S证券连续三个交易日内收盘价格跌幅偏离值累计达到20的证券	20210113	星期三
63	600793	宜宾纸业	实力游资买入，成功率40.67	14.52	10.00	-2561.52	4811.15	7372.67	12183.82	58272.41	-4.40	20.91	10.99	26	非ST、*ST和S证券连续三个交易日内收盘价格涨幅偏离值累计达到20的证券	20210113	星期三
64	601058	赛轮轮胎	2家机构买入，成功率44.77	8.89	10.02	9181.63	60129.70	50948.07	111077.77	270886.20	3.39	41.01	4.52	227	非ST、*ST和S证券连续三个交易日内收盘价格涨幅偏离值累计达到20的证券	20210113	星期三
65	601908	京运通	普通席位卖出，成功率28.11	12.47	-9.96	-9813.41	12486.88	22300.29	34787.17	219285.35	-4.48	15.86	8.42	249	有价格涨跌幅限制的日收盘价格跌幅偏离值达到7的前三只证券	20210113	星期三
66	603101	汇嘉时代	买一主买，成功率25.55	5.60	10.02	-2324.03	3965.52	6289.54	10255.06	17949.33	-12.95	57.13	5.90	26	非ST、*ST和S证券连续三个交易日内收盘价格涨幅偏离值累计达到20的证券	20210113	星期三
67	603161	科华控股	实力游资卖出，成功率35.20	17.01	-10.00	-72.48	2984.03	3056.51	6040.53	9294.67	-0.78	64.99	7.73	12	有价格涨跌幅限制的日收盘价格跌幅偏离值达到7的前三只证券	20210113	星期三
68	603507	振江股份	实力游资卖出，成功率32.68	22.12	-10.01	-131.56	241.88	373.43	615.31	2056.44	-6.40	29.92	0.73	28	有价格涨跌幅限制的日收盘价格跌幅偏离值达到7的前三只证券	20210113	星期三
69	603698	航天工程	买一主买，成功率27.70	15.68	10.04	1123.28	10054.00	8930.72	18984.72	56247.92	2.00	33.75	2.66	84	非ST、*ST和S证券连续三个交易日内收盘价格涨幅偏离值累计达到20的证券	20210113	星期三
70	605179	一鸣食品	实力游资买入，成功率25.10	21.74	5.02	-1130.92	2576.22	3707.14	6283.36	47765.16	-2.37	13.15	37.08	13	有价格涨跌幅限制的日换手率达到20的前三只证券	20210113	星期三
71	605277	新亚电子	实力游资买入，成功率45.10	26.32	9.99	6488.17	7334.71	846.53	8181.24	24474.82	26.51	33.43	30.19	9	有价格涨跌幅限制的日价格振幅达到15的前三只证券	20210113	星期三
72	605277	新亚电子	实力游资买入，成功率45.10	26.32	9.99	6488.17	7334.71	846.53	8181.24	24474.82	26.51	33.43	30.19	9	有价格涨跌幅限制的日换手率达到20的前三只证券	20210113	星期三
73	605376	博迁新材	实力游资卖出，成功率63.60	40.75	-6.11	94.49	10736.99	10642.50	21379.49	66237.64	0.14	32.28	25.07	27	有价格涨跌幅限制的日换手率达到20的前三只证券	20210113	星期三
74	688069	德林海	1家机构买入，成功率44.00	67.92	20.00	1089.78	1958.69	868.91	2827.60	7679.11	14.19	36.82	8.43	9	有价格涨跌幅限制的日收盘价格涨幅达到15的前五只证券	20210113	星期三
