1	000059	华锦股份	卖一主卖，成功率55.39	5.40	-10.00	-2223.64	2934.73	5158.38	8093.11	27366.73	-8.13	29.57	3.10	86	日跌幅偏离值达到7的前5只证券	20210129	星期五
2	000338	潍柴动力	3家机构买入，成功率50.39	21.14	8.24	29269.84	85133.39	55863.55	140996.94	407932.08	7.18	34.56	4.60	897	日涨幅偏离值达到7的前5只证券	20210129	星期五
3	000557	西部创业	1家机构买入，成功率46.11	4.06	10.03	1310.10	3524.25	2214.15	5738.40	27786.05	4.71	20.65	4.75	59	日涨幅偏离值达到7的前5只证券	20210129	星期五
4	000587	*ST金洲	主力做T，成功率44.67	1.13	4.63	-550.05	1038.18	1588.23	2626.41	3005.12	-18.30	87.40	1.59	14	连续三个交易日内，涨幅偏离值累计达到12的ST证券、*ST证券和未完成股改证券	20210129	星期五
5	000610	西安旅游	实力游资买入，成功率57.96	8.32	10.05	5894.66	7785.52	1890.86	9676.38	14645.51	40.25	66.07	7.62	20	日涨幅偏离值达到7的前5只证券	20210129	星期五
6	000691	亚太实业	1家机构卖出，成功率36.62	5.31	-10.00	-1745.96	1784.94	3530.90	5315.85	30756.49	-5.68	17.28	18.96	15	日振幅值达到15的前5只证券	20210129	星期五
7	000691	亚太实业	1家机构卖出，成功率36.62	5.31	-10.00	-1745.96	1784.94	3530.90	5315.85	30756.49	-5.68	17.28	18.96	15	日跌幅偏离值达到7的前5只证券	20210129	星期五
8	000698	沈阳化工	1家机构卖出，成功率45.09	6.46	-10.03	2294.29	10567.63	8273.34	18840.97	71504.04	3.21	26.35	13.73	51	日跌幅偏离值达到7的前5只证券	20210129	星期五
9	000762	西藏矿业	1家机构卖出，成功率54.52	16.46	-10.01	4736.89	18776.58	14039.69	32816.27	92563.00	5.12	35.45	10.35	86	日跌幅偏离值达到7的前5只证券	20210129	星期五
10	000812	陕西金叶	实力游资卖出，成功率28.05	3.60	-5.26	-253.74	3812.56	4066.30	7878.86	55896.81	-0.45	14.10	21.29	24	日振幅值达到15的前5只证券	20210129	星期五
11	000812	陕西金叶	实力游资卖出，成功率28.05	3.60	-5.26	-253.74	3812.56	4066.30	7878.86	55896.81	-0.45	14.10	21.29	24	日换手率达到20的前5只证券	20210129	星期五
12	000862	银星能源	实力游资买入，成功率39.68	4.39	10.03	4039.99	7382.09	3342.10	10724.19	33825.51	11.94	31.70	15.50	22	日涨幅偏离值达到7的前5只证券	20210129	星期五
13	000936	华西股份	实力游资卖出，成功率33.67	6.51	-9.96	-4531.60	2691.17	7222.76	9913.93	21527.41	-21.05	46.05	3.66	58	日跌幅偏离值达到7的前5只证券	20210129	星期五
14	000996	中国中期	买一主买，成功率52.29	8.99	10.04	343.88	459.31	115.43	574.75	459.31	74.87	125.13	0.15	31	日涨幅偏离值达到7的前5只证券	20210129	星期五
15	000996	中国中期	买一主买，成功率56.42	8.99	10.04	812.39	1061.65	249.26	1310.91	1061.65	76.52	123.48	0.15	31	连续三个交易日内，涨幅偏离值累计达到20的证券	20210129	星期五
16	002017	东信和平	1家机构卖出，成功率32.79	9.61	-10.02	-725.72	1252.84	1978.57	3231.41	25518.52	-2.84	12.66	5.71	43	日跌幅偏离值达到7的前5只证券	20210129	星期五
17	002164	宁波东力	买一主买，成功率36.84	8.15	9.99	-407.38	5737.54	6144.92	11882.46	56336.07	-0.72	21.09	15.53	37	日涨幅偏离值达到7的前5只证券	20210129	星期五
18	002256	*ST兆新	1家机构买入，成功率34.19	1.37	5.38	-108.53	1505.45	1613.98	3119.43	12555.55	-0.86	24.85	4.03	19	连续三个交易日内，涨幅偏离值累计达到12的ST证券、*ST证券	20210129	星期五
19	002331	皖通科技	卖一主卖，成功率4.44	13.46	-9.97	-3488.91	12410.43	15899.34	28309.78	38987.22	-8.95	72.61	7.52	52	日跌幅偏离值达到7的前5只证券	20210129	星期五
20	002351	漫步者	实力游资买入，成功率45.06	12.57	9.97	4339.85	10146.37	5806.53	15952.90	50477.54	8.60	31.60	8.32	62	日涨幅偏离值达到7的前5只证券	20210129	星期五
21	002356	*ST赫美	实力游资买入，成功率45.11	1.10	4.76	499.69	798.59	298.90	1097.48	1903.26	26.25	57.66	1.42	6	连续三个交易日内，涨幅偏离值累计达到12的ST证券、*ST证券	20210129	星期五
22	002400	省广集团	1家机构卖出，成功率31.36	4.44	-9.94	-4975.53	3357.94	8333.46	11691.40	46320.41	-10.74	25.24	6.21	74	日跌幅偏离值达到7的前5只证券	20210129	星期五
23	002553	南方轴承	主力做T，成功率28.45	13.07	5.74	-845.91	4261.86	5107.77	9369.62	69839.06	-1.21	13.42	23.37	31	日振幅值达到15的前5只证券	20210129	星期五
24	002553	南方轴承	主力做T，成功率28.45	13.07	5.74	-845.91	4261.86	5107.77	9369.62	69839.06	-1.21	13.42	23.37	31	日换手率达到20的前5只证券	20210129	星期五
25	002575	*ST群兴	买一主买，成功率36.67	4.12	4.57	265.31	1816.89	1551.59	3368.48	4633.74	5.73	72.69	0.99	24	连续三个交易日内，涨幅偏离值累计达到12的ST证券、*ST证券	20210129	星期五
26	002645	华宏科技	上海资金卖出，成功率39.63	10.01	-9.98	-2588.51	7418.94	10007.45	17426.38	48271.08	-5.36	36.10	10.66	43	日跌幅偏离值达到7的前5只证券	20210129	星期五
27	002648	卫星石化	2家机构买入，成功率39.42	35.18	10.01	4635.86	22777.69	18141.83	40919.51	85593.83	5.42	47.81	2.30	374	日涨幅偏离值达到7的前5只证券	20210129	星期五
28	002656	ST摩登	实力游资买入，成功率42.16	1.37	1.48	-274.84	523.36	798.20	1321.57	3928.99	-7.00	33.64	2.71	8	连续三个交易日内，涨幅偏离值累计达到12的ST证券、*ST证券	20210129	星期五
29	002719	*ST麦趣	买一主买，成功率46.67	7.89	1.81	504.71	1366.41	861.70	2228.11	6515.41	7.75	34.20	1.85	13	连续三个交易日内，涨幅偏离值累计达到12的ST证券、*ST证券	20210129	星期五
30	002782	可立克	买一主买，成功率51.34	14.66	9.98	3824.39	5014.95	1190.56	6205.50	29987.85	12.75	20.69	4.89	62	日涨幅偏离值达到7的前5只证券	20210129	星期五
31	002915	中欣氟材	买一主买，成功率52.56	16.39	10.00	2457.45	3265.76	808.31	4074.08	7186.74	34.19	56.69	4.94	15	日涨幅偏离值达到7的前5只证券	20210129	星期五
32	003018	金富科技	实力游资卖出，成功率46.74	13.52	-9.99	-4575.53	1705.18	6280.71	7985.88	28411.91	-16.10	28.11	30.67	9	日振幅值达到15的前5只证券	20210129	星期五
33	003018	金富科技	实力游资卖出，成功率46.74	13.52	-9.99	-4575.53	1705.18	6280.71	7985.88	28411.91	-16.10	28.11	30.67	9	日跌幅偏离值达到7的前5只证券	20210129	星期五
34	003018	金富科技	实力游资卖出，成功率46.74	13.52	-9.99	-4575.53	1705.18	6280.71	7985.88	28411.91	-16.10	28.11	30.67	9	日换手率达到20的前5只证券	20210129	星期五
35	003026	中晶科技	西藏自治区资金卖出，成功率37.51	82.19	-2.39	3808.93	6810.25	3001.32	9811.56	42078.25	9.05	23.32	20.38	21	日换手率达到20的前5只证券	20210129	星期五
36	003031	中瓷电子	西藏自治区资金卖出，成功率28.68	66.00	-8.54	-790.19	7411.04	8201.23	15612.27	107426.57	-0.74	14.53	41.01	18	连续三个交易日内，跌幅偏离值累计达到20的证券	20210129	星期五
37	003031	中瓷电子	西藏自治区资金卖出，成功率26.56	66.00	-8.54	439.38	6194.37	5755.00	11949.37	72934.45	0.60	16.38	41.01	18	日换手率达到20的前5只证券	20210129	星期五
38	003032	传智教育	3家机构买入，成功率39.03	22.33	5.08	3424.36	5946.61	2522.25	8468.86	31690.08	10.81	26.72	36.47	9	日换手率达到20的前5只证券	20210129	星期五
39	300211	亿通科技	主力做T，成功率16.77	8.27	15.66	-160.70	1051.77	1212.47	2264.23	11086.71	-1.45	20.42	4.73	25	日涨幅达到15的前5只证券	20210129	星期五
40	300313	天山生物	1家机构卖出，成功率28.83	14.95	-16.01	1850.13	3720.71	1870.58	5591.28	30003.27	6.17	18.64	10.56	28	日跌幅达到15的前5只证券	20210129	星期五
41	300437	清水源	卖一主卖，成功率50.00	7.31	-16.55	-1005.95	804.47	1810.42	2614.90	8918.57	-11.28	29.32	8.80	10	日跌幅达到15的前5只证券	20210129	星期五
42	300571	平治信息	4家机构卖出，成功率28.36	32.12	-17.32	-6785.20	2575.76	9360.96	11936.72	21346.51	-31.79	55.92	6.61	31	日跌幅达到15的前5只证券	20210129	星期五
43	300603	立昂技术	主力做T，成功率39.41	8.57	-16.14	1133.01	2598.35	1465.35	4063.70	15623.97	7.25	26.01	7.73	20	日跌幅达到15的前5只证券	20210129	星期五
44	300671	富满电子	1家机构卖出，成功率22.83	33.95	-15.94	529.29	4015.45	3486.17	7501.62	47508.40	1.11	15.79	8.69	53	日跌幅达到15的前5只证券	20210129	星期五
45	300882	万胜智能	2家机构买入，成功率42.24	28.09	19.99	2678.81	5048.72	2369.91	7418.63	27329.12	9.80	27.15	27.45	10	日涨幅达到15的前5只证券	20210129	星期五
46	300906	日月明	买一主买，成功率29.21	53.28	6.01	-2842.86	3222.34	6065.21	9287.55	44947.60	-6.32	20.66	42.81	11	日换手率达到30的前5只证券	20210129	星期五
47	300930	屹通新材	西藏自治区资金买入，成功率38.12	28.23	3.67	-48.61	1592.84	1641.45	3234.29	25022.07	-0.19	12.93	38.43	7	日换手率达到30的前5只证券	20210129	星期五
48	300931	通用电梯	实力游资买入，成功率33.55	13.22	8.45	-189.33	1867.79	2057.12	3924.91	31158.97	-0.61	12.60	42.89	8	日换手率达到30的前5只证券	20210129	星期五
49	300932	三友联众	主力做T，成功率34.55	47.66	7.51	937.96	6017.14	5079.18	11096.31	64036.50	1.46	17.33	46.30	14	日换手率达到30的前5只证券	20210129	星期五
50	300933	中辰股份	1家机构买入，成功率41.76	13.61	20.02	3866.26	8785.82	4919.56	13705.37	61330.62	6.30	22.35	58.51	12	日涨幅达到15的前5只证券	20210129	星期五
51	300933	中辰股份	1家机构买入，成功率41.76	13.61	20.02	3866.26	8785.82	4919.56	13705.37	61330.62	6.30	22.35	58.51	12	日换手率达到30的前5只证券	20210129	星期五
52	600086	退市金钰	卖一主卖，成功率25.48	0.41	-8.89	-0.03	2.27	2.30	4.57	2.30	-1.43	198.57	0.01	4	退市整理的证券	20210129	星期五
53	600242	*ST中昌	浙江资金买入，成功率49.78	2.33	4.96	120.39	1094.09	973.70	2067.80	5351.66	2.25	38.64	1.46	11	ST、*ST和S证券连续三个交易日内收盘价格涨幅偏离值累计达到15的证券	20210129	星期五
54	600293	三峡新材	卖一主卖，成功率21.60	2.23	-10.08	-112.86	334.23	447.08	781.31	3928.79	-2.87	19.89	1.51	26	有价格涨跌幅限制的日收盘价格跌幅偏离值达到7的前三只证券	20210129	星期五
55	600576	祥源文化	实力游资买入，成功率37.20	4.69	10.09	-100.02	3231.66	3331.68	6563.34	31474.71	-0.32	20.85	10.93	29	有价格涨跌幅限制的日收盘价格涨幅偏离值达到7的前三只证券	20210129	星期五
56	600576	祥源文化	实力游资买入，成功率41.56	4.69	10.09	696.87	4032.34	3335.47	7367.81	33407.31	2.09	22.05	10.93	29	非ST、*ST和S证券连续三个交易日内收盘价格涨幅偏离值累计达到20的证券	20210129	星期五
57	600609	金杯汽车	实力游资卖出，成功率52.96	4.02	-10.07	-346.65	2632.66	2979.31	5611.97	16110.59	-2.15	34.83	3.62	44	有价格涨跌幅限制的日收盘价格跌幅偏离值达到7的前三只证券	20210129	星期五
58	600687	退市刚泰	实力游资卖出，成功率74.36	0.32	-5.88	75.58	220.55	144.97	365.52	452.60	16.70	80.76	0.93	5	退市整理的证券	20210129	星期五
59	600715	文投控股	实力游资买入，成功率36.33	2.37	10.23	639.69	1263.25	623.57	1886.82	4944.58	12.94	38.16	1.18	44	有价格涨跌幅限制的日收盘价格涨幅偏离值达到7的前三只证券	20210129	星期五
60	600792	云煤能源	卖一主卖，成功率34.49	3.56	-10.10	-2204.49	1750.24	3954.73	5704.97	17007.76	-12.96	33.54	4.72	35	有价格涨跌幅限制的日收盘价格跌幅偏离值达到7的前三只证券	20210129	星期五
61	600869	远东股份	实力游资卖出，成功率35.21	3.51	-6.65	-1268.35	4341.57	5609.92	9951.49	48326.61	-2.62	20.59	5.49	78	有价格涨跌幅限制的日价格振幅达到15的前三只证券	20210129	星期五
62	601619	嘉泽新能	1家机构卖出，成功率32.84	4.03	-10.04	-4993.76	5807.21	10800.97	16608.17	122307.95	-4.08	13.58	12.83	84	有价格涨跌幅限制的日价格振幅达到15的前三只证券	20210129	星期五
63	603016	新宏泰	买一主买，成功率39.97	22.69	9.99	-326.07	2709.31	3035.38	5744.69	11147.71	-2.92	51.53	1.59	34	非ST、*ST和S证券连续三个交易日内收盘价格涨幅偏离值累计达到20的证券	20210129	星期五
64	603032	德新交运	实力游资卖出，成功率23.78	7.95	-7.56	752.63	1237.02	484.38	1721.40	8497.32	8.86	20.26	6.09	13	非ST、*ST和S证券连续三个交易日内收盘价格跌幅偏离值累计达到20的证券	20210129	星期五
65	603136	天目湖	1家机构买入，成功率45.67	25.07	10.00	1486.03	3250.18	1764.15	5014.33	13304.77	11.17	37.69	2.33	29	非ST、*ST和S证券连续三个交易日内收盘价格涨幅偏离值累计达到20的证券	20210129	星期五
66	603258	电魂网络	买一主买，成功率37.71	35.11	5.09	-3757.05	10195.34	13952.39	24147.73	125205.75	-3.00	19.29	6.44	85	非ST、*ST和S证券连续三个交易日内收盘价格涨幅偏离值累计达到20的证券	20210129	星期五
67	603299	苏盐井神	实力游资买入，成功率44.79	7.87	10.07	2498.19	3344.97	846.79	4191.76	15190.15	16.45	27.60	3.53	44	有价格涨跌幅限制的日收盘价格涨幅偏离值达到7的前三只证券	20210129	星期五
68	605055	N迎丰	买一主买，成功率65.67	6.94	43.98	1203.62	1244.68	41.06	1285.74	1244.68	96.70	103.30	2.25	6	当日无价格涨跌幅限制的A股，出现异常波动停牌的	20210129	星期五
69	605055	N迎丰	买一主买，成功率65.67	6.94	43.98	1203.62	1244.68	41.06	1285.74	1244.68	96.70	103.30	2.25	6	无价格涨跌幅限制的证券	20210129	星期五
70	605155	西大门	江苏资金买入，成功率39.57	29.11	10.02	3361.50	6599.99	3238.48	9838.47	36426.15	9.23	27.01	56.27	7	有价格涨跌幅限制的日价格振幅达到15的前三只证券	20210129	星期五
71	605155	西大门	江苏资金买入，成功率39.57	29.11	10.02	3361.50	6599.99	3238.48	9838.47	36426.15	9.23	27.01	56.27	7	有价格涨跌幅限制的日换手率达到20的前三只证券	20210129	星期五
72	605228	神通科技	实力游资卖出，成功率39.61	11.86	-3.50	1591.11	4141.31	2550.20	6691.51	44788.75	3.55	14.94	48.44	9	有价格涨跌幅限制的日换手率达到20的前三只证券	20210129	星期五
73	605368	N蓝天	买一主买，成功率32.37	21.54	43.98	2678.51	4526.17	1847.65	6373.82	57429.42	4.66	11.10	42.16	14	当日无价格涨跌幅限制的A股，出现异常波动停牌的	20210129	星期五
74	605368	N蓝天	买一主买，成功率32.37	21.54	43.98	2678.51	4526.17	1847.65	6373.82	57429.42	4.66	11.10	42.16	14	无价格涨跌幅限制的证券	20210129	星期五
75	605376	博迁新材	实力游资卖出，成功率41.74	42.99	-4.68	4153.42	25555.99	21402.58	46958.57	92041.94	4.51	51.02	33.85	28	有价格涨跌幅限制的日换手率达到20的前三只证券	20210129	星期五
