1	000155	川能动力	1家机构买入，成功率45.39	14.12	9.97	-10278.23	20767.48	31045.72	51813.20	266061.04	-3.86	19.47	15.87	179	日涨幅偏离值达到7的前5只证券	20210120	星期三
2	000301	东方盛虹	2家机构买入，成功率47.43	14.74	6.20	-13968.82	22617.07	36585.90	59202.97	150192.86	-9.30	39.42	6.20	255	日振幅值达到15的前5只证券	20210120	星期三
3	000301	东方盛虹	2家机构买入，成功率48.54	14.74	6.20	-89357.60	64664.02	154021.62	218685.64	452523.56	-19.75	48.33	6.20	255	连续三个交易日内，涨幅偏离值累计达到20的证券	20210120	星期三
4	000584	哈工智能	实力游资卖出，成功率36.67	6.62	-6.63	-751.90	1126.30	1878.20	3004.50	16630.72	-4.52	18.07	4.20	40	日跌幅偏离值达到7的前5只证券	20210120	星期三
5	000612	焦作万方	实力游资买入，成功率41.73	8.12	10.03	4870.41	8462.78	3592.37	12055.14	76469.26	6.37	15.76	8.53	97	日振幅值达到15的前5只证券	20210120	星期三
6	000612	焦作万方	实力游资买入，成功率41.73	8.12	10.03	4870.41	8462.78	3592.37	12055.14	76469.26	6.37	15.76	8.53	97	日涨幅偏离值达到7的前5只证券	20210120	星期三
7	000613	大东海A	实力游资买入，成功率50.71	4.47	10.10	584.23	1920.96	1336.73	3257.70	8606.22	6.79	37.85	7.92	12	日振幅值达到15的前5只证券	20210120	星期三
8	000613	大东海A	实力游资买入，成功率42.71	4.47	10.10	845.02	2444.11	1599.09	4043.21	16181.63	5.22	24.99	7.92	12	连续三个交易日内，涨幅偏离值累计达到20的证券	20210120	星期三
9	000615	奥园美谷	2家机构买入，成功率36.77	11.13	9.98	5667.98	10670.20	5002.21	15672.41	50799.21	11.16	30.85	6.14	86	日涨幅偏离值达到7的前5只证券	20210120	星期三
10	000667	美好置业	卖一主卖，成功率50.00	2.49	-10.11	-1769.32	192.28	1961.60	2153.87	1961.60	-90.20	109.80	0.32	61	日跌幅偏离值达到7的前5只证券	20210120	星期三
11	000667	美好置业	卖一主卖，成功率46.22	2.49	-10.11	-3896.40	459.66	4356.06	4815.71	4631.35	-84.13	103.98	0.32	61	连续三个交易日内，跌幅偏离值累计达到20的证券	20210120	星期三
12	000780	*ST平能	1家机构买入，成功率18.69	4.18	5.03	-1004.29	4924.02	5928.30	10852.32	23516.72	-4.27	46.15	1.74	42	连续三个交易日内，涨幅偏离值累计达到12的ST证券、*ST证券和未完成股改证券	20210120	星期三
13	000795	英洛华	实力游资买入，成功率37.56	5.79	10.08	5441.89	8605.41	3163.52	11768.94	33118.77	16.43	35.54	5.29	65	日涨幅偏离值达到7的前5只证券	20210120	星期三
14	000831	五矿稀土	买一主买，成功率36.74	16.04	10.01	12832.42	17937.17	5104.76	23041.93	118698.10	10.81	19.41	7.76	157	日涨幅偏离值达到7的前5只证券	20210120	星期三
15	000918	嘉凯城	卖一主卖，成功率61.97	4.75	-4.43	-2184.30	1442.89	3627.19	5070.07	24790.93	-8.81	20.45	2.79	86	日振幅值达到15的前5只证券	20210120	星期三
16	001896	豫能控股	实力游资卖出，成功率28.28	8.52	-10.03	-6859.95	10456.93	17316.87	27773.80	166171.74	-4.13	16.71	16.45	98	日振幅值达到15的前5只证券	20210120	星期三
17	001896	豫能控股	实力游资卖出，成功率28.28	8.52	-10.03	-6859.95	10456.93	17316.87	27773.80	166171.74	-4.13	16.71	16.45	98	日跌幅偏离值达到7的前5只证券	20210120	星期三
18	002083	孚日股份	卖一主卖，成功率38.38	3.96	-9.79	-1166.06	1105.91	2271.97	3377.88	19109.42	-6.10	17.68	5.46	35	日跌幅偏离值达到7的前5只证券	20210120	星期三
19	002172	澳洋健康	主力做T，成功率44.33	3.55	9.91	-1702.45	6702.44	8404.89	15107.33	45354.02	-3.75	33.31	17.10	27	日涨幅偏离值达到7的前5只证券	20210120	星期三
20	002176	*ST江特	1家机构买入，成功率43.05	5.80	5.07	4300.62	11490.82	7190.19	18681.01	74384.55	5.78	25.11	5.53	99	连续三个交易日内，涨幅偏离值累计达到12的ST证券、*ST证券	20210120	星期三
21	002180	纳思达	1家机构买入，成功率50.78	28.75	6.32	21190.79	31733.08	10542.29	42275.37	94019.91	22.54	44.96	3.36	289	日振幅值达到15的前5只证券	20210120	星期三
22	002191	劲嘉股份	1家机构卖出，成功率45.31	9.96	-7.69	-7567.28	7031.40	14598.67	21630.07	74436.71	-10.17	29.06	5.08	146	日跌幅偏离值达到7的前5只证券	20210120	星期三
23	002263	大东南	1家机构买入，成功率48.78	3.87	9.94	8093.60	13273.25	5179.65	18452.89	112960.22	7.17	16.34	16.20	73	日涨幅偏离值达到7的前5只证券	20210120	星期三
24	002269	美邦服饰	买一主买，成功率47.02	1.57	9.79	822.81	3984.45	3161.64	7146.10	16344.21	5.03	43.72	1.30	39	连续三个交易日内，涨幅偏离值累计达到20的证券	20210120	星期三
25	002289	ST宇顺	买一主买，成功率45.24	7.71	5.04	521.25	1137.04	615.79	1752.82	2774.39	18.79	63.18	0.44	20	连续三个交易日内，涨幅偏离值累计达到12的ST证券、*ST证券	20210120	星期三
26	002305	南国置业	实力游资买入，成功率40.90	3.10	9.93	-1800.76	6184.28	7985.04	14169.31	83662.54	-2.15	16.94	15.91	54	日涨幅偏离值达到7的前5只证券	20210120	星期三
27	002370	亚太药业	主力做T，成功率38.08	4.95	10.00	-151.14	3485.14	3636.27	7121.41	31731.81	-0.48	22.44	6.89	23	连续三个交易日内，涨幅偏离值累计达到20的证券	20210120	星期三
28	002407	多氟多	1家机构买入，成功率48.59	23.99	7.87	12619.56	66775.04	54155.48	120930.52	642450.92	1.96	18.82	15.42	139	连续三个交易日内，涨幅偏离值累计达到20的证券	20210120	星期三
29	002416	爱施德	买一主买，成功率60.08	14.10	4.83	21455.91	45240.73	23784.81	69025.54	244919.19	8.76	28.18	14.80	172	日振幅值达到15的前5只证券	20210120	星期三
30	002510	天汽模	实力游资买入，成功率44.89	4.86	9.95	1363.91	5154.73	3790.82	8945.54	50661.85	2.69	17.66	11.42	45	日涨幅偏离值达到7的前5只证券	20210120	星期三
31	002553	南方轴承	买一主买，成功率24.58	12.34	5.56	-213.64	6213.39	6427.03	12640.41	71729.05	-0.30	17.62	25.46	29	日换手率达到20的前5只证券	20210120	星期三
32	002626	金达威	实力游资卖出，成功率33.36	30.24	-8.78	-2608.54	4679.52	7288.06	11967.57	66755.29	-3.91	17.93	3.53	186	日跌幅偏离值达到7的前5只证券	20210120	星期三
33	002633	申科股份	1家机构卖出，成功率62.00	6.64	-3.77	-2009.44	1411.47	3420.91	4832.38	12519.35	-16.05	38.60	3.37	10	连续三个交易日内，跌幅偏离值累计达到20的证券	20210120	星期三
34	002638	*ST勤上	广东资金买入，成功率65.76	1.67	5.03	2428.18	3832.47	1404.29	5236.76	8467.82	28.68	61.84	2.25	16	连续三个交易日内，涨幅偏离值累计达到12的ST证券、*ST证券	20210120	星期三
35	002740	爱迪尔	主力做T，成功率49.42	5.69	10.06	1119.63	2945.29	1825.66	4770.94	15952.45	7.02	29.91	7.75	14	连续三个交易日内，涨幅偏离值累计达到20的证券	20210120	星期三
36	002756	永兴材料	1家机构买入，成功率49.68	62.00	10.01	6611.35	17566.03	10954.68	28520.71	87599.61	7.55	32.56	5.85	156	日涨幅偏离值达到7的前5只证券	20210120	星期三
37	002805	丰元股份	1家机构买入，成功率44.58	17.57	10.02	1654.93	4296.75	2641.82	6938.58	36042.91	4.59	19.25	21.51	17	日换手率达到20的前5只证券	20210120	星期三
38	002813	路畅科技	实力游资卖出，成功率32.93	34.43	-7.99	-1816.01	6450.19	8266.21	14716.40	80149.78	-2.27	18.36	62.56	12	日振幅值达到15的前5只证券	20210120	星期三
39	002813	路畅科技	实力游资卖出，成功率32.93	34.43	-7.99	-1816.01	6450.19	8266.21	14716.40	80149.78	-2.27	18.36	62.56	12	日跌幅偏离值达到7的前5只证券	20210120	星期三
40	002813	路畅科技	实力游资卖出，成功率32.93	34.43	-7.99	-1816.01	6450.19	8266.21	14716.40	80149.78	-2.27	18.36	62.56	12	日换手率达到20的前5只证券	20210120	星期三
41	002906	华阳集团	实力游资买入，成功率50.20	32.42	10.01	6192.22	10599.48	4407.27	15006.75	24129.79	25.66	62.19	1.10	152	连续三个交易日内，涨幅偏离值累计达到20的证券	20210120	星期三
42	003026	中晶科技	1家机构卖出，成功率35.22	101.36	-6.60	759.06	7726.67	6967.61	14694.28	84013.08	0.90	17.49	33.05	25	日跌幅偏离值达到7的前5只证券	20210120	星期三
43	003026	中晶科技	1家机构卖出，成功率35.22	101.36	-6.60	759.06	7726.67	6967.61	14694.28	84013.08	0.90	17.49	33.05	25	日换手率达到20的前5只证券	20210120	星期三
44	003030	祖名股份	浙江资金买入，成功率55.20	36.70	2.51	318.38	2531.08	2212.70	4743.78	29347.86	1.08	16.16	26.38	11	日换手率达到20的前5只证券	20210120	星期三
45	300169	天晟新材	买一主买，成功率44.44	7.54	20.06	25.43	3467.28	3441.85	6909.13	26988.90	0.09	25.60	13.90	20	日涨幅达到15的前5只证券	20210120	星期三
46	300169	天晟新材	主力做T，成功率41.85	7.54	20.06	499.24	4251.55	3752.32	8003.87	36057.03	1.38	22.20	13.90	20	连续三个交易日内，涨幅偏离值累计达到30的证券	20210120	星期三
47	300337	银邦股份	买一主买，成功率40.58	5.83	19.96	5691.39	8087.62	2396.23	10483.85	46579.19	12.22	22.51	11.73	41	日涨幅达到15的前5只证券	20210120	星期三
48	300507	苏奥传感	实力游资买入，成功率42.76	12.01	19.98	2036.82	3907.53	1870.70	5778.23	13229.26	15.40	43.68	6.00	23	日涨幅达到15的前5只证券	20210120	星期三
49	300595	欧普康视	2家机构买入，成功率41.86	104.14	20.00	2645.22	21059.04	18413.82	39472.86	83936.17	3.15	47.03	1.88	455	日涨幅达到15的前5只证券	20210120	星期三
50	300641	正丹股份	实力游资买入，成功率34.13	7.66	20.06	794.53	4623.72	3829.18	8452.90	56796.37	1.40	14.88	16.58	38	日涨幅达到15的前5只证券	20210120	星期三
51	300906	日月明	实力游资卖出，成功率28.00	63.25	-1.60	-3603.65	4107.62	7711.27	11818.89	80533.38	-4.47	14.68	62.35	13	日换手率达到30的前5只证券	20210120	星期三
52	300912	凯龙高科	实力游资卖出，成功率31.53	39.49	-1.81	-5617.88	2674.20	8292.07	10966.27	56535.46	-9.94	19.40	49.44	10	日换手率达到30的前5只证券	20210120	星期三
53	300925	法本信息	1家机构卖出，成功率51.22	58.31	-3.11	-4332.39	3923.21	8255.60	12178.81	58222.16	-7.44	20.92	32.74	18	日换手率达到30的前5只证券	20210120	星期三
54	300926	博俊科技	2家机构买入，成功率42.85	30.14	4.22	40.43	3551.82	3511.39	7063.21	39868.63	0.10	17.72	40.34	10	日换手率达到30的前5只证券	20210120	星期三
55	300927	江天化学	1家机构卖出，成功率45.83	39.93	-2.51	-2417.69	2012.81	4430.50	6443.31	27680.54	-8.73	23.28	36.55	8	日换手率达到30的前5只证券	20210120	星期三
56	300929	华骐环保	买一主买，成功率26.01	47.59	243.11	3971.49	6854.44	2882.95	9737.39	68003.75	5.84	14.32	79.52	9	无价格涨跌幅限制的证券	20210120	星期三
57	300935	盈建科	3家机构买入，成功率62.91	164.50	188.80	19265.83	22404.61	3138.79	25543.40	139338.73	13.83	18.33	65.75	23	无价格涨跌幅限制的证券	20210120	星期三
58	600228	ST昌九	浙江资金卖出，成功率63.33	9.15	-4.98	-67.44	2503.17	2570.61	5073.78	9776.70	-0.69	51.90	4.03	22	ST、*ST和S证券连续三个交易日内收盘价格跌幅偏离值累计达到15的证券	20210120	星期三
59	600237	铜峰电子	实力游资买入，成功率44.08	5.68	10.08	1736.62	4098.97	2362.34	6461.31	32153.96	5.40	20.09	10.19	32	有价格涨跌幅限制的日收盘价格涨幅偏离值达到7的前三只证券	20210120	星期三
60	600239	云南城投	实力游资卖出，成功率40.10	2.83	-1.05	422.94	1839.14	1416.20	3255.35	30649.54	1.38	10.62	6.83	45	有价格涨跌幅限制的日价格振幅达到15的前三只证券	20210120	星期三
61	600319	ST亚星	卖一主卖，成功率47.22	6.54	-4.94	-281.38	229.39	510.77	740.15	510.77	-55.09	144.91	0.04	21	ST、*ST和S证券连续三个交易日内收盘价格跌幅偏离值累计达到15的证券	20210120	星期三
62	600468	百利电气	实力游资买入，成功率42.35	4.66	9.91	2429.21	3653.67	1224.46	4878.13	11201.00	21.69	43.55	1.22	52	非ST、*ST和S证券连续三个交易日内收盘价格涨幅偏离值累计达到20的证券	20210120	星期三
63	600687	退市刚泰	实力游资买入，成功率69.67	0.24	0.00	-23.66	111.74	135.40	247.14	292.20	-8.10	84.58	0.83	4	退市整理的证券	20210120	星期三
64	600793	宜宾纸业	实力游资卖出，成功率26.15	19.70	-7.34	-926.65	2862.21	3788.86	6651.06	65006.46	-1.43	10.23	18.35	35	有价格涨跌幅限制的日收盘价格跌幅偏离值达到7的前三只证券	20210120	星期三
65	601015	陕西黑猫	1家机构买入，成功率52.79	5.45	10.10	1801.77	6270.33	4468.56	10738.88	36552.68	4.93	29.38	4.18	89	有价格涨跌幅限制的日收盘价格涨幅偏离值达到7的前三只证券	20210120	星期三
66	603058	永吉股份	买一主买，成功率56.17	8.15	9.99	578.20	2103.29	1525.09	3628.37	8265.85	7.00	43.90	1.43	34	非ST、*ST和S证券连续三个交易日内收盘价格涨幅偏离值累计达到20的证券	20210120	星期三
67	603377	东方时尚	2家机构买入，成功率57.24	15.38	6.00	5493.78	22493.74	16999.96	39493.70	64937.50	8.46	60.82	7.89	94	有价格涨跌幅限制的日价格振幅达到15的前三只证券	20210120	星期三
68	603499	翔港科技	实力游资买入，成功率31.14	9.05	9.96	1315.39	2079.64	764.25	2843.89	2565.97	51.26	110.83	0.46	18	非ST、*ST和S证券连续三个交易日内收盘价格涨幅偏离值累计达到20的证券	20210120	星期三
69	603500	祥和实业	买一主买，成功率50.67	16.16	10.01	2172.11	4152.62	1980.50	6133.12	14746.32	14.73	41.59	3.36	29	非ST、*ST和S证券连续三个交易日内收盘价格涨幅偏离值累计达到20的证券	20210120	星期三
70	603863	松炀资源	实力游资卖出，成功率35.90	11.26	-8.46	-2115.02	2306.10	4421.12	6727.22	25675.98	-8.24	26.20	20.10	12	有价格涨跌幅限制的日收盘价格跌幅偏离值达到7的前三只证券	20210120	星期三
71	603863	松炀资源	实力游资卖出，成功率35.90	11.26	-8.46	-2115.02	2306.10	4421.12	6727.22	25675.98	-8.24	26.20	20.10	12	有价格涨跌幅限制的日换手率达到20的前三只证券	20210120	星期三
72	603919	金徽酒	买一主买，成功率31.26	36.16	10.01	6255.55	10347.52	4091.97	14439.48	45413.51	13.77	31.80	2.74	178	有价格涨跌幅限制的日价格振幅达到15的前三只证券	20210120	星期三
73	605151	西上海	实力游资买入，成功率40.05	20.47	9.99	2258.71	3327.88	1069.17	4397.05	15527.86	14.55	28.32	23.22	7	有价格涨跌幅限制的日换手率达到20的前三只证券	20210120	星期三
74	605228	N神通	买一主买，成功率43.58	8.48	43.97	542.77	575.08	32.31	607.39	575.08	94.38	105.62	0.85	7	无价格涨跌幅限制的证券	20210120	星期三
75	605228	N神通	买一主买，成功率43.58	8.48	43.97	542.77	575.08	32.31	607.39	575.08	94.38	105.62	0.85	7	当日无价格涨跌幅限制的A股，出现异常波动停牌的	20210120	星期三
76	605333	沪光股份	实力游资买入，成功率42.78	15.46	10.04	2261.96	2612.91	350.94	2963.85	3945.47	57.33	75.12	6.52	6	有价格涨跌幅限制的日收盘价格涨幅偏离值达到7的前三只证券	20210120	星期三
77	688339	亿华通	上海资金买入，成功率42.71	269.90	17.43	5271.51	10454.99	5183.48	15638.47	34313.59	15.36	45.58	8.80	41	有价格涨跌幅限制的日收盘价格涨幅达到15的前五只证券	20210120	星期三
78	900957	凌云B股	买一主买，成功率48.70	0.66	9.39	59.25	119.88	60.63	180.50	294.36	20.13	61.32	2.42	1	有价格涨跌幅限制的日收盘价格涨幅偏离值达到7的前三只证券	20210120	星期三
