1	000007	全新好	广东资金卖出，成功率12.62	5.08	-9.93	-1467.58	1380.79	2848.36	4229.15	12151.03	-12.08	34.80	7.67	16	日跌幅偏离值达到7的前5只证券	20210106	星期三
2	000301	东方盛虹	3家机构买入，成功率50.45	10.79	9.99	5866.07	17057.81	11191.75	28249.56	48030.36	12.21	58.82	3.66	136	日涨幅偏离值达到7的前5只证券	20210106	星期三
3	000516	国际医学	1家机构卖出，成功率58.54	10.97	-10.01	-27618.13	12691.47	40309.59	53001.06	131973.37	-20.93	40.16	6.05	212	日跌幅偏离值达到7的前5只证券	20210106	星期三
4	000521	长虹美菱	西藏自治区资金买入，成功率40.69	6.15	10.02	277.37	7332.30	7054.93	14387.23	117732.40	0.24	12.22	23.03	54	日涨幅偏离值达到7的前5只证券	20210106	星期三
5	000521	长虹美菱	西藏自治区资金买入，成功率40.69	6.15	10.02	277.37	7332.30	7054.93	14387.23	117732.40	0.24	12.22	23.03	54	日换手率达到20的前5只证券	20210106	星期三
6	000591	太阳能	1家机构买入，成功率43.38	8.28	5.08	-7332.65	48217.04	55549.69	103766.73	441068.91	-1.66	23.53	26.82	169	日换手率达到20的前5只证券	20210106	星期三
7	000611	ST天首	江苏资金卖出，成功率20.00	2.61	-4.74	-363.77	326.66	690.43	1017.10	1697.25	-21.43	59.93	0.94	8	连续三个交易日内，跌幅偏离值累计达到12的ST证券、*ST证券和未完成股改证券	20210106	星期三
8	000695	滨海能源	湖南资金卖出，成功率48.89	6.00	-4.76	-394.92	3011.08	3406.00	6417.08	17425.55	-2.27	36.83	3.48	13	连续三个交易日内，跌幅偏离值累计达到20的证券	20210106	星期三
9	000713	丰乐种业	1家机构卖出，成功率37.05	16.41	-2.61	-1655.99	11366.86	13022.85	24389.71	146117.01	-1.13	16.69	21.90	66	日换手率达到20的前5只证券	20210106	星期三
10	000767	晋控电力	上海资金买入，成功率46.63	4.16	10.05	821.44	11260.82	10439.39	21700.21	91076.79	0.90	23.83	8.61	121	日振幅值达到15的前5只证券	20210106	星期三
11	000767	晋控电力	上海资金买入，成功率46.63	4.16	10.05	821.44	11260.82	10439.39	21700.21	91076.79	0.90	23.83	8.61	121	日涨幅偏离值达到7的前5只证券	20210106	星期三
12	000796	凯撒旅业	实力游资卖出，成功率32.67	11.60	-7.79	-848.02	1884.39	2732.41	4616.79	17965.22	-4.72	25.70	1.89	93	日跌幅偏离值达到7的前5只证券	20210106	星期三
13	000798	中水渔业	1家机构卖出，成功率31.39	12.56	-9.96	-2574.98	4525.47	7100.45	11625.92	71749.54	-3.59	16.20	16.92	40	日振幅值达到15的前5只证券	20210106	星期三
14	000798	中水渔业	1家机构卖出，成功率31.39	12.56	-9.96	-2574.98	4525.47	7100.45	11625.92	71749.54	-3.59	16.20	16.92	40	日跌幅偏离值达到7的前5只证券	20210106	星期三
15	000802	北京文化	买一主买，成功率56.02	4.88	2.74	3280.83	5840.39	2559.56	8399.96	27648.49	11.87	30.38	8.19	35	日振幅值达到15的前5只证券	20210106	星期三
16	000868	ST安凯	实力游资卖出，成功率35.67	3.74	-4.10	-1053.13	1779.62	2832.74	4612.36	19196.94	-5.49	24.03	2.06	26	连续三个交易日内，跌幅偏离值累计达到12的ST证券、*ST证券和未完成股改证券	20210106	星期三
17	000877	天山股份	主力做T，成功率46.58	17.04	10.01	2912.47	12615.37	9702.90	22318.26	116027.17	2.51	19.24	7.92	150	日涨幅偏离值达到7的前5只证券	20210106	星期三
18	000899	赣能股份	1家机构买入，成功率42.76	7.05	0.28	-175.71	3491.50	3667.20	7158.70	45997.74	-0.38	15.56	7.11	69	日振幅值达到15的前5只证券	20210106	星期三
19	000913	钱江摩托	5家机构卖出，成功率47.31	23.10	-7.75	-5950.17	5745.18	11695.35	17440.54	25154.90	-23.65	69.33	2.33	105	日跌幅偏离值达到7的前5只证券	20210106	星期三
20	000927	一汽夏利	实力游资买入，成功率40.79	5.73	9.98	2548.03	4968.88	2420.84	7389.72	24336.70	10.47	30.36	2.84	91	日振幅值达到15的前5只证券	20210106	星期三
21	001914	招商积余	1家机构买入，成功率54.47	22.54	10.00	497.65	9697.58	9199.94	18897.52	32113.43	1.55	58.85	2.17	150	日涨幅偏离值达到7的前5只证券	20210106	星期三
22	002064	华峰化学	3家机构买入，成功率50.20	11.51	10.04	13482.80	20335.45	6852.66	27188.11	44811.14	30.09	60.67	2.71	175	日涨幅偏离值达到7的前5只证券	20210106	星期三
23	002077	*ST大港	1家机构卖出，成功率43.33	6.11	-4.98	-693.36	1033.02	1726.38	2759.41	16017.71	-4.33	17.23	2.10	33	连续三个交易日内，跌幅偏离值累计达到12的ST证券、*ST证券	20210106	星期三
24	002144	宏达高科	浙江资金卖出，成功率67.78	9.77	-9.95	-350.16	1027.51	1377.67	2405.18	3304.21	-10.60	72.79	2.42	14	日跌幅偏离值达到7的前5只证券	20210106	星期三
25	002342	巨力索具	北京资金买入，成功率38.80	5.59	10.04	1075.41	12100.21	11024.80	23125.02	137256.29	0.78	16.85	29.33	49	日振幅值达到15的前5只证券	20210106	星期三
26	002342	巨力索具	北京资金买入，成功率38.80	5.59	10.04	1075.41	12100.21	11024.80	23125.02	137256.29	0.78	16.85	29.33	49	日涨幅偏离值达到7的前5只证券	20210106	星期三
27	002342	巨力索具	北京资金买入，成功率38.80	5.59	10.04	1075.41	12100.21	11024.80	23125.02	137256.29	0.78	16.85	29.33	49	日换手率达到20的前5只证券	20210106	星期三
28	002401	中远海科	1家机构卖出，成功率37.34	14.13	-10.00	-3323.53	2557.99	5881.52	8439.51	45718.98	-7.27	18.46	10.57	43	日跌幅偏离值达到7的前5只证券	20210106	星期三
29	002497	雅化集团	买一主买，成功率54.67	28.95	8.96	64123.58	124857.98	60734.40	185592.37	842178.34	7.61	22.04	32.09	264	日换手率达到20的前5只证券	20210106	星期三
30	002504	弘高创意	实力游资卖出，成功率10.32	1.95	-8.88	-925.34	770.62	1695.96	2466.58	9825.23	-9.42	25.10	6.83	8	连续三个交易日内，跌幅偏离值累计达到20的证券	20210106	星期三
31	002505	鹏都农牧	主力做T，成功率47.32	3.24	5.88	7740.27	30233.09	22492.82	52725.91	336171.47	2.30	15.68	13.45	178	连续三个交易日内，涨幅偏离值累计达到20的证券	20210106	星期三
32	002529	*ST海源	实力游资卖出，成功率21.11	6.79	-4.90	2902.38	5894.13	2991.75	8885.89	18358.24	15.81	48.40	3.48	18	连续三个交易日内，跌幅偏离值累计达到12的ST证券、*ST证券	20210106	星期三
33	002552	宝鼎科技	山东资金买入，成功率48.55	14.24	6.35	213.79	902.81	689.02	1591.83	6841.57	3.12	23.27	2.10	33	日振幅值达到15的前5只证券	20210106	星期三
34	002592	ST八菱	1家机构卖出，成功率46.57	3.09	-2.22	-16.42	608.09	624.50	1232.59	3607.30	-0.46	34.17	1.71	8	连续三个交易日内，跌幅偏离值累计达到12的ST证券、*ST证券	20210106	星期三
35	002603	以岭药业	买一主买，成功率51.31	29.15	10.00	19022.13	27221.71	8199.58	35421.28	166577.63	11.42	21.26	5.91	288	日涨幅偏离值达到7的前5只证券	20210106	星期三
36	002625	光启技术	买一主买，成功率53.29	27.26	10.01	3907.76	30515.84	26608.08	57123.92	294913.21	1.33	19.37	7.36	406	日涨幅偏离值达到7的前5只证券	20210106	星期三
37	002703	浙江世宝	上海资金卖出，成功率53.80	5.62	-9.94	-2210.04	2732.86	4942.91	7675.77	27052.93	-8.17	28.37	8.60	31	日跌幅偏离值达到7的前5只证券	20210106	星期三
38	002756	永兴材料	1家机构卖出，成功率46.55	62.41	-2.18	-3142.37	32641.07	35783.44	68424.51	132228.51	-2.38	51.75	8.82	153	日振幅值达到15的前5只证券	20210106	星期三
39	002766	ST索菱	实力游资卖出，成功率42.29	4.09	-3.31	417.08	1356.46	939.39	2295.85	5783.51	7.21	39.70	1.47	12	连续三个交易日内，跌幅偏离值累计达到12的ST证券、*ST证券	20210106	星期三
40	002781	奇信股份	卖一主卖，成功率58.64	10.98	-10.00	-183.15	91.13	274.28	365.41	274.28	-66.77	133.23	0.12	23	日跌幅偏离值达到7的前5只证券	20210106	星期三
41	002813	路畅科技	1家机构卖出，成功率49.27	19.74	-9.99	-544.80	672.59	1217.39	1889.98	10586.28	-5.15	17.85	15.30	7	日跌幅偏离值达到7的前5只证券	20210106	星期三
42	002906	华阳集团	2家机构卖出，成功率50.75	23.49	-8.42	219.30	8282.93	8063.62	16346.55	44017.75	0.50	37.14	1.90	110	连续三个交易日内，跌幅偏离值累计达到20的证券	20210106	星期三
43	002932	明德生物	实力游资买入，成功率43.38	72.25	10.00	2719.28	4686.50	1967.22	6653.72	33026.74	8.23	20.15	15.74	22	日涨幅偏离值达到7的前5只证券	20210106	星期三
44	003009	中天火箭	2家机构买入，成功率39.97	71.40	3.25	-4451.95	4109.74	8561.69	12671.43	84359.69	-5.28	15.02	30.28	28	日换手率达到20的前5只证券	20210106	星期三
45	003022	联泓新科	3家机构买入，成功率56.06	18.78	6.04	4688.96	11842.68	7153.71	18996.39	80070.68	5.86	23.72	28.89	28	日换手率达到20的前5只证券	20210106	星期三
46	003023	彩虹集团	西藏自治区资金买入，成功率35.45	40.00	3.01	-112.91	1452.84	1565.74	3018.58	20461.62	-0.55	14.75	26.25	8	日换手率达到20的前5只证券	20210106	星期三
47	003026	中晶科技	实力游资买入，成功率34.77	62.78	10.01	3356.07	3508.45	152.37	3660.82	6625.34	50.66	55.25	0.43	16	连续三个交易日内，涨幅偏离值累计达到20的证券	20210106	星期三
48	003028	振邦智能	1家机构买入，成功率46.77	55.50	10.01	1199.26	1233.70	34.44	1268.14	1344.70	89.18	94.31	0.30	15	连续三个交易日内，涨幅偏离值累计达到20的证券	20210106	星期三
49	003030	祖名股份	买一主买，成功率56.18	21.86	44.01	396.46	416.13	19.67	435.81	416.13	95.27	104.73	0.61	7	无价格涨跌幅限制的证券	20210106	星期三
50	300064	ST金刚	主力做T，成功率41.93	3.20	-8.57	-30.85	3445.30	3476.15	6921.45	64117.00	-0.05	10.80	28.89	22	日振幅值达到30的前5只证券	20210106	星期三
51	300157	恒泰艾普	1家机构买入，成功率56.30	4.58	19.90	838.20	3385.04	2546.84	5931.89	27607.40	3.04	21.49	8.88	32	日涨幅达到15的前5只证券	20210106	星期三
52	300211	亿通科技	买一主买，成功率42.51	7.90	20.06	981.34	1402.96	421.62	1824.58	2616.00	37.51	69.75	1.11	23	日涨幅达到15的前5只证券	20210106	星期三
53	300581	晨曦航空	1家机构买入，成功率37.49	52.07	20.00	8825.21	16538.53	7713.32	24251.85	152410.77	5.79	15.91	18.08	89	日涨幅达到15的前5只证券	20210106	星期三
54	300752	隆利科技	2家机构买入，成功率44.87	51.24	12.69	4247.07	9987.22	5740.15	15727.37	62607.25	6.78	25.12	37.99	17	日换手率达到30的前5只证券	20210106	星期三
55	300752	隆利科技	2家机构买入，成功率41.97	51.24	12.69	8484.67	18549.50	10064.83	28614.33	148454.68	5.72	19.27	37.99	17	连续三个交易日内，涨幅偏离值累计达到30的证券	20210106	星期三
56	300898	熊猫乳品	主力做T，成功率23.13	59.10	-1.04	-2202.88	6938.12	9140.99	16079.11	90203.64	-2.44	17.83	55.25	16	日换手率达到30的前5只证券	20210106	星期三
57	300917	特发服务	主力做T，成功率22.65	43.21	1.36	-383.50	2417.27	2800.76	5218.03	36971.28	-1.04	14.11	38.89	9	日换手率达到30的前5只证券	20210106	星期三
58	300918	南山智尚	浙江资金买入，成功率32.03	13.49	9.05	-1442.76	2646.54	4089.30	6735.84	47169.36	-3.06	14.28	41.89	12	日换手率达到30的前5只证券	20210106	星期三
59	300922	天秦装备	主力做T，成功率30.20	50.00	4.43	-5067.93	3766.01	8833.94	12599.95	83962.16	-6.04	15.01	64.46	13	日换手率达到30的前5只证券	20210106	星期三
60	300928	华安鑫创	实力游资买入，成功率33.75	87.03	128.73	4094.15	6882.93	2788.79	9671.72	110541.45	3.70	8.75	55.96	17	无价格涨跌幅限制的证券	20210106	星期三
61	600220	江苏阳光	浙江资金卖出，成功率45.83	2.32	-6.83	-5322.99	6440.64	11763.63	18204.27	41335.86	-12.88	44.04	4.15	41	非ST、*ST和S证券连续三个交易日内收盘价格跌幅偏离值累计达到20的证券	20210106	星期三
62	600379	宝光股份	实力游资买入，成功率44.29	6.55	10.08	352.80	2264.31	1911.52	4175.83	13873.19	2.54	30.10	6.64	22	有价格涨跌幅限制的日收盘价格涨幅偏离值达到7的前三只证券	20210106	星期三
63	600381	青海春天	实力游资卖出，成功率36.86	9.16	-10.02	1315.45	5419.45	4104.00	9523.45	49244.56	2.67	19.34	9.04	54	有价格涨跌幅限制的日收盘价格跌幅偏离值达到7的前三只证券	20210106	星期三
64	600405	动力源	广东资金卖出，成功率39.38	7.55	-5.74	-445.46	8180.67	8626.13	16806.81	143126.49	-0.31	11.74	32.31	42	有价格涨跌幅限制的日价格振幅达到15的前三只证券	20210106	星期三
65	600405	动力源	广东资金卖出，成功率39.38	7.55	-5.74	-445.46	8180.67	8626.13	16806.81	143126.49	-0.31	11.74	32.31	42	有价格涨跌幅限制的日换手率达到20的前三只证券	20210106	星期三
66	600419	天润乳业	实力游资买入，成功率43.98	18.15	10.00	2557.65	8562.65	6005.00	14567.65	108583.93	2.36	13.42	17.95	49	非ST、*ST和S证券连续三个交易日内收盘价格涨幅偏离值累计达到20的证券	20210106	星期三
67	600499	科达制造	买一主买，成功率34.13	8.73	9.95	31212.72	48146.20	16933.49	65079.69	199419.84	15.65	32.63	5.61	138	非ST、*ST和S证券连续三个交易日内收盘价格涨幅偏离值累计达到20的证券	20210106	星期三
68	600563	法拉电子	3家机构卖出，成功率46.74	105.62	-10.00	6265.99	24129.95	17863.96	41993.92	71306.39	8.79	58.89	2.92	238	有价格涨跌幅限制的日收盘价格跌幅偏离值达到7的前三只证券	20210106	星期三
69	600798	宁波海运	实力游资卖出，成功率34.10	5.70	-8.65	-3907.34	10336.33	14243.68	24580.01	152570.60	-2.56	16.11	24.62	59	有价格涨跌幅限制的日价格振幅达到15的前三只证券	20210106	星期三
70	600841	上柴股份	实力游资卖出，成功率28.89	11.11	-6.56	-1792.37	1266.51	3058.88	4325.40	23687.24	-7.57	18.26	3.82	58	有价格涨跌幅限制的日价格振幅达到15的前三只证券	20210106	星期三
71	601766	中国中车	实力游资买入，成功率52.77	5.89	10.09	12319.36	27465.49	15146.13	42611.62	197795.40	6.23	21.54	1.42	1433	有价格涨跌幅限制的日收盘价格涨幅偏离值达到7的前三只证券	20210106	星期三
72	603089	正裕工业	实力游资卖出，成功率49.46	9.29	-8.83	-1613.52	2462.21	4075.73	6537.95	14063.35	-11.47	46.49	2.36	21	非ST、*ST和S证券连续三个交易日内收盘价格跌幅偏离值累计达到20的证券	20210106	星期三
73	603392	万泰生物	2家机构买入，成功率46.26	256.30	10.00	-4898.15	23070.57	27968.72	51039.29	189737.74	-2.58	26.90	6.96	112	非ST、*ST和S证券连续三个交易日内收盘价格涨幅偏离值累计达到20的证券	20210106	星期三
74	603603	博天环境	买一主买，成功率46.67	5.12	10.11	366.41	1049.02	682.61	1731.63	7237.53	5.06	23.93	5.74	13	有价格涨跌幅限制的日收盘价格涨幅偏离值达到7的前三只证券	20210106	星期三
75	603906	龙蟠科技	2家机构卖出，成功率46.15	29.14	-10.01	-13580.60	4825.00	18405.60	23230.60	46748.76	-29.05	49.69	4.55	100	有价格涨跌幅限制的日收盘价格跌幅偏离值达到7的前三只证券	20210106	星期三
76	605008	长鸿高科	买一主买，成功率46.76	31.80	10.00	3343.05	7867.36	4524.32	12391.68	60929.66	5.49	20.34	19.14	15	非ST、*ST和S证券连续三个交易日内收盘价格涨幅偏离值累计达到20的证券	20210106	星期三
77	605155	西大门	实力游资卖出，成功率38.71	24.43	-3.55	604.43	3082.00	2477.56	5559.56	45774.68	1.32	12.15	29.35	6	非ST、*ST和S证券连续三个交易日内收盘价格跌幅偏离值累计达到20的证券	20210106	星期三
78	605155	西大门	实力游资卖出，成功率40.68	24.43	-3.55	245.20	1343.60	1098.40	2442.01	17101.48	1.43	14.28	29.35	6	有价格涨跌幅限制的日换手率达到20的前三只证券	20210106	星期三
79	605179	一鸣食品	实力游资买入，成功率63.05	23.51	10.01	3573.52	8967.18	5393.66	14360.85	34903.02	10.24	41.14	21.13	14	非ST、*ST和S证券连续三个交易日内收盘价格涨幅偏离值累计达到20的证券	20210106	星期三
80	605277	N新亚	实力游资买入，成功率67.78	24.41	44.01	789.70	823.63	33.93	857.56	823.63	95.88	104.12	1.01	8	无价格涨跌幅限制的证券	20210106	星期三
81	605358	立昂微	实力游资卖出，成功率35.64	121.90	-4.88	-688.14	8155.44	8843.58	16999.01	128732.85	-0.53	13.20	25.16	49	有价格涨跌幅限制的日换手率达到20的前三只证券	20210106	星期三
82	688698	伟创电气	1家机构买入，成功率48.92	19.24	3.39	668.98	2490.72	1821.74	4312.47	26936.19	2.48	16.01	38.15	7	有价格涨跌幅限制的日换手率达到30的前五只证券	20210106	星期三
