1	000020	深华发A	实力游资卖出，成功率28.00	11.35	-7.95	-1317.40	3036.40	4353.80	7390.20	26635.42	-4.95	27.75	11.37	21	日振幅值达到15的前5只证券	20210122	星期五
2	000039	中集集团	主力做T，成功率40.46	18.38	9.99	-2944.20	17316.49	20260.69	37577.18	155628.88	-1.89	24.15	5.72	282	日涨幅偏离值达到7的前5只证券	20210122	星期五
3	000049	德赛电池	1家机构买入，成功率43.66	78.93	10.01	-9646.64	13990.35	23636.99	37627.34	83988.24	-11.49	44.80	5.25	162	日涨幅偏离值达到7的前5只证券	20210122	星期五
4	000155	川能动力	实力游资买入，成功率39.63	15.42	9.99	6272.43	23271.54	16999.11	40270.66	265965.55	2.36	15.14	14.05	196	日涨幅偏离值达到7的前5只证券	20210122	星期五
5	000558	莱茵体育	主力做T，成功率24.68	3.22	-9.04	-2139.93	5630.48	7770.41	13400.89	53139.74	-4.03	25.22	11.40	41	日振幅值达到15的前5只证券	20210122	星期五
6	000558	莱茵体育	主力做T，成功率24.68	3.22	-9.04	-2139.93	5630.48	7770.41	13400.89	53139.74	-4.03	25.22	11.40	41	日跌幅偏离值达到7的前5只证券	20210122	星期五
7	000613	大东海A	实力游资卖出，成功率21.53	4.43	-9.96	-1034.73	1368.34	2403.08	3771.42	8882.21	-11.65	42.46	7.42	12	日跌幅偏离值达到7的前5只证券	20210122	星期五
8	000667	美好置业	北京资金卖出，成功率31.63	2.02	-9.82	-23406.39	3571.40	26977.79	30549.18	86031.96	-27.21	35.51	17.27	49	日跌幅偏离值达到7的前5只证券	20210122	星期五
9	000667	美好置业	北京资金卖出，成功率40.51	2.02	-9.82	-40005.89	10441.07	50446.96	60888.04	189236.90	-21.14	32.18	17.27	49	连续三个交易日内，跌幅偏离值累计达到20的证券	20210122	星期五
10	000691	亚太实业	实力游资卖出，成功率35.36	4.92	-10.05	-2526.48	848.14	3374.62	4222.75	11513.54	-21.94	36.68	7.67	14	日振幅值达到15的前5只证券	20210122	星期五
11	000691	亚太实业	实力游资卖出，成功率35.36	4.92	-10.05	-2526.48	848.14	3374.62	4222.75	11513.54	-21.94	36.68	7.67	14	日跌幅偏离值达到7的前5只证券	20210122	星期五
12	000710	贝瑞基因	2家机构买入，成功率52.83	39.05	10.00	1927.21	11064.02	9136.81	20200.83	53827.65	3.58	37.53	4.02	138	日涨幅偏离值达到7的前5只证券	20210122	星期五
13	000903	云内动力	实力游资卖出，成功率42.03	3.68	-9.36	-6680.81	2898.14	9578.94	12477.08	40880.95	-16.34	30.52	5.51	73	日跌幅偏离值达到7的前5只证券	20210122	星期五
14	000903	云内动力	主力做T，成功率42.60	3.68	-9.36	-6407.22	8155.20	14562.43	22717.63	119239.29	-5.37	19.05	5.51	73	连续三个交易日内，跌幅偏离值累计达到20的证券	20210122	星期五
15	002030	达安基因	主力做T，成功率49.74	42.15	9.99	10176.16	42660.31	32484.14	75144.45	438885.94	2.32	17.12	12.57	361	日涨幅偏离值达到7的前5只证券	20210122	星期五
16	002044	美年健康	2家机构买入，成功率48.20	14.72	10.01	5085.19	27097.74	22012.56	49110.30	142211.99	3.58	34.53	2.61	564	日涨幅偏离值达到7的前5只证券	20210122	星期五
17	002096	南岭民爆	实力游资卖出，成功率38.62	8.39	-9.98	-1938.04	2527.79	4465.83	6993.62	30793.11	-6.29	22.71	9.57	31	日跌幅偏离值达到7的前5只证券	20210122	星期五
18	002173	创新医疗	实力游资买入，成功率30.14	6.58	0.92	-1448.15	945.91	2394.06	3339.98	12643.05	-11.45	26.42	5.07	24	日振幅值达到15的前5只证券	20210122	星期五
19	002192	*ST融捷	买一主买，成功率56.83	51.18	5.01	4325.89	16590.94	12265.06	28856.00	141016.54	3.07	20.46	2.86	133	连续三个交易日内，涨幅偏离值累计达到12的ST证券、*ST证券	20210122	星期五
20	002240	盛新锂能	实力游资买入，成功率55.73	27.16	10.00	24651.37	46301.76	21650.39	67952.15	171818.76	14.35	39.55	9.42	189	日振幅值达到15的前5只证券	20210122	星期五
21	002240	盛新锂能	实力游资买入，成功率55.73	27.16	10.00	24651.37	46301.76	21650.39	67952.15	171818.76	14.35	39.55	9.42	189	日涨幅偏离值达到7的前5只证券	20210122	星期五
22	002263	大东南	西藏自治区资金卖出，成功率29.45	3.31	-10.05	1280.40	8196.36	6915.96	15112.32	108982.02	1.17	13.87	17.21	62	日跌幅偏离值达到7的前5只证券	20210122	星期五
23	002271	东方雨虹	1家机构买入，成功率49.72	53.03	10.00	-22704.16	56568.18	79272.35	135840.53	244414.84	-9.29	55.58	2.86	892	日涨幅偏离值达到7的前5只证券	20210122	星期五
24	002305	南国置业	实力游资卖出，成功率31.60	2.54	-9.93	-970.45	3101.66	4072.10	7173.76	41029.74	-2.37	17.48	9.07	44	日跌幅偏离值达到7的前5只证券	20210122	星期五
25	002305	南国置业	西藏自治区资金卖出，成功率28.90	2.54	-9.93	-913.51	7754.64	8668.15	16422.80	142658.54	-0.64	11.51	9.07	44	连续三个交易日内，跌幅偏离值累计达到20的证券	20210122	星期五
26	002370	亚太药业	卖一主卖，成功率39.17	4.91	-9.91	-1356.49	2932.14	4288.63	7220.77	41849.91	-3.24	17.25	17.51	23	日振幅值达到15的前5只证券	20210122	星期五
27	002370	亚太药业	卖一主卖，成功率39.17	4.91	-9.91	-1356.49	2932.14	4288.63	7220.77	41849.91	-3.24	17.25	17.51	23	日跌幅偏离值达到7的前5只证券	20210122	星期五
28	002496	*ST辉丰	卖一主卖，成功率51.30	2.71	-4.91	-412.74	313.70	726.45	1040.15	1490.54	-27.69	69.78	0.35	26	连续三个交易日内，跌幅偏离值累计达到12的ST证券、*ST证券	20210122	星期五
29	002497	雅化集团	买一主买，成功率35.88	28.42	9.98	-2922.08	42323.86	45245.94	87569.80	398772.89	-0.73	21.96	16.06	259	日涨幅偏离值达到7的前5只证券	20210122	星期五
30	002703	浙江世宝	广东资金卖出，成功率47.04	6.43	-9.94	-992.55	4470.40	5462.94	9933.34	27817.19	-3.57	35.71	7.49	36	日跌幅偏离值达到7的前5只证券	20210122	星期五
31	002713	东易日盛	1家机构卖出，成功率31.63	7.71	-10.04	-2587.93	940.12	3528.05	4468.17	13120.29	-19.72	34.06	4.02	31	日振幅值达到15的前5只证券	20210122	星期五
32	002740	爱迪尔	实力游资卖出，成功率48.89	4.64	-9.90	-1250.79	2145.49	3396.28	5541.77	26426.93	-4.73	20.97	7.33	11	连续三个交易日内，跌幅偏离值累计达到20的证券	20210122	星期五
33	002813	路畅科技	1家机构卖出，成功率48.06	30.60	-5.12	-110.18	12470.16	12580.34	25050.50	200523.76	-0.05	12.49	45.87	11	连续三个交易日内，跌幅偏离值累计达到20的证券	20210122	星期五
34	002813	路畅科技	1家机构卖出，成功率42.10	30.60	-5.12	-1501.67	3924.15	5425.83	9349.98	49420.77	-3.04	18.92	45.87	11	日换手率达到20的前5只证券	20210122	星期五
35	002943	宇晶股份	实力游资买入，成功率29.75	25.00	7.25	-9897.04	6385.82	16282.85	22668.67	77312.90	-12.80	29.32	53.01	13	连续三个交易日内，涨幅偏离值累计达到20的证券	20210122	星期五
36	002943	宇晶股份	实力游资买入，成功率37.07	25.00	7.25	-10525.39	5790.80	16316.19	22106.99	70629.43	-14.90	31.30	53.01	13	日换手率达到20的前5只证券	20210122	星期五
37	003026	中晶科技	西藏自治区资金卖出，成功率24.62	104.00	-1.13	-993.78	5812.93	6806.71	12619.63	90033.73	-1.10	14.02	34.17	26	日换手率达到20的前5只证券	20210122	星期五
38	003030	祖名股份	1家机构卖出，成功率35.17	39.81	-1.39	-774.27	4100.04	4874.32	8974.36	53814.98	-1.44	16.68	41.34	12	日换手率达到20的前5只证券	20210122	星期五
39	003031	中瓷电子	实力游资买入，成功率35.35	83.56	10.01	12980.54	16189.21	3208.67	19397.89	28977.90	44.79	66.94	10.81	22	连续三个交易日内，涨幅偏离值累计达到20的证券	20210122	星期五
40	003032	传智教育	实力游资卖出，成功率62.86	21.36	-9.99	927.67	3956.22	3028.55	6984.78	23757.40	3.90	29.40	26.87	9	日换手率达到20的前5只证券	20210122	星期五
41	003032	传智教育	实力游资卖出，成功率62.86	21.36	-9.99	927.67	3956.22	3028.55	6984.78	23757.40	3.90	29.40	26.87	9	连续三个交易日内，日均换手率与前五个交易日的日均换手率的比值达到30倍，且换手率累计达20的证券	20210122	星期五
42	003035	南网能源	上海资金买入，成功率78.59	2.68	9.84	1160.46	1196.80	36.34	1233.14	1310.02	88.58	94.13	0.39	20	连续三个交易日内，涨幅偏离值累计达到20的证券	20210122	星期五
43	200613	大东海B	广东资金卖出，成功率28.57	1.75	-9.79	-12.38	15.82	28.20	44.02	45.20	-27.38	97.39	0.35	1	日跌幅偏离值达到7的前5只证券	20210122	星期五
44	300152	科融环境	实力游资买入，成功率50.30	3.64	20.13	2617.08	4877.73	2260.65	7138.39	32628.79	8.02	21.88	13.54	26	日涨幅达到15的前5只证券	20210122	星期五
45	300289	利德曼	买一主买，成功率38.36	7.12	20.07	2673.05	5246.87	2573.82	7820.70	27278.39	9.80	28.67	9.45	30	日涨幅达到15的前5只证券	20210122	星期五
46	300298	三诺生物	2家机构买入，成功率42.92	40.97	17.63	-5182.85	7705.35	12888.20	20593.55	57366.13	-9.03	35.90	3.32	181	日涨幅达到15的前5只证券	20210122	星期五
47	300314	戴维医疗	实力游资买入，成功率35.81	18.42	15.56	-370.28	1922.80	2293.09	4215.89	33263.18	-1.11	12.67	10.06	35	日涨幅达到15的前5只证券	20210122	星期五
48	300752	隆利科技	实力游资买入，成功率43.94	46.03	4.12	-2042.03	3288.70	5330.74	8619.44	47641.72	-4.29	18.09	30.32	16	日换手率达到30的前5只证券	20210122	星期五
49	300906	日月明	实力游资卖出，成功率39.13	57.30	-10.93	690.37	4615.88	3925.51	8541.39	60049.40	1.15	14.22	50.44	11	日换手率达到30的前5只证券	20210122	星期五
50	300927	江天化学	1家机构卖出，成功率24.19	36.22	-3.64	-1603.81	1083.02	2686.83	3769.85	21398.36	-7.50	17.62	30.12	7	日换手率达到30的前5只证券	20210122	星期五
51	300932	三友联众	西藏自治区资金买入，成功率36.00	53.76	117.74	3817.41	7408.39	3590.98	10999.37	115661.14	3.30	9.51	66.08	16	无价格涨跌幅限制的证券	20210122	星期五
52	300933	中辰股份	实力游资买入，成功率21.57	12.96	284.57	1947.22	3774.28	1827.06	5601.34	74388.61	2.62	7.53	69.12	11	无价格涨跌幅限制的证券	20210122	星期五
53	600086	退市金钰	卖一主卖，成功率26.44	0.69	-10.39	-0.01	0.34	0.34	0.68	0.34	-2.00	198.00	0.00	7	退市整理的证券	20210122	星期五
54	600086	退市金钰	卖一主卖，成功率26.44	0.69	-10.39	-0.01	0.34	0.34	0.68	0.34	-2.00	198.00	0.00	7	有价格涨跌幅限制的日收盘价格跌幅偏离值达到7的前三只证券	20210122	星期五
55	600086	退市金钰	卖一主卖，成功率13.33	0.69	-10.39	-0.12	0.72	0.84	1.56	0.84	-14.04	185.96	0.00	7	非ST、*ST和S证券连续三个交易日内收盘价格跌幅偏离值累计达到20的证券	20210122	星期五
56	600111	北方稀土	买一主买，成功率45.22	18.30	4.57	52579.16	177941.32	125362.16	303303.48	1523663.34	3.45	19.91	12.70	665	非ST、*ST和S证券连续三个交易日内收盘价格涨幅偏离值累计达到20的证券	20210122	星期五
57	600237	铜峰电子	买一主买，成功率43.12	6.26	0.16	984.23	5361.86	4377.63	9739.50	82551.14	1.19	11.80	23.79	35	有价格涨跌幅限制的日价格振幅达到15的前三只证券	20210122	星期五
58	600392	盛和资源	1家机构买入，成功率41.27	14.74	8.06	-12371.38	64759.96	77131.34	141891.31	726247.55	-1.70	19.54	15.00	259	非ST、*ST和S证券连续三个交易日内收盘价格涨幅偏离值累计达到20的证券	20210122	星期五
59	600687	退市刚泰	实力游资买入，成功率54.44	0.29	11.54	26.26	216.30	190.04	406.34	676.32	3.88	60.08	1.66	4	退市整理的证券	20210122	星期五
60	600687	退市刚泰	实力游资买入，成功率54.44	0.29	11.54	26.26	216.30	190.04	406.34	676.32	3.88	60.08	1.66	4	有价格涨跌幅限制的日收盘价格涨幅偏离值达到7的前三只证券	20210122	星期五
61	600844	丹化科技	实力游资卖出，成功率32.94	4.89	-2.98	-3525.34	4742.76	8268.10	13010.86	84394.86	-4.18	15.42	19.51	40	有价格涨跌幅限制的日价格振幅达到15的前三只证券	20210122	星期五
62	600847	万里股份	实力游资买入，成功率47.59	11.00	10.00	-1020.80	1573.38	2594.18	4167.57	11054.54	-9.23	37.70	4.50	17	非ST、*ST和S证券连续三个交易日内收盘价格涨幅偏离值累计达到20的证券	20210122	星期五
63	601015	陕西黑猫	1家机构买入，成功率63.09	6.37	6.17	-1346.93	16754.63	18101.56	34856.19	169515.86	-0.79	20.56	12.15	104	非ST、*ST和S证券连续三个交易日内收盘价格涨幅偏离值累计达到20的证券	20210122	星期五
64	601956	东贝集团	实力游资买入，成功率37.77	8.75	10.06	3514.61	4499.32	984.72	5484.04	12475.34	28.17	43.96	7.08	18	有价格涨跌幅限制的日收盘价格涨幅偏离值达到7的前三只证券	20210122	星期五
65	603058	永吉股份	实力游资买入，成功率48.63	9.87	10.03	3603.94	5996.23	2392.29	8388.52	21071.13	17.10	39.81	5.45	41	有价格涨跌幅限制的日价格振幅达到15的前三只证券	20210122	星期五
66	603185	上机数控	浙江资金买入，成功率41.29	176.64	10.00	-25869.47	67300.31	93169.78	160470.09	333168.07	-7.76	48.16	8.57	138	非ST、*ST和S证券连续三个交易日内收盘价格涨幅偏离值累计达到20的证券	20210122	星期五
67	603259	药明康德	4家机构买入，成功率45.34	176.00	10.00	73111.40	304792.12	231680.72	536472.84	964786.28	7.58	55.61	1.74	2487	非ST、*ST和S证券连续三个交易日内收盘价格涨幅偏离值累计达到20的证券	20210122	星期五
68	603317	天味食品	4家机构卖出，成功率52.50	64.67	-10.01	-5188.76	8248.35	13437.11	21685.47	43683.72	-11.88	49.64	5.39	81	有价格涨跌幅限制的日收盘价格跌幅偏离值达到7的前三只证券	20210122	星期五
69	603499	翔港科技	实力游资卖出，成功率21.01	8.96	-10.04	-1445.94	848.47	2294.41	3142.87	10788.08	-13.40	29.13	5.68	18	有价格涨跌幅限制的日收盘价格跌幅偏离值达到7的前三只证券	20210122	星期五
70	603500	祥和实业	卖一主卖，成功率33.72	13.09	-9.97	-2130.65	1590.68	3721.33	5312.01	35879.09	-5.94	14.81	3.68	23	非ST、*ST和S证券连续三个交易日内收盘价格跌幅偏离值累计达到20的证券	20210122	星期五
71	603618	杭电股份	实力游资买入，成功率51.83	6.78	10.06	1804.43	3716.64	1912.21	5628.85	25559.90	7.06	22.02	5.61	47	有价格涨跌幅限制的日收盘价格涨幅偏离值达到7的前三只证券	20210122	星期五
72	603806	福斯特	3家机构买入，成功率41.63	105.49	7.84	-9767.86	65063.56	74831.42	139894.99	225436.91	-4.33	62.06	1.75	812	非ST、*ST和S证券连续三个交易日内收盘价格涨幅偏离值累计达到20的证券	20210122	星期五
73	603882	金域医学	3家机构买入，成功率44.83	168.43	10.00	-3061.33	94933.11	97994.44	192927.54	344105.27	-0.89	56.07	2.56	774	非ST、*ST和S证券连续三个交易日内收盘价格涨幅偏离值累计达到20的证券	20210122	星期五
74	605005	合兴股份	买一主买，成功率83.92	12.23	9.98	697.54	733.80	36.25	770.05	733.80	95.06	104.94	1.08	5	非ST、*ST和S证券连续三个交易日内收盘价格涨幅偏离值累计达到20的证券	20210122	星期五
75	605018	长华股份	买一主买，成功率36.11	16.78	10.03	1751.53	4010.51	2258.98	6269.49	23521.80	7.45	26.65	33.73	7	有价格涨跌幅限制的日换手率达到20的前三只证券	20210122	星期五
76	605155	西大门	实力游资买入，成功率65.68	28.29	9.99	-473.01	7023.47	7496.48	14519.95	62623.08	-0.76	23.19	56.32	7	非ST、*ST和S证券连续三个交易日内收盘价格涨幅偏离值累计达到20的证券	20210122	星期五
77	605155	西大门	江苏资金买入，成功率64.44	28.29	9.99	-71.61	4789.59	4861.20	9650.78	36665.04	-0.20	26.32	56.32	7	有价格涨跌幅限制的日换手率达到20的前三只证券	20210122	星期五
78	605255	天普股份	实力游资买入，成功率45.54	19.79	10.01	2640.90	5637.08	2996.18	8633.27	32689.43	8.08	26.41	41.86	7	非ST、*ST和S证券连续三个交易日内收盘价格涨幅偏离值累计达到20的证券	20210122	星期五
79	605255	天普股份	买一主买，成功率38.42	19.79	10.01	1196.72	3854.90	2658.19	6513.09	27313.88	4.38	23.85	41.86	7	有价格涨跌幅限制的日换手率达到20的前三只证券	20210122	星期五
80	688363	华熙生物	1家机构买入，成功率45.07	192.00	15.59	7319.24	22605.05	15285.81	37890.87	100940.36	7.25	37.54	5.94	179	有价格涨跌幅限制的日收盘价格涨幅达到15的前五只证券	20210122	星期五
81	688399	硕世生物	实力游资买入，成功率34.78	231.88	19.80	-9436.07	8145.18	17581.25	25726.43	95911.15	-9.84	26.82	13.33	78	有价格涨跌幅限制的日收盘价格涨幅达到15的前五只证券	20210122	星期五
82	688598	金博股份	北京资金买入，成功率47.52	235.33	20.00	6810.72	12231.61	5420.88	17652.49	29526.18	23.07	59.79	6.66	45	有价格涨跌幅限制的日收盘价格涨幅达到15的前五只证券	20210122	星期五
83	688656	浩欧博	1家机构买入，成功率49.38	91.00	16.00	965.84	4078.36	3112.52	7190.88	21805.28	4.43	32.98	19.97	12	有价格涨跌幅限制的日收盘价格涨幅达到15的前五只证券	20210122	星期五
84	688656	浩欧博	2家机构买入，成功率43.13	91.00	16.00	3974.24	9905.93	5931.69	15837.62	61999.95	6.41	25.54	19.97	12	有价格涨跌幅限制的连续3个交易日内收盘价格涨幅偏离值累计达到30的证券	20210122	星期五
85	900921	丹科B股	实力游资卖出，成功率21.10	0.23	-1.28	-0.22	32.70	32.92	65.62	127.77	-0.17	51.36	2.73	0	有价格涨跌幅限制的日价格振幅达到15的前三只证券	20210122	星期五
86	900957	凌云B股	买一主买，成功率26.63	0.71	7.58	-24.62	45.90	70.52	116.42	171.08	-14.39	68.05	1.36	1	有价格涨跌幅限制的日收盘价格涨幅偏离值达到7的前三只证券	20210122	星期五
