1	000558	莱茵体育	实力游资买入，成功率40.23	3.54	9.94	1756.40	3405.69	1649.29	5054.98	12313.18	14.26	41.05	2.72	46	日涨幅偏离值达到7的前5只证券	20210121	星期四
2	000558	莱茵体育	主力做T，成功率29.85	3.54	9.94	1684.58	6138.08	4453.50	10591.58	37712.58	4.47	28.08	2.72	46	连续三个交易日内，涨幅偏离值累计达到20的证券	20210121	星期四
3	000667	美好置业	1家机构卖出，成功率40.90	2.24	-10.04	-19014.11	9682.34	28696.45	38378.80	103204.94	-18.42	37.19	18.70	55	日跌幅偏离值达到7的前5只证券	20210121	星期四
4	000691	亚太实业	实力游资买入，成功率32.73	5.47	10.06	2013.55	3370.32	1356.77	4727.09	9884.65	20.37	47.82	2.69	16	连续三个交易日内，涨幅偏离值累计达到20的证券	20210121	星期四
5	000758	中色股份	实力游资买入，成功率39.08	5.34	10.10	9061.28	13051.83	3990.54	17042.37	49082.49	18.46	34.72	4.77	105	日涨幅偏离值达到7的前5只证券	20210121	星期四
6	000831	五矿稀土	实力游资买入，成功率27.53	17.64	9.98	8383.07	22588.94	14205.87	36794.80	133205.91	6.29	27.62	7.86	173	日涨幅偏离值达到7的前5只证券	20210121	星期四
7	000839	中信国安	买一主买，成功率42.80	2.41	10.05	3798.93	5557.91	1758.98	7316.89	17383.75	21.85	42.09	1.89	94	日涨幅偏离值达到7的前5只证券	20210121	星期四
8	000903	云内动力	广东资金卖出，成功率42.01	4.06	-7.73	-1536.18	4651.51	6187.69	10839.20	42467.99	-3.62	25.52	5.34	80	日跌幅偏离值达到7的前5只证券	20210121	星期四
9	000976	华铁股份	1家机构买入，成功率45.12	6.09	9.93	2912.87	7686.50	4773.63	12460.12	34972.62	8.33	35.63	3.70	97	日涨幅偏离值达到7的前5只证券	20210121	星期四
10	001896	豫能控股	西藏自治区资金卖出，成功率32.24	7.88	-7.51	27.60	7876.35	7848.76	15725.11	113623.21	0.02	13.84	12.44	91	日跌幅偏离值达到7的前5只证券	20210121	星期四
11	001896	豫能控股	主力做T，成功率27.62	7.88	-7.51	-5912.44	16795.11	22707.56	39502.67	279794.95	-2.11	14.12	12.44	91	连续三个交易日内，跌幅偏离值累计达到20的证券	20210121	星期四
12	002071	*ST长城	实力游资卖出，成功率30.06	0.59	-4.84	7.43	122.95	115.52	238.47	311.35	2.39	76.59	0.50	3	连续三个交易日内，跌幅偏离值累计达到12的ST证券、*ST证券	20210121	星期四
13	002145	中核钛白	实力游资买入，成功率52.19	6.18	9.96	-7979.28	16171.78	24151.06	40322.85	81881.19	-9.74	49.25	8.43	98	日涨幅偏离值达到7的前5只证券	20210121	星期四
14	002172	澳洋健康	主力做T，成功率37.78	3.91	10.14	-6799.32	6795.52	13594.84	20390.37	76277.89	-8.91	26.73	25.46	30	日涨幅偏离值达到7的前5只证券	20210121	星期四
15	002173	创新医疗	实力游资买入，成功率34.71	6.52	9.95	1224.97	2181.69	956.72	3138.42	6029.38	20.32	52.05	1.30	24	连续三个交易日内，涨幅偏离值累计达到20的证券	20210121	星期四
16	002216	三全食品	4家机构买入，成功率50.57	28.11	10.02	11031.39	22478.15	11446.76	33924.90	89013.69	12.39	38.11	5.69	159	日涨幅偏离值达到7的前5只证券	20210121	星期四
17	002230	科大讯飞	买一主买，成功率51.97	51.78	10.01	66286.99	149493.58	83206.59	232700.17	680240.40	9.74	34.21	6.69	1049	日涨幅偏离值达到7的前5只证券	20210121	星期四
18	002263	大东南	1家机构卖出，成功率52.64	3.68	-4.91	-3971.45	12849.33	16820.77	29670.10	204615.92	-1.94	14.50	28.03	69	日振幅值达到15的前5只证券	20210121	星期四
19	002263	大东南	1家机构卖出，成功率52.64	3.68	-4.91	-3971.45	12849.33	16820.77	29670.10	204615.92	-1.94	14.50	28.03	69	日换手率达到20的前5只证券	20210121	星期四
20	002269	美邦服饰	1家机构卖出，成功率66.51	1.47	-6.37	-2138.35	2576.76	4715.11	7291.87	24398.35	-8.76	29.89	6.12	37	日振幅值达到15的前5只证券	20210121	星期四
21	002269	美邦服饰	1家机构卖出，成功率66.51	1.47	-6.37	-2138.35	2576.76	4715.11	7291.87	24398.35	-8.76	29.89	6.12	37	日跌幅偏离值达到7的前5只证券	20210121	星期四
22	002305	南国置业	实力游资卖出，成功率32.71	2.82	-9.03	98.92	7416.83	7317.90	14734.73	101628.80	0.10	14.50	19.02	49	日振幅值达到15的前5只证券	20210121	星期四
23	002305	南国置业	实力游资卖出，成功率32.71	2.82	-9.03	98.92	7416.83	7317.90	14734.73	101628.80	0.10	14.50	19.02	49	日跌幅偏离值达到7的前5只证券	20210121	星期四
24	002382	蓝帆医疗	1家机构买入，成功率46.25	24.39	10.01	28091.51	38746.69	10655.17	49401.86	180822.39	15.54	27.32	10.54	176	日涨幅偏离值达到7的前5只证券	20210121	星期四
25	002456	欧菲光	主力做T，成功率51.25	12.91	-7.26	9088.00	24731.73	15643.73	40375.46	194087.41	4.68	20.80	5.44	345	日跌幅偏离值达到7的前5只证券	20210121	星期四
26	002504	弘高创意	主力做T，成功率42.72	2.38	10.19	-1852.61	2539.27	4391.88	6931.15	22054.75	-8.40	31.43	13.85	10	连续三个交易日内，涨幅偏离值累计达到20的证券	20210121	星期四
27	002713	东易日盛	主力做T，成功率47.29	8.57	10.01	1240.94	3861.83	2620.89	6482.71	12604.08	9.85	51.43	2.90	34	连续三个交易日内，涨幅偏离值累计达到20的证券	20210121	星期四
28	002740	爱迪尔	实力游资卖出，成功率53.33	5.15	-9.49	-1395.37	1850.28	3245.65	5095.93	18145.62	-7.69	28.08	14.20	12	日跌幅偏离值达到7的前5只证券	20210121	星期四
29	002805	丰元股份	实力游资买入，成功率41.44	17.85	1.59	-1618.42	2917.74	4536.17	7453.91	46182.85	-3.50	16.14	26.38	17	日换手率达到20的前5只证券	20210121	星期四
30	002813	路畅科技	实力游资卖出，成功率33.70	32.25	-6.33	75.76	6058.09	5982.34	12040.43	70953.21	0.11	16.97	61.72	11	日跌幅偏离值达到7的前5只证券	20210121	星期四
31	002813	路畅科技	实力游资卖出，成功率33.70	32.25	-6.33	75.76	6058.09	5982.34	12040.43	70953.21	0.11	16.97	61.72	11	日换手率达到20的前5只证券	20210121	星期四
32	003026	中晶科技	西藏自治区资金买入，成功率31.86	105.19	3.78	-4967.18	6031.34	10998.51	17029.85	90217.30	-5.51	18.88	35.81	26	日换手率达到20的前5只证券	20210121	星期四
33	003030	祖名股份	买一主买，成功率24.91	40.37	10.00	2103.98	6730.59	4626.61	11357.19	37436.68	5.62	30.34	30.90	13	日换手率达到20的前5只证券	20210121	星期四
34	200613	大东海B	实力游资买入，成功率31.71	1.94	5.43	1.64	62.09	60.45	122.54	217.15	0.75	56.43	0.65	1	连续三个交易日内，涨幅偏离值累计达到20的证券	20210121	星期四
35	300283	温州宏丰	1家机构买入，成功率41.44	6.50	19.93	2217.82	4014.85	1797.03	5811.87	27921.91	7.94	20.81	17.23	17	日涨幅达到15的前5只证券	20210121	星期四
36	300340	科恒股份	实力游资买入，成功率31.54	13.01	20.02	5230.96	7743.39	2512.44	10255.83	40778.85	12.83	25.15	19.25	22	日涨幅达到15的前5只证券	20210121	星期四
37	300506	名家汇	上海资金买入，成功率37.20	5.63	20.04	1656.00	3197.59	1541.59	4739.17	26494.27	6.25	17.89	10.93	26	日涨幅达到15的前5只证券	20210121	星期四
38	300561	汇金科技	实力游资买入，成功率40.37	17.54	19.97	731.48	2497.91	1766.43	4264.34	24639.73	2.97	17.31	10.67	24	日涨幅达到15的前5只证券	20210121	星期四
39	300639	凯普生物	1家机构买入，成功率42.94	42.68	15.23	7737.56	14514.04	6776.49	21290.53	90355.35	8.56	23.56	10.16	89	日涨幅达到15的前5只证券	20210121	星期四
40	300641	正丹股份	实力游资买入，成功率39.79	8.15	6.40	1117.54	4841.64	3724.10	8565.73	67594.75	1.65	12.67	16.92	40	日振幅值达到30的前5只证券	20210121	星期四
41	300906	日月明	实力游资买入，成功率42.56	64.33	1.71	961.83	4424.19	3462.36	7886.55	68466.74	1.40	11.52	54.34	13	日换手率达到30的前5只证券	20210121	星期四
42	300912	凯龙高科	西藏自治区资金卖出，成功率31.84	36.20	-8.33	1270.91	3091.40	1820.49	4911.89	33749.22	3.77	14.55	34.42	10	日换手率达到30的前5只证券	20210121	星期四
43	300922	天秦装备	主力做T，成功率41.61	50.30	1.70	24.77	1897.08	1872.31	3769.38	45817.13	0.05	8.23	33.64	13	日换手率达到30的前5只证券	20210121	星期四
44	300926	博俊科技	1家机构卖出，成功率50.05	27.88	-7.50	-1272.48	1459.01	2731.49	4190.51	30925.02	-4.11	13.55	32.12	9	日换手率达到30的前5只证券	20210121	星期四
45	300927	江天化学	1家机构卖出，成功率18.56	37.59	-5.86	-946.73	2067.57	3014.30	5081.88	25707.77	-3.68	19.77	35.48	7	日换手率达到30的前5只证券	20210121	星期四
46	300930	屹通新材	西藏自治区资金买入，成功率27.88	36.48	178.26	1754.38	3269.59	1515.21	4784.80	62627.88	2.80	7.64	68.57	9	无价格涨跌幅限制的证券	20210121	星期四
47	300931	通用电梯	实力游资买入，成功率34.17	16.20	275.87	1694.24	2838.41	1144.17	3982.59	61249.04	2.77	6.50	67.98	9	无价格涨跌幅限制的证券	20210121	星期四
48	600086	退市金钰	卖一主卖，成功率21.43	0.77	-10.47	-0.03	0.46	0.49	0.95	0.49	-6.25	193.75	0.00	8	退市整理的证券	20210121	星期四
49	600086	退市金钰	卖一主卖，成功率21.43	0.77	-10.47	-0.03	0.46	0.49	0.95	0.49	-6.25	193.75	0.00	8	有价格涨跌幅限制的日收盘价格跌幅偏离值达到7的前三只证券	20210121	星期四
50	600139	西部资源	买一主买，成功率45.52	3.49	10.09	2490.12	3554.42	1064.30	4618.73	11290.79	22.05	40.91	4.99	23	有价格涨跌幅限制的日收盘价格涨幅偏离值达到7的前三只证券	20210121	星期四
51	600237	铜峰电子	实力游资买入，成功率27.25	6.25	10.04	-471.35	7033.31	7504.66	14537.97	173638.58	-0.27	8.37	29.36	35	非ST、*ST和S证券连续三个交易日内收盘价格涨幅偏离值累计达到20的证券	20210121	星期四
52	600237	铜峰电子	实力游资买入，成功率31.60	6.25	10.04	-1775.36	4626.69	6402.05	11028.74	100246.95	-1.77	11.00	29.36	35	有价格涨跌幅限制的日换手率达到20的前三只证券	20210121	星期四
53	600381	青海春天	实力游资买入，成功率62.96	7.53	3.58	-639.55	2679.81	3319.36	5999.17	40168.18	-1.59	14.94	9.38	44	有价格涨跌幅限制的日价格振幅达到15的前三只证券	20210121	星期四
54	600393	粤泰股份	实力游资买入，成功率54.16	2.06	10.16	2637.65	4134.68	1497.03	5631.71	20223.44	13.04	27.85	10.01	20	有价格涨跌幅限制的日收盘价格涨幅偏离值达到7的前三只证券	20210121	星期四
55	600468	百利电气	实力游资卖出，成功率38.73	4.59	-1.50	-2981.86	1831.40	4813.26	6644.66	29800.26	-10.01	22.30	5.56	51	有价格涨跌幅限制的日价格振幅达到15的前三只证券	20210121	星期四
56	600687	退市刚泰	实力游资买入，成功率32.56	0.26	8.33	-3.47	190.34	193.81	384.15	632.00	-0.55	60.78	1.73	4	退市整理的证券	20210121	星期四
57	601068	中铝国际	实力游资买入，成功率42.29	3.70	10.12	199.92	2885.68	2685.75	5571.43	10422.03	1.92	53.46	9.63	11	有价格涨跌幅限制的日收盘价格涨幅偏离值达到7的前三只证券	20210121	星期四
58	603377	东方时尚	实力游资卖出，成功率40.13	13.84	-10.01	-3402.21	2740.27	6142.47	8882.74	32642.73	-10.42	27.21	3.82	85	有价格涨跌幅限制的日收盘价格跌幅偏离值达到7的前三只证券	20210121	星期四
59	603500	祥和实业	卖一主卖，成功率37.76	14.54	-10.02	-1613.46	1395.96	3009.42	4405.38	27327.01	-5.90	16.12	10.30	26	有价格涨跌幅限制的日收盘价格跌幅偏离值达到7的前三只证券	20210121	星期四
60	603798	康普顿	广东资金卖出，成功率58.89	10.63	-7.57	-4877.29	1360.71	6238.00	7598.72	21985.89	-22.18	34.56	9.68	21	有价格涨跌幅限制的日价格振幅达到15的前三只证券	20210121	星期四
61	605018	长华股份	浙江资金买入，成功率36.64	15.25	10.03	3190.53	3951.47	760.94	4712.41	10279.45	31.04	45.84	3.49	6	非ST、*ST和S证券连续三个交易日内收盘价格涨幅偏离值累计达到20的证券	20210121	星期四
62	605151	西上海	实力游资卖出，成功率36.60	19.98	-2.39	-840.64	2191.95	3032.59	5224.55	19729.87	-4.26	26.48	28.87	7	有价格涨跌幅限制的日换手率达到20的前三只证券	20210121	星期四
63	605155	西大门	实力游资买入，成功率64.46	25.72	10.01	610.07	4095.27	3485.20	7580.47	19690.94	3.10	38.50	32.72	6	有价格涨跌幅限制的日换手率达到20的前三只证券	20210121	星期四
64	605398	N新炬	买一主买，成功率46.91	54.16	44.00	997.63	1052.51	54.88	1107.40	1052.51	94.79	105.21	1.31	8	当日无价格涨跌幅限制的A股，出现异常波动停牌的	20210121	星期四
65	605398	N新炬	买一主买，成功率46.91	54.16	44.00	997.63	1052.51	54.88	1107.40	1052.51	94.79	105.21	1.31	8	无价格涨跌幅限制的证券	20210121	星期四
66	688256	寒武纪	广东资金买入，成功率32.84	170.00	17.73	13873.49	17107.66	3234.17	20341.83	85554.56	16.22	23.78	15.72	56	有价格涨跌幅限制的日收盘价格涨幅达到15的前五只证券	20210121	星期四
