1	000020	深华发A	广东资金卖出，成功率37.57	9.20	-9.98	-510.87	698.92	1209.79	1908.71	4636.00	-11.02	41.17	2.78	17	日跌幅偏离值达到7的前5只证券	20210126	星期二
2	000020	深华发A	实力游资卖出，成功率29.51	9.20	-9.98	-1375.58	3136.82	4512.40	7649.23	32885.47	-4.18	23.26	2.78	17	连续三个交易日内，跌幅偏离值累计达到20的证券	20210126	星期二
3	000155	川能动力	浙江资金买入，成功率59.98	17.13	7.47	11398.54	27071.54	15673.00	42744.54	336748.46	3.38	12.69	16.07	218	日振幅值达到15的前5只证券	20210126	星期二
4	000155	川能动力	1家机构买入，成功率37.54	17.13	7.47	-27403.15	46877.12	74280.28	121157.40	974270.78	-2.81	12.44	16.07	218	连续三个交易日内，涨幅偏离值累计达到20的证券	20210126	星期二
5	000408	*ST藏格	上海资金买入，成功率38.88	9.10	4.96	-9233.32	6959.11	16192.43	23151.54	35044.00	-26.35	66.06	0.23	43	连续三个交易日内，涨幅偏离值累计达到12的ST证券、*ST证券和未完成股改证券	20210126	星期二
6	000558	莱茵体育	主力做T，成功率11.61	2.73	-5.86	-1587.24	8334.59	9921.83	18256.42	92007.31	-1.73	19.84	3.67	35	连续三个交易日内，跌幅偏离值累计达到20的证券	20210126	星期二
7	000691	亚太实业	实力游资买入，成功率49.45	5.95	9.98	690.20	4237.56	3547.36	7784.92	26659.11	2.59	29.20	15.73	17	日涨幅偏离值达到7的前5只证券	20210126	星期二
8	000691	亚太实业	实力游资买入，成功率39.49	5.95	9.98	1866.44	5899.88	4033.44	9933.32	35336.05	5.28	28.11	15.73	17	连续三个交易日内，涨幅偏离值累计达到20的证券	20210126	星期二
9	000698	沈阳化工	1家机构买入，成功率44.50	5.94	3.66	4627.50	10580.86	5953.36	16534.21	108328.53	4.27	15.26	8.28	47	连续三个交易日内，涨幅偏离值累计达到20的证券	20210126	星期二
10	000713	丰乐种业	1家机构卖出，成功率29.32	14.96	-2.09	-4784.25	5536.74	10320.99	15857.73	129079.29	-3.71	12.29	21.13	60	日换手率达到20的前5只证券	20210126	星期二
11	000723	美锦能源	2家机构买入，成功率44.18	6.64	9.93	25828.69	31831.96	6003.27	37835.23	136936.91	18.86	27.63	5.56	251	日涨幅偏离值达到7的前5只证券	20210126	星期二
12	000768	中航西飞	1家机构卖出，成功率42.43	33.34	-9.99	-6278.09	21294.85	27572.93	48867.78	226390.22	-2.77	21.59	2.38	923	日跌幅偏离值达到7的前5只证券	20210126	星期二
13	000785	居然之家	实力游资买入，成功率34.69	7.94	9.97	176.58	2333.88	2157.30	4491.17	8314.32	2.12	54.02	4.18	20	日涨幅偏离值达到7的前5只证券	20210126	星期二
14	000831	五矿稀土	买一主买，成功率42.03	18.88	10.02	2703.12	23473.37	20770.25	44243.62	173760.30	1.56	25.46	10.02	185	日涨幅偏离值达到7的前5只证券	20210126	星期二
15	000890	*ST胜尔	实力游资买入，成功率28.17	3.62	4.02	521.15	2004.01	1482.87	3486.88	13858.67	3.76	25.16	3.88	14	连续三个交易日内，涨幅偏离值累计达到12的ST证券、*ST证券和未完成股改证券	20210126	星期二
16	000918	嘉凯城	买一主买，成功率33.17	5.05	10.02	560.90	2604.46	2043.55	4648.01	10171.82	5.51	45.69	1.15	91	日涨幅偏离值达到7的前5只证券	20210126	星期二
17	000980	*ST众泰	福建资金买入，成功率41.31	1.60	5.26	510.86	1217.74	706.88	1924.63	4193.00	12.18	45.90	0.22	20	连续三个交易日内，涨幅偏离值累计达到12的ST证券、*ST证券和未完成股改证券	20210126	星期二
18	000995	皇台酒业	1家机构卖出，成功率31.07	21.10	-9.33	-2925.71	2126.26	5051.97	7178.23	35643.84	-8.21	20.14	9.27	37	日跌幅偏离值达到7的前5只证券	20210126	星期二
19	002013	中航机电	3家机构卖出，成功率47.79	11.47	-9.97	-190.18	14083.69	14273.87	28357.56	126216.48	-0.15	22.47	2.78	446	日跌幅偏离值达到7的前5只证券	20210126	星期二
20	002071	*ST长城	卖一主卖，成功率21.33	0.50	-5.66	10.48	181.64	171.16	352.80	410.79	2.55	85.88	0.56	3	连续三个交易日内，跌幅偏离值累计达到12的ST证券、*ST证券	20210126	星期二
21	002096	南岭民爆	实力游资卖出，成功率40.21	7.13	-8.47	-2565.03	4368.76	6933.79	11302.56	75217.38	-3.41	15.03	5.99	26	连续三个交易日内，跌幅偏离值累计达到20的证券	20210126	星期二
22	002121	*ST科陆	实力游资买入，成功率51.67	3.76	5.03	1571.87	2855.44	1283.57	4139.02	16871.62	9.32	24.53	2.07	40	连续三个交易日内，涨幅偏离值累计达到12的ST证券、*ST证券	20210126	星期二
23	002124	天邦股份	实力游资买入，成功率49.40	15.54	9.98	979.60	17789.38	16809.78	34599.16	145096.95	0.68	23.85	10.08	147	日涨幅偏离值达到7的前5只证券	20210126	星期二
24	002145	中核钛白	主力做T，成功率45.14	7.44	2.90	-19282.38	19286.87	38569.25	57856.12	187208.93	-10.30	30.90	15.94	118	日振幅值达到15的前5只证券	20210126	星期二
25	002179	中航光电	3家机构卖出，成功率49.38	69.58	-10.00	-5604.01	31565.70	37169.72	68735.42	184689.52	-3.03	37.22	2.44	741	日跌幅偏离值达到7的前5只证券	20210126	星期二
26	002237	恒邦股份	四川资金买入，成功率46.05	12.58	9.96	5026.80	7885.51	2858.72	10744.23	29116.42	17.26	36.90	2.64	115	日涨幅偏离值达到7的前5只证券	20210126	星期二
27	002323	*ST雅博	实力游资买入，成功率20.74	2.88	5.11	-243.86	536.14	779.99	1316.13	2149.37	-11.35	61.23	0.53	9	连续三个交易日内，涨幅偏离值累计达到12的ST证券、*ST证券	20210126	星期二
28	002370	亚太药业	卖一主卖，成功率28.21	4.21	-10.04	-7302.21	4511.86	11814.07	16325.93	83963.88	-8.70	19.44	7.02	20	连续三个交易日内，跌幅偏离值累计达到20的证券	20210126	星期二
29	002372	伟星新材	1家机构买入，成功率49.06	20.10	10.02	6441.18	19443.38	13002.20	32445.57	50276.92	12.81	64.53	1.79	286	日涨幅偏离值达到7的前5只证券	20210126	星期二
30	002389	航天彩虹	1家机构卖出，成功率53.34	27.50	-10.01	-9603.56	11007.81	20611.37	31619.18	110353.25	-8.70	28.65	4.53	239	日跌幅偏离值达到7的前5只证券	20210126	星期二
31	002416	爱施德	1家机构卖出，成功率51.47	11.28	-9.98	459.54	13354.32	12894.79	26249.11	81762.01	0.56	32.10	5.78	138	日跌幅偏离值达到7的前5只证券	20210126	星期二
32	002427	ST尤夫	买一主买，成功率30.00	4.74	4.87	404.08	1773.87	1369.79	3143.66	6125.49	6.60	51.32	0.82	21	连续三个交易日内，涨幅偏离值累计达到12的ST证券、*ST证券	20210126	星期二
33	002529	*ST海源	实力游资买入，成功率48.55	7.44	4.94	634.16	1683.20	1049.04	2732.24	7267.00	8.73	37.60	1.44	19	连续三个交易日内，涨幅偏离值累计达到12的ST证券、*ST证券	20210126	星期二
34	002553	南方轴承	实力游资买入，成功率38.49	12.28	10.04	1688.72	4694.55	3005.84	7700.39	45137.42	3.74	17.06	16.52	29	日涨幅偏离值达到7的前5只证券	20210126	星期二
35	002668	奥马电器	实力游资买入，成功率41.74	5.01	10.11	6760.31	11180.91	4420.60	15601.51	43762.27	15.45	35.65	10.43	42	日涨幅偏离值达到7的前5只证券	20210126	星期二
36	002709	天赐材料	1家机构卖出，成功率50.41	103.11	-10.00	-42169.89	40253.79	82423.67	122677.46	276001.44	-15.28	44.45	4.76	560	日跌幅偏离值达到7的前5只证券	20210126	星期二
37	002943	宇晶股份	实力游资卖出，成功率47.45	20.25	-10.00	-996.21	2593.64	3589.85	6183.49	26260.02	-3.79	23.55	24.48	11	日换手率达到20的前5只证券	20210126	星期二
38	002960	青鸟消防	2家机构卖出，成功率44.28	31.91	-7.67	-2652.75	3117.84	5770.59	8888.44	17130.56	-15.49	51.89	4.31	39	日振幅值达到15的前5只证券	20210126	星期二
39	003026	中晶科技	西藏自治区资金卖出，成功率30.21	90.85	-2.94	275.91	4993.10	4717.19	9710.29	54033.57	0.51	17.97	23.21	23	日换手率达到20的前5只证券	20210126	星期二
40	003030	祖名股份	买一主买，成功率38.57	43.35	2.94	-834.57	3325.46	4160.03	7485.50	42110.57	-1.98	17.78	30.72	14	日换手率达到20的前5只证券	20210126	星期二
41	003031	中瓷电子	1家机构买入，成功率32.23	89.09	1.82	1925.94	10004.55	8078.61	18083.16	95429.93	2.02	18.95	40.37	24	日换手率达到20的前5只证券	20210126	星期二
42	003032	传智教育	1家机构买入，成功率48.00	21.50	6.33	-806.19	4443.18	5249.37	9692.56	37871.46	-2.13	25.59	44.64	9	日换手率达到20的前5只证券	20210126	星期二
43	003035	南网能源	实力游资买入，成功率73.33	3.25	10.17	883.32	901.06	17.73	918.79	901.06	98.03	101.97	0.17	25	连续三个交易日内，涨幅偏离值累计达到20的证券	20210126	星期二
44	200613	大东海B	广东资金卖出，成功率43.33	1.48	-6.33	5.75	49.67	43.93	93.60	143.21	4.01	65.36	0.81	1	连续三个交易日内，跌幅偏离值累计达到20的证券	20210126	星期二
45	300038	ST数知	1家机构卖出，成功率36.67	2.70	-19.88	-3069.95	1817.44	4887.38	6704.82	31947.98	-9.61	20.99	9.93	31	日跌幅达到15的前5只证券	20210126	星期二
46	300169	天晟新材	1家机构买入，成功率28.94	7.73	20.03	3984.04	5961.05	1977.00	7938.05	34994.43	11.38	22.68	17.86	21	日涨幅达到15的前5只证券	20210126	星期二
47	300192	科德教育	1家机构买入，成功率35.34	14.04	20.00	1258.07	4474.64	3216.57	7691.20	30458.36	4.13	25.25	11.90	27	日涨幅达到15的前5只证券	20210126	星期二
48	300380	安硕信息	1家机构买入，成功率48.55	20.36	19.98	2700.05	3578.00	877.95	4455.96	11421.12	23.64	39.02	4.75	25	日涨幅达到15的前5只证券	20210126	星期二
49	300530	达志科技	1家机构卖出，成功率42.17	19.07	-20.01	-5273.97	2736.34	8010.31	10746.66	12356.01	-42.68	86.98	6.23	18	日跌幅达到15的前5只证券	20210126	星期二
50	300530	达志科技	1家机构卖出，成功率42.17	19.07	-20.01	-5273.97	2736.34	8010.31	10746.66	12356.01	-42.68	86.98	6.23	18	日振幅值达到30的前5只证券	20210126	星期二
51	300530	达志科技	卖一主卖，成功率42.78	19.07	-20.01	-7594.23	2973.86	10568.10	13541.96	18456.94	-41.15	73.37	6.23	18	连续三个交易日内，跌幅偏离值累计达到30的证券	20210126	星期二
52	300530	达志科技	主力做T，成功率77.78	19.07	-20.01	-1851.23	60151.41	62002.64	122154.06	36670.83	-5.05	333.11	6.23	18	严重异常期间日收盘价格跌幅偏离值累计达到50的证券	20210126	星期二
53	300846	首都在线	实力游资买入，成功率36.08	23.10	20.00	1022.26	2058.90	1036.65	3095.55	19533.15	5.23	15.85	17.74	12	日涨幅达到15的前5只证券	20210126	星期二
54	300879	大叶股份	1家机构买入，成功率42.48	30.55	19.99	2048.18	4441.58	2393.40	6834.99	15635.08	13.10	43.72	14.03	12	日涨幅达到15的前5只证券	20210126	星期二
55	300894	火星人	3家机构卖出，成功率46.16	60.84	-4.04	-9949.21	3853.48	13802.69	17656.17	76956.89	-12.93	22.94	31.51	23	日换手率达到30的前5只证券	20210126	星期二
56	300906	日月明	主力做T，成功率26.42	59.40	2.95	-1714.69	3695.82	5410.52	9106.34	70047.60	-2.45	13.00	57.47	12	日换手率达到30的前5只证券	20210126	星期二
57	300936	中英科技	实力游资买入，成功率28.93	66.74	119.61	2980.83	4792.90	1812.07	6604.98	71082.66	4.19	9.29	50.86	13	无价格涨跌幅限制的证券	20210126	星期二
58	600086	退市金钰	卖一主卖，成功率13.33	0.56	-9.68	0.00	2.94	2.94	5.88	2.94	0.00	200.00	0.01	6	退市整理的证券	20210126	星期二
59	600291	西水股份	卖一主卖，成功率38.39	4.11	-10.07	364.31	732.16	367.85	1100.00	3029.69	12.02	36.31	0.67	45	有价格涨跌幅限制的日收盘价格跌幅偏离值达到7的前三只证券	20210126	星期二
60	600421	ST华嵘	实力游资买入，成功率31.11	9.99	5.05	59.99	710.14	650.15	1360.29	1997.92	3.00	68.08	0.62	20	ST、*ST和S证券连续三个交易日内收盘价格涨幅偏离值累计达到15的证券	20210126	星期二
61	600638	新黄浦	江苏资金卖出，成功率53.33	5.88	-9.26	-7911.49	3523.51	11435.00	14958.51	39567.21	-20.00	37.81	2.43	40	非ST、*ST和S证券连续三个交易日内收盘价格跌幅偏离值累计达到20的证券	20210126	星期二
62	600666	ST瑞德	实力游资买入，成功率38.16	1.23	5.13	-53.52	448.05	501.57	949.62	4633.10	-1.16	20.50	1.08	10	ST、*ST和S证券连续三个交易日内收盘价格涨幅偏离值累计达到15的证券	20210126	星期二
63	600687	退市刚泰	江苏资金卖出，成功率47.67	0.31	-3.13	82.57	255.59	173.02	428.62	531.50	15.54	80.64	1.12	5	退市整理的证券	20210126	星期二
64	600707	彩虹股份	实力游资买入，成功率40.67	8.89	10.02	-5263.34	21267.88	26531.21	47799.09	338867.73	-1.55	14.11	6.66	220	非ST、*ST和S证券连续三个交易日内收盘价格涨幅偏离值累计达到20的证券	20210126	星期二
65	600726	华电能源	实力游资卖出，成功率35.56	1.96	-10.09	-223.50	440.70	664.19	1104.89	5855.94	-3.82	18.87	1.93	30	有价格涨跌幅限制的日收盘价格跌幅偏离值达到7的前三只证券	20210126	星期二
66	600792	云煤能源	买一主买，成功率41.93	4.35	10.13	1231.81	3937.78	2705.97	6643.75	17430.97	7.07	38.11	4.16	43	有价格涨跌幅限制的日收盘价格涨幅偏离值达到7的前三只证券	20210126	星期二
67	600792	云煤能源	浙江资金买入，成功率37.47	4.35	10.13	2215.00	4950.44	2735.44	7685.89	28903.49	7.66	26.59	4.16	43	非ST、*ST和S证券连续三个交易日内收盘价格涨幅偏离值累计达到20的证券	20210126	星期二
68	600844	丹化科技	买一主买，成功率42.57	4.97	9.96	1400.96	4389.87	2988.90	7378.77	45325.62	3.09	16.28	12.20	41	有价格涨跌幅限制的日价格振幅达到15的前三只证券	20210126	星期二
69	601015	陕西黑猫	实力游资买入，成功率42.01	7.71	9.99	-220.43	6007.46	6227.89	12235.35	68467.64	-0.32	17.87	3.44	126	非ST、*ST和S证券连续三个交易日内收盘价格涨幅偏离值累计达到20的证券	20210126	星期二
70	601127	小康股份	1家机构买入，成功率53.77	16.91	10.02	21585.37	40284.72	18699.35	58984.08	282346.41	7.64	20.89	7.10	161	非ST、*ST和S证券连续三个交易日内收盘价格涨幅偏离值累计达到20的证券	20210126	星期二
71	601619	嘉泽新能	1家机构买入，成功率50.41	3.70	10.12	2771.71	6252.51	3480.79	9733.30	37083.78	7.47	26.25	4.92	77	有价格涨跌幅限制的日收盘价格涨幅偏离值达到7的前三只证券	20210126	星期二
72	601619	嘉泽新能	1家机构买入，成功率46.74	3.70	10.12	5609.74	9289.39	3679.65	12969.04	47075.80	11.92	27.55	4.92	77	非ST、*ST和S证券连续三个交易日内收盘价格涨幅偏离值累计达到20的证券	20210126	星期二
73	603366	日出东方	浙江资金买入，成功率40.59	5.01	10.11	2228.83	3046.01	817.18	3863.18	7928.87	28.11	48.72	2.07	40	有价格涨跌幅限制的日收盘价格涨幅偏离值达到7的前三只证券	20210126	星期二
74	603499	翔港科技	实力游资卖出，成功率36.42	7.25	-10.05	-136.13	379.26	515.39	894.65	4531.47	-3.00	19.74	3.04	15	有价格涨跌幅限制的日收盘价格跌幅偏离值达到7的前三只证券	20210126	星期二
75	603718	海利生物	卖一主卖，成功率45.90	12.29	-9.96	-11198.30	3697.76	14896.06	18593.82	86746.18	-12.91	21.43	10.01	79	有价格涨跌幅限制的日价格振幅达到15的前三只证券	20210126	星期二
76	603996	*ST中新	实力游资买入，成功率24.05	1.74	4.82	-68.48	247.73	316.21	563.94	1280.65	-5.35	44.04	0.41	5	ST、*ST和S证券连续三个交易日内收盘价格涨幅偏离值累计达到15的证券	20210126	星期二
77	605005	合兴股份	买一主买，成功率63.33	14.80	10.04	508.37	537.09	28.72	565.81	537.09	94.65	105.35	0.32	6	非ST、*ST和S证券连续三个交易日内收盘价格涨幅偏离值累计达到20的证券	20210126	星期二
78	605018	长华股份	实力游资买入，成功率43.60	20.31	10.02	-827.05	5698.28	6525.33	12223.60	49851.67	-1.66	24.52	44.79	8	非ST、*ST和S证券连续三个交易日内收盘价格涨幅偏离值累计达到20的证券	20210126	星期二
79	605018	长华股份	实力游资买入，成功率47.71	20.31	10.02	-1119.73	5357.12	6476.85	11833.97	37583.61	-2.98	31.49	44.79	8	有价格涨跌幅限制的日换手率达到20的前三只证券	20210126	星期二
80	605155	西大门	实力游资卖出，成功率42.07	29.31	-5.82	-1787.44	3822.69	5610.13	9432.82	53692.21	-3.33	17.57	67.74	7	有价格涨跌幅限制的日换手率达到20的前三只证券	20210126	星期二
81	605183	确成股份	实力游资买入，成功率38.97	18.99	10.02	2319.78	3838.13	1518.35	5356.48	18547.45	12.51	28.88	10.22	9	非ST、*ST和S证券连续三个交易日内收盘价格涨幅偏离值累计达到20的证券	20210126	星期二
82	605255	天普股份	实力游资买入，成功率68.38	22.00	1.06	-2230.56	3059.96	5290.52	8350.48	30762.61	-7.25	27.14	41.21	7	有价格涨跌幅限制的日价格振幅达到15的前三只证券	20210126	星期二
83	605255	天普股份	实力游资买入，成功率68.38	22.00	1.06	-2230.56	3059.96	5290.52	8350.48	30762.61	-7.25	27.14	41.21	7	有价格涨跌幅限制的日换手率达到20的前三只证券	20210126	星期二
84	605398	新炬网络	买一主买，成功率46.67	72.09	9.99	934.33	990.49	56.17	1046.66	990.49	94.33	105.67	0.58	11	非ST、*ST和S证券连续三个交易日内收盘价格涨幅偏离值累计达到20的证券	20210126	星期二
85	900915	中路Ｂ股	实力游资买入，成功率24.40	0.47	7.83	10.78	24.82	14.04	38.86	75.92	14.20	51.19	1.96	0	有价格涨跌幅限制的日收盘价格涨幅偏离值达到7的前三只证券	20210126	星期二
86	900921	丹科B股	实力游资买入，成功率31.74	0.23	6.88	0.03	13.64	13.61	27.25	48.33	0.06	56.39	1.11	0	有价格涨跌幅限制的日价格振幅达到15的前三只证券	20210126	星期二
87	900921	丹科B股	实力游资买入，成功率31.74	0.23	6.88	0.03	13.64	13.61	27.25	48.33	0.06	56.39	1.11	0	有价格涨跌幅限制的日收盘价格涨幅偏离值达到7的前三只证券	20210126	星期二
88	900937	华电B股	卖一主卖，成功率33.94	0.13	-9.79	-1.83	18.02	19.85	37.87	59.62	-3.07	63.51	1.06	0	有价格涨跌幅限制的日收盘价格跌幅偏离值达到7的前三只证券	20210126	星期二
