1	000007	全新好	卖一主卖，成功率59.50	6.27	-10.04	-447.11	86.40	533.51	619.91	533.51	-83.81	116.19	0.28	19	日跌幅偏离值达到7的前5只证券	20210104	星期一
2	000521	长虹美菱	1家机构买入，成功率38.83	6.07	0.17	-475.81	13550.53	14026.34	27576.87	129547.23	-0.37	21.29	23.97	53	日换手率达到20的前5只证券	20210104	星期一
3	000523	广州浪奇	实力游资卖出，成功率36.28	3.77	-7.60	-2409.94	1197.84	3607.78	4805.62	15893.01	-15.16	30.24	6.44	24	日跌幅偏离值达到7的前5只证券	20210104	星期一
4	000530	冰山冷热	实力游资卖出，成功率51.71	4.51	-7.20	270.10	2611.87	2341.77	4953.64	31769.69	0.85	15.59	11.64	27	日跌幅偏离值达到7的前5只证券	20210104	星期一
5	000538	云南白药	2家机构买入，成功率48.14	124.96	10.00	1366.91	69929.22	68562.31	138491.54	242445.20	0.56	57.12	3.33	752	日涨幅偏离值达到7的前5只证券	20210104	星期一
6	000656	金科股份	3家机构卖出，成功率27.47	6.59	-7.05	-13164.74	7864.05	21028.78	28892.83	58255.91	-22.60	49.60	1.66	348	日跌幅偏离值达到7的前5只证券	20210104	星期一
7	000713	丰乐种业	1家机构买入，成功率37.45	17.78	2.18	-6177.85	16405.44	22583.29	38988.74	218593.02	-2.83	17.84	30.86	71	日换手率达到20的前5只证券	20210104	星期一
8	000738	航发控制	1家机构买入，成功率38.42	25.22	9.99	10725.92	22773.71	12047.79	34821.50	179793.76	5.97	19.37	6.52	289	日涨幅偏离值达到7的前5只证券	20210104	星期一
9	000799	酒鬼酒	2家机构买入，成功率48.83	172.15	10.00	-3788.71	25806.88	29595.59	55402.48	207845.51	-1.82	26.66	3.83	559	日涨幅偏离值达到7的前5只证券	20210104	星期一
10	000802	北京文化	浙江资金卖出，成功率33.01	5.28	-10.05	-797.81	386.07	1183.88	1569.96	3587.71	-22.24	43.76	0.96	38	日跌幅偏离值达到7的前5只证券	20210104	星期一
11	000835	*ST长动	主力做T，成功率61.11	1.68	-5.08	33.60	464.33	430.73	895.06	3114.74	1.08	28.74	2.22	5	连续三个交易日内，跌幅偏离值累计达到12的ST证券、*ST证券和未完成股改证券	20210104	星期一
12	000876	新希望	1家机构买入，成功率64.13	24.64	10.00	23140.10	43597.26	20457.15	64054.41	240379.42	9.63	26.65	2.30	1066	日涨幅偏离值达到7的前5只证券	20210104	星期一
13	000995	皇台酒业	1家机构买入，成功率40.68	32.10	0.63	-5404.78	9039.47	14444.25	23483.72	124750.98	-4.33	18.82	21.59	57	日换手率达到20的前5只证券	20210104	星期一
14	001896	豫能控股	1家机构买入，成功率50.75	10.59	9.97	13553.49	25737.21	12183.72	37920.93	180041.46	7.53	21.06	15.47	122	日涨幅偏离值达到7的前5只证券	20210104	星期一
15	002127	南极电商	2家机构卖出，成功率56.41	12.31	-10.01	-8306.83	26570.89	34877.72	61448.61	88497.15	-9.39	69.44	3.60	241	日价格跌幅偏离值达到-12.30	20210104	星期一
16	002144	宏达高科	浙江资金卖出，成功率46.67	12.06	-5.04	-993.53	2003.07	2996.60	4999.66	5054.91	-19.65	98.91	2.93	17	日价格跌幅偏离值达到-7.34	20210104	星期一
17	002157	正邦科技	买一主买，成功率57.89	18.74	9.98	25614.43	44326.09	18711.66	63037.75	206506.40	12.40	30.53	4.93	425	日价格涨幅偏离值达到7.70	20210104	星期一
18	002239	奥特佳	买一主买，成功率51.17	5.37	10.04	14337.14	34060.49	19723.35	53783.84	197028.80	7.28	27.30	11.89	168	日价格涨幅偏离值达到7.70	20210104	星期一
19	002317	众生药业	1家机构卖出，成功率18.33	9.92	-9.98	-1417.17	2141.53	3558.70	5700.23	9259.33	-15.31	61.56	1.31	71	日价格跌幅偏离值达到-12.30	20210104	星期一
20	002340	格林美	1家机构买入，成功率50.83	7.69	10.01	12596.36	50230.65	37634.29	87864.93	500792.63	2.52	17.55	13.98	366	日价格涨幅偏离值达到7.70	20210104	星期一
21	002342	巨力索具	1家机构买入，成功率49.82	4.62	10.00	8919.23	16898.71	7979.47	24878.18	96109.28	9.28	25.89	8.29	40	异常期间价格涨幅偏离值累计达到25.01	20210104	星期一
22	002397	梦洁股份	卖一主卖，成功率66.29	4.65	-7.19	-392.53	931.19	1323.73	2254.92	11803.42	-3.33	19.10	5.25	22	日价格跌幅偏离值达到-9.48	20210104	星期一
23	002460	赣锋锂业	2家机构买入，成功率52.00	111.32	10.00	6175.51	66809.21	60633.70	127442.91	402615.91	1.53	31.65	4.64	897	日价格涨幅偏离值达到7.70	20210104	星期一
24	002497	雅化集团	浙江资金买入，成功率51.96	24.15	10.02	-10924.15	14304.91	25229.06	39533.97	69045.42	-15.82	57.26	0.71	205	异常期间价格涨幅偏离值累计达到25.01	20210104	星期一
25	002612	朗姿股份	2家机构买入，成功率42.54	25.00	1.50	14575.32	26910.26	12334.94	39245.20	163114.30	8.94	24.06	25.08	65	日换手率达到25.08	20210104	星期一
26	002714	牧原股份	1家机构买入，成功率56.94	84.81	10.00	28029.25	62660.84	34631.59	97292.43	326508.38	8.58	29.80	1.57	2116	日价格涨幅偏离值达到7.70	20210104	星期一
27	002756	永兴材料	2家机构买入，成功率48.19	58.00	6.97	-21.88	46086.42	46108.30	92194.72	249044.40	-0.01	37.02	8.51	137	异常期间价格涨幅偏离值累计达到21.98	20210104	星期一
28	002781	奇信股份	卖一主卖，成功率36.63	13.55	-9.97	-225.74	134.01	359.75	493.76	359.75	-62.75	137.25	0.13	28	日价格跌幅偏离值达到-12.30	20210104	星期一
29	002936	郑州银行	实力游资卖出，成功率39.26	4.26	-4.48	-7133.56	11141.46	18275.02	29416.48	161301.11	-4.42	18.24	22.74	71	日换手率达到22.74	20210104	星期一
30	002996	顺博合金	1家机构买入，成功率34.64	16.54	1.66	-1758.70	1481.06	3239.77	4720.83	26685.83	-6.59	17.69	30.69	9	日换手率达到30.69	20210104	星期一
31	003009	中天火箭	西藏自治区资金卖出，成功率39.80	72.40	-0.69	851.83	6677.72	5825.89	12503.61	101140.28	0.84	12.36	35.63	28	日换手率达到35.64	20210104	星期一
32	003023	彩虹集团	2家机构买入，成功率53.89	38.25	0.53	414.47	2116.31	1701.83	3818.14	15993.20	2.59	23.87	21.01	8	日换手率达到21.01	20210104	星期一
33	003029	吉大正元	买一主买，成功率79.14	28.75	9.98	1742.89	1788.05	45.16	1833.22	1796.13	97.04	102.06	0.66	13	异常期间价格涨幅偏离值累计达到25.01	20210104	星期一
34	003031	中瓷电子	买一主买，成功率60.50	21.99	44.01	368.59	390.25	21.66	411.91	390.25	94.45	105.55	0.67	6	无价格涨跌幅限制	20210104	星期一
35	300064	ST金刚	实力游资卖出，成功率41.24	4.38	-20.07	-484.30	594.10	1078.40	1672.50	5966.22	-8.12	28.03	1.96	30	日跌幅达到15的前5只证券	20210104	星期一
36	300064	ST金刚	西藏自治区资金卖出，成功率29.36	4.38	-20.07	-566.76	6422.98	6989.73	13412.71	120831.96	-0.47	11.10	1.96	30	连续三个交易日内，跌幅偏离值累计达到30的证券	20210104	星期一
37	300082	奥克股份	2家机构买入，成功率37.63	12.50	19.96	-945.69	7126.27	8071.96	15198.23	60630.16	-1.56	25.07	7.47	85	日涨幅达到15的前5只证券	20210104	星期一
38	300140	中环装备	实力游资卖出，成功率38.52	5.74	-20.06	-1400.73	1272.14	2672.87	3945.01	18388.44	-7.62	21.45	8.02	22	日跌幅达到15的前5只证券	20210104	星期一
39	300549	优德精密	1家机构买入，成功率23.31	26.99	20.01	-1635.50	2625.76	4261.26	6887.03	33245.51	-4.92	20.72	13.15	27	日涨幅达到15的前5只证券	20210104	星期一
40	300752	隆利科技	2家机构买入，成功率51.02	42.72	16.88	1803.27	7035.30	5232.04	12267.34	41381.66	4.36	29.64	31.30	14	日换手率达到30的前5只证券	20210104	星期一
41	300762	上海瀚讯	2家机构买入，成功率49.38	51.96	20.00	6013.13	11524.95	5511.82	17036.77	44627.74	13.47	38.18	8.32	56	日涨幅达到15的前5只证券	20210104	星期一
42	300863	卡倍亿	浙江资金买入，成功率34.58	129.70	20.00	5179.00	10228.35	5049.35	15277.69	57714.23	8.97	26.47	36.24	17	日涨幅达到15的前5只证券	20210104	星期一
43	300863	卡倍亿	浙江资金买入，成功率34.58	129.70	20.00	5179.00	10228.35	5049.35	15277.69	57714.23	8.97	26.47	36.24	17	日换手率达到30的前5只证券	20210104	星期一
44	300890	翔丰华	实力游资买入，成功率29.71	63.71	20.00	3140.37	6886.38	3746.01	10632.38	40729.38	7.71	26.10	27.89	15	日涨幅达到15的前5只证券	20210104	星期一
45	300922	天秦装备	1家机构买入，成功率30.66	39.90	2.97	379.11	4404.81	4025.70	8430.52	45679.38	0.83	18.46	42.66	11	日换手率达到30的前5只证券	20210104	星期一
46	600189	泉阳泉	实力游资买入，成功率39.47	16.16	10.01	10121.21	33840.53	23719.32	57559.85	304169.80	3.33	18.92	9.41	91	非ST、*ST和S证券连续三个交易日内收盘价格涨幅偏离值累计达到20的证券	20210104	星期一
47	600219	南山铝业	2家机构买入，成功率44.09	3.48	10.13	11727.84	25492.63	13764.79	39257.41	140421.74	8.35	27.96	3.42	416	有价格涨跌幅限制的日收盘价格涨幅偏离值达到7的前三只证券	20210104	星期一
48	600320	振华重工	实力游资买入，成功率49.37	3.92	10.11	1638.13	4696.66	3058.53	7755.19	18569.40	8.82	41.76	1.44	130	有价格涨跌幅限制的日收盘价格涨幅偏离值达到7的前三只证券	20210104	星期一
49	600381	青海春天	实力游资买入，成功率42.43	9.47	9.99	-7431.42	5376.60	12808.02	18184.62	74586.64	-9.96	24.38	4.17	56	非ST、*ST和S证券连续三个交易日内收盘价格涨幅偏离值累计达到20的证券	20210104	星期一
50	600405	动力源	实力游资买入，成功率48.25	7.28	9.97	1793.76	6667.67	4873.90	11541.57	78449.80	2.29	14.71	2.25	40	非ST、*ST和S证券连续三个交易日内收盘价格涨幅偏离值累计达到20的证券	20210104	星期一
51	600569	安阳钢铁	实力游资买入，成功率57.90	2.81	10.20	846.84	3238.73	2391.89	5630.63	24291.49	3.49	23.18	3.73	67	有价格涨跌幅限制的日收盘价格涨幅偏离值达到7的前三只证券	20210104	星期一
52	600620	天宸股份	-	6.31	2.27	-	-	-	-	4564.65	-	-	1.07	43	单只标的证券的当日融资买入数量达到当日该证券总交易量的50％以上	20210104	星期一
53	600647	同达创业	卖一主卖，成功率42.22	11.77	-1.92	-1581.64	1175.18	2756.82	3932.01	15972.88	-9.90	24.62	1.17	16	非ST、*ST和S证券连续三个交易日内收盘价格跌幅偏离值累计达到20的证券	20210104	星期一
54	600876	洛阳玻璃	实力游资买入，成功率41.71	20.34	4.41	-1797.96	11079.68	12877.64	23957.32	116476.27	-1.54	20.57	13.40	57	非ST、*ST和S证券连续三个交易日内收盘价格涨幅偏离值累计达到20的证券	20210104	星期一
55	600893	航发动力	2家机构买入，成功率43.55	65.29	10.01	18041.24	125262.73	107221.48	232484.21	1052242.61	1.71	22.09	3.16	1376	非ST、*ST和S证券连续三个交易日内收盘价格涨幅偏离值累计达到20的证券	20210104	星期一
56	600956	新天绿能	实力游资买入，成功率47.62	11.07	10.04	1988.52	5333.17	3344.65	8677.82	45540.97	4.37	19.05	32.39	15	有价格涨跌幅限制的日换手率达到20的前三只证券	20210104	星期一
57	601187	厦门银行	西藏自治区资金卖出，成功率32.33	12.69	-3.86	592.27	6007.24	5414.97	11422.21	100228.35	0.59	11.40	29.98	33	有价格涨跌幅限制的日换手率达到20的前三只证券	20210104	星期一
58	601901	方正证券	买一主买，成功率43.44	11.21	8.10	34268.04	78078.38	43810.34	121888.71	832420.60	4.12	14.64	6.09	923	非ST、*ST和S证券连续三个交易日内收盘价格涨幅偏离值累计达到20的证券	20210104	星期一
59	603089	正裕工业	实力游资卖出，成功率26.70	10.23	-10.03	-1218.26	619.67	1837.93	2457.60	4281.30	-28.46	57.40	1.86	23	有价格涨跌幅限制的日收盘价格跌幅偏离值达到7的前三只证券	20210104	星期一
60	603665	康隆达	卖一主卖，成功率35.19	19.78	-10.01	-1041.81	422.90	1464.71	1887.61	1464.71	-71.13	128.87	0.47	31	有价格涨跌幅限制的日收盘价格跌幅偏离值达到7的前三只证券	20210104	星期一
61	605155	西大门	实力游资卖出，成功率27.65	27.43	-10.01	-779.04	772.62	1551.67	2324.29	7244.91	-10.75	32.08	10.97	7	有价格涨跌幅限制的日收盘价格跌幅偏离值达到7的前三只证券	20210104	星期一
62	605186	健麾信息	成功率41.78	27.50	-2.24	9306.19	9306.19	-	9306.19	117947.38	7.89	7.89	27.99	9	非ST、*ST和S证券连续三个交易日内收盘价格跌幅偏离值累计达到20的证券	20210104	星期一
63	605376	博迁新材	买一主买，成功率43.65	49.77	5.89	-3970.62	9050.76	13021.39	22072.15	95016.78	-4.18	23.23	30.74	33	有价格涨跌幅限制的日换手率达到20的前三只证券	20210104	星期一
64	900939	汇丽B	实力游资买入，成功率27.42	0.86	9.99	17.32	51.53	34.20	85.73	147.19	11.77	58.25	1.99	1	有价格涨跌幅限制的日收盘价格涨幅偏离值达到7的前三只证券	20210104	星期一
65	900953	凯马B	买一主买，成功率29.61	0.42	9.90	13.88	44.23	30.34	74.57	111.64	12.43	66.80	1.13	1	有价格涨跌幅限制的日收盘价格涨幅偏离值达到7的前三只证券	20210104	星期一
66	900957	凌云B股	买一主买，成功率23.57	0.55	9.94	33.61	47.04	13.43	60.47	85.42	39.35	70.79	0.86	1	有价格涨跌幅限制的日收盘价格涨幅偏离值达到7的前三只证券	20210104	星期一
