1	000007	全新好	卖一主卖，成功率28.90	4.11	-10.07	-852.00	590.81	1442.82	2033.63	1482.64	-57.47	137.16	1.17	13	日跌幅偏离值达到7的前5只证券	20210108	星期五
2	000570	苏常柴A	浙江资金买入，成功率47.89	6.48	10.02	2798.92	6177.92	3379.00	9556.91	30593.84	9.15	31.24	12.50	27	日振幅值达到15的前5只证券	20210108	星期五
3	000570	苏常柴A	浙江资金买入，成功率47.89	6.48	10.02	2798.92	6177.92	3379.00	9556.91	30593.84	9.15	31.24	12.50	27	日涨幅偏离值达到7的前5只证券	20210108	星期五
4	000570	苏常柴A	浙江资金买入，成功率43.57	6.48	10.02	4045.99	7960.51	3914.52	11875.03	48608.55	8.32	24.43	12.50	27	连续三个交易日内，涨幅偏离值累计达到20的证券	20210108	星期五
5	000633	合金投资	浙江资金卖出，成功率41.27	5.51	-9.97	-1019.21	2474.91	3494.13	5969.04	26622.35	-3.83	22.42	12.35	21	日跌幅偏离值达到7的前5只证券	20210108	星期五
6	000662	*ST天夏	卖一主卖，成功率42.61	0.64	-4.48	-109.20	168.38	277.57	445.95	683.68	-15.97	65.23	0.16	7	连续三个交易日内，跌幅偏离值累计达到12的ST证券、*ST证券和未完成股改证券	20210108	星期五
7	000715	中兴商业	实力游资卖出，成功率37.78	4.51	-5.85	-1098.35	1165.43	2263.78	3429.21	9081.11	-12.09	37.76	0.83	19	连续三个交易日内，跌幅偏离值累计达到20的证券	20210108	星期五
8	000718	苏宁环球	主力做T，成功率33.68	4.38	-2.88	-4358.14	9396.99	13755.14	23152.13	101260.80	-4.30	22.86	9.69	100	日振幅值达到15的前5只证券	20210108	星期五
9	000767	晋控电力	主力做T，成功率47.62	4.73	10.00	7491.34	14777.94	7286.60	22064.54	114081.37	6.57	19.34	9.19	138	日振幅值达到15的前5只证券	20210108	星期五
10	000767	晋控电力	主力做T，成功率47.62	4.73	10.00	7491.34	14777.94	7286.60	22064.54	114081.37	6.57	19.34	9.19	138	日涨幅偏离值达到7的前5只证券	20210108	星期五
11	000767	晋控电力	主力做T，成功率45.50	4.73	10.00	3880.94	28890.43	25009.49	53899.92	357101.36	1.09	15.09	9.19	138	连续三个交易日内，涨幅偏离值累计达到20的证券	20210108	星期五
12	000923	河钢资源	1家机构买入，成功率52.08	27.30	9.99	-4628.90	9316.75	13945.64	23262.39	43995.60	-10.52	52.87	2.73	171	日涨幅偏离值达到7的前5只证券	20210108	星期五
13	000927	中国铁物	实力游资卖出，成功率31.85	5.56	-10.03	-1213.65	3499.72	4713.36	8213.08	37654.71	-3.22	21.81	4.18	89	日跌幅偏离值达到7的前5只证券	20210108	星期五
14	000938	紫光股份	买一主买，成功率31.66	22.24	9.99	19256.77	32637.69	13380.92	46018.62	182472.47	10.55	25.22	2.94	636	日涨幅偏离值达到7的前5只证券	20210108	星期五
15	000962	东方钽业	1家机构卖出，成功率46.34	8.40	-9.87	-3529.78	2067.42	5597.20	7664.61	22832.71	-15.46	33.57	6.06	37	日跌幅偏离值达到7的前5只证券	20210108	星期五
16	000977	浪潮信息	主力做T，成功率40.07	29.21	10.02	13962.06	27955.75	13993.69	41949.45	196618.25	7.10	21.34	4.72	424	日涨幅偏离值达到7的前5只证券	20210108	星期五
17	002149	西部材料	1家机构卖出，成功率24.44	16.94	-9.99	-3314.08	3585.00	6899.09	10484.09	36207.41	-9.15	28.96	4.92	72	日跌幅偏离值达到7的前5只证券	20210108	星期五
18	002164	宁波东力	主力做T，成功率31.92	7.27	2.39	173.94	9142.03	8968.09	18110.12	113726.03	0.15	15.92	22.84	32	连续三个交易日内，涨幅偏离值累计达到20的证券	20210108	星期五
19	002164	宁波东力	西藏自治区资金买入，成功率33.62	7.27	2.39	-4943.95	4003.43	8947.38	12950.82	75334.07	-6.56	17.19	22.84	32	日换手率达到20的前5只证券	20210108	星期五
20	002176	*ST江特	实力游资买入，成功率29.76	4.56	5.07	1085.13	9165.70	8080.57	17246.27	58089.00	1.87	29.69	0.35	78	连续三个交易日内，涨幅偏离值累计达到12的ST证券、*ST证券	20210108	星期五
21	002177	御银股份	实力游资买入，成功率40.74	5.63	9.96	2256.47	7483.29	5226.82	12710.11	64095.54	3.52	19.83	15.16	43	日涨幅偏离值达到7的前5只证券	20210108	星期五
22	002219	*ST恒康	北京资金卖出，成功率27.14	1.54	-4.94	-2064.88	999.22	3064.10	4063.32	6890.31	-29.97	58.97	0.71	28	连续三个交易日内，跌幅偏离值累计达到12的ST证券、*ST证券	20210108	星期五
23	002291	星期六	3家机构买入，成功率57.64	16.75	9.98	2887.55	8388.07	5500.52	13888.60	47213.56	6.12	29.42	4.86	103	日振幅值达到15的前5只证券	20210108	星期五
24	002340	格林美	2家机构买入，成功率49.97	9.15	9.98	31634.32	74806.36	43172.04	117978.41	589047.15	5.37	20.03	14.37	436	日涨幅偏离值达到7的前5只证券	20210108	星期五
25	002342	巨力索具	主力做T，成功率24.33	5.87	-4.55	-346.30	12591.61	12937.92	25529.53	172245.23	-0.20	14.82	31.86	51	日振幅值达到15的前5只证券	20210108	星期五
26	002342	巨力索具	主力做T，成功率24.33	5.87	-4.55	-346.30	12591.61	12937.92	25529.53	172245.23	-0.20	14.82	31.86	51	日换手率达到20的前5只证券	20210108	星期五
27	002429	兆驰股份	3家机构买入，成功率51.25	6.53	9.93	8945.07	23333.37	14388.29	37721.66	119519.43	7.48	31.56	4.14	294	日涨幅偏离值达到7的前5只证券	20210108	星期五
28	002466	天齐锂业	1家机构买入，成功率35.62	54.34	10.00	-27672.59	51015.62	78688.21	129703.83	855733.65	-3.23	15.16	11.37	801	日涨幅偏离值达到7的前5只证券	20210108	星期五
29	002466	天齐锂业	1家机构买入，成功率40.69	54.34	10.00	16573.91	125717.29	109143.38	234860.67	2127923.05	0.78	11.04	11.37	801	连续三个交易日内，涨幅偏离值累计达到20的证券	20210108	星期五
30	002497	雅化集团	卖一主卖，成功率46.27	28.44	-4.82	-8712.46	51894.88	60607.33	112502.21	517534.65	-1.68	21.74	20.50	259	日换手率达到20的前5只证券	20210108	星期五
31	002585	双星新材	主力做T，成功率46.98	10.88	10.01	3436.92	9862.93	6426.01	16288.94	54595.35	6.30	29.84	5.89	96	日涨幅偏离值达到7的前5只证券	20210108	星期五
32	002625	光启技术	1家机构买入，成功率46.58	27.38	0.66	789.97	37983.85	37193.88	75177.73	247707.55	0.32	30.35	6.18	407	日振幅值达到15的前5只证券	20210108	星期五
33	002717	岭南股份	1家机构买入，成功率52.81	3.35	4.69	886.06	2183.37	1297.30	3480.67	9149.01	9.68	38.04	2.52	37	日振幅值达到15的前5只证券	20210108	星期五
34	002747	埃斯顿	2家机构卖出，成功率41.27	30.95	-10.00	-0.66	10568.60	10569.26	21137.86	45064.11	0.00	46.91	1.93	226	日跌幅偏离值达到7的前5只证券	20210108	星期五
35	002770	ST科迪	实力游资卖出，成功率29.21	1.61	-2.42	71.89	1547.52	1475.64	3023.16	12297.70	0.58	24.58	4.09	10	连续三个交易日内，跌幅偏离值累计达到12的ST证券、*ST证券	20210108	星期五
36	002781	奇信股份	卖一主卖，成功率47.44	8.89	-10.02	-469.04	139.31	608.34	747.65	608.34	-77.10	122.90	0.33	19	日跌幅偏离值达到7的前5只证券	20210108	星期五
37	002789	建艺集团	主力做T，成功率40.00	16.09	1.84	8.16	2061.08	2052.93	4114.01	7020.67	0.12	58.60	5.54	14	日振幅值达到15的前5只证券	20210108	星期五
38	002910	庄园牧场	主力做T，成功率66.61	12.67	1.85	-3698.07	3714.80	7412.88	11127.68	47141.43	-7.84	23.60	28.32	16	日换手率达到20的前5只证券	20210108	星期五
39	003000	华文食品	2家机构卖出，成功率40.48	15.62	-5.68	-3451.73	1708.11	5159.84	6867.95	18011.58	-19.16	38.13	28.76	6	日换手率达到20的前5只证券	20210108	星期五
40	003028	振邦智能	卖一主卖，成功率61.67	44.96	-9.99	-849.81	863.23	1713.04	2576.27	4350.78	-19.53	59.21	3.53	12	日跌幅偏离值达到7的前5只证券	20210108	星期五
41	003028	振邦智能	1家机构卖出，成功率43.11	44.96	-9.99	-1521.71	2785.60	4307.31	7092.91	13010.78	-11.70	54.52	3.53	12	连续三个交易日内，跌幅偏离值累计达到20的证券	20210108	星期五
42	003029	吉大正元	卖一主卖，成功率58.50	28.18	-10.00	-729.77	410.58	1140.36	1550.94	2952.14	-24.72	52.54	2.32	13	日跌幅偏离值达到7的前5只证券	20210108	星期五
43	003029	吉大正元	主力做T，成功率55.78	28.18	-10.00	1787.52	6341.28	4553.76	10895.05	15873.81	11.26	68.64	2.32	13	连续三个交易日内，跌幅偏离值累计达到20的证券	20210108	星期五
44	300038	数知科技	买一主买，成功率44.83	4.00	20.12	4620.35	8228.97	3608.62	11837.60	39478.22	11.70	29.99	9.27	46	日涨幅达到15的前5只证券	20210108	星期五
45	300211	亿通科技	实力游资买入，成功率32.49	9.15	7.65	621.91	4951.89	4329.98	9281.86	67371.41	0.92	13.78	10.38	27	连续三个交易日内，涨幅偏离值累计达到30的证券	20210108	星期五
46	300305	裕兴股份	实力游资买入，成功率44.64	9.67	19.98	626.23	2008.85	1382.62	3391.46	4664.87	13.42	72.70	2.07	22	日涨幅达到15的前5只证券	20210108	星期五
47	300321	同大股份	实力游资买入，成功率28.56	20.00	15.94	616.37	1325.08	708.70	2033.78	5010.06	12.30	40.59	3.22	16	日涨幅达到15的前5只证券	20210108	星期五
48	300459	金科文化	实力游资买入，成功率38.71	3.42	20.00	10818.76	14789.29	3970.53	18759.82	54018.27	20.03	34.73	6.65	84	日涨幅达到15的前5只证券	20210108	星期五
49	300752	隆利科技	1家机构买入，成功率34.39	52.70	4.36	2475.84	9186.94	6711.10	15898.04	60201.43	4.11	26.41	33.51	18	日换手率达到30的前5只证券	20210108	星期五
50	300807	天迈科技	主力做T，成功率80.00	30.31	-2.98	-9774.28	778951.74	788726.02	1567677.76	434493.00	-2.25	360.81	11.30	9	严重异常期间日收盘价格跌幅偏离值累计达到70的证券	20210108	星期五
51	300894	火星人	主力做T，成功率66.04	58.13	16.05	-5357.68	5009.80	10367.48	15377.29	91619.21	-5.85	16.78	43.55	22	日涨幅达到15的前5只证券	20210108	星期五
52	300894	火星人	主力做T，成功率66.04	58.13	16.05	-5357.68	5009.80	10367.48	15377.29	91619.21	-5.85	16.78	43.55	22	日换手率达到30的前5只证券	20210108	星期五
53	300910	瑞丰新材	2家机构买入，成功率38.64	79.67	3.15	-6889.35	8250.61	15139.97	23390.58	93058.84	-7.40	25.14	32.60	28	日换手率达到30的前5只证券	20210108	星期五
54	300922	天秦装备	实力游资卖出，成功率46.27	44.80	-7.30	-1426.40	2047.04	3473.44	5520.49	41858.83	-3.41	13.19	34.76	12	日换手率达到30的前5只证券	20210108	星期五
55	300925	法本信息	实力游资买入，成功率33.75	64.98	11.86	2653.56	7034.67	4381.11	11415.78	92226.15	2.88	12.38	48.92	20	日换手率达到30的前5只证券	20210108	星期五
56	600033	福建高速	买一主买，成功率18.89	2.65	1.15	870.08	870.08	-	870.08	1463.06	59.47	59.47	0.20	73	单只标的证券的当日融资买入数量达到当日该证券总交易量的50％以上	20210108	星期五
57	600187	国中水务	实力游资买入，成功率38.72	2.59	10.21	2062.62	3204.29	1141.67	4345.96	11268.22	18.30	38.57	2.73	43	有价格涨跌幅限制的日收盘价格涨幅偏离值达到7的前三只证券	20210108	星期五
58	600189	泉阳泉	实力游资买入，成功率40.30	15.96	9.99	4562.84	15044.83	10481.99	25526.83	114614.80	3.98	22.27	13.43	90	有价格涨跌幅限制的日价格振幅达到15的前三只证券	20210108	星期五
59	600405	动力源	实力游资卖出，成功率26.59	7.62	-8.30	-5578.14	5241.05	10819.19	16060.23	119422.99	-4.67	13.45	27.50	42	有价格涨跌幅限制的日价格振幅达到15的前三只证券	20210108	星期五
60	600405	动力源	实力游资卖出，成功率26.59	7.62	-8.30	-5578.14	5241.05	10819.19	16060.23	119422.99	-4.67	13.45	27.50	42	有价格涨跌幅限制的日换手率达到20的前三只证券	20210108	星期五
61	600439	瑞贝卡	上海资金买入，成功率35.89	2.48	10.22	1067.22	1807.06	739.84	2546.90	6555.77	16.28	38.85	2.40	28	有价格涨跌幅限制的日收盘价格涨幅偏离值达到7的前三只证券	20210108	星期五
62	600655	豫园股份	实力游资买入，成功率34.62	14.32	9.98	3419.89	38688.94	35269.05	73957.99	539025.20	0.63	13.72	10.77	230	非ST、*ST和S证券连续三个交易日内收盘价格涨幅偏离值累计达到20的证券	20210108	星期五
63	600687	退市刚泰	卖一主卖，成功率23.53	0.41	-8.89	-0.05	0.63	0.68	1.32	0.68	-7.78	192.22	0.00	6	退市整理的证券	20210108	星期五
64	600793	宜宾纸业	买一主买，成功率47.75	10.91	9.98	1277.07	4281.50	3004.43	7285.93	18962.73	6.73	38.42	2.80	19	非ST、*ST和S证券连续三个交易日内收盘价格涨幅偏离值累计达到20的证券	20210108	星期五
65	600807	济南高新	买一主买，成功率39.47	3.69	10.15	1102.14	1404.49	302.35	1706.84	2052.06	53.71	83.18	0.72	29	有价格涨跌幅限制的日收盘价格涨幅偏离值达到7的前三只证券	20210108	星期五
66	601908	京运通	实力游资买入，成功率38.30	14.51	10.01	-27105.61	32189.71	59295.32	91485.03	692337.62	-3.92	13.21	10.20	289	非ST、*ST和S证券连续三个交易日内收盘价格涨幅偏离值累计达到20的证券	20210108	星期五
67	603131	上海沪工	1家机构卖出，成功率38.22	26.43	-10.01	-3014.54	2958.46	5973.00	8931.46	31344.15	-9.62	28.49	3.85	78	有价格涨跌幅限制的日收盘价格跌幅偏离值达到7的前三只证券	20210108	星期五
68	603358	华达科技	买一主买，成功率9.50	17.38	6.11	3093.76	6785.18	3691.43	10476.61	12556.68	24.64	83.43	2.46	55	有价格涨跌幅限制的日价格振幅达到15的前三只证券	20210108	星期五
69	603565	中谷物流	1家机构买入，成功率31.41	28.39	10.00	4148.44	7151.35	3002.91	10154.26	43947.95	9.44	23.11	23.88	19	有价格涨跌幅限制的日换手率达到20的前三只证券	20210108	星期五
70	603982	泉峰汽车	实力游资卖出，成功率52.31	17.51	-10.02	463.41	2294.31	1830.90	4125.21	24998.11	1.85	16.50	17.09	14	有价格涨跌幅限制的日收盘价格跌幅偏离值达到7的前三只证券	20210108	星期五
71	605179	一鸣食品	实力游资卖出，成功率19.48	23.27	-10.02	-2361.66	6485.66	8847.32	15332.99	71922.18	-3.28	21.32	50.11	14	有价格涨跌幅限制的日收盘价格跌幅偏离值达到7的前三只证券	20210108	星期五
72	605179	一鸣食品	实力游资卖出，成功率19.48	23.27	-10.02	-2361.66	6485.66	8847.32	15332.99	71922.18	-3.28	21.32	50.11	14	有价格涨跌幅限制的日换手率达到20的前三只证券	20210108	星期五
73	900938	海科B	上海资金买入，成功率48.79	0.25	10.22	14.48	40.17	25.70	65.87	119.68	12.10	55.04	1.51	0	有价格涨跌幅限制的日收盘价格涨幅偏离值达到7的前三只证券	20210108	星期五
