1	000020	深华发A	实力游资卖出，成功率22.09	8.55	-7.07	-443.16	771.00	1214.16	1985.17	10329.29	-4.29	19.22	6.64	15	日跌幅偏离值达到7的前5只证券	20210127	星期三
2	000026	飞亚达	1家机构买入，成功率45.71	13.08	10.01	1687.16	3171.26	1484.10	4655.36	11293.48	14.94	41.22	2.50	47	日涨幅偏离值达到7的前5只证券	20210127	星期三
3	000586	汇源通信	福建资金卖出，成功率38.08	6.65	-5.41	-493.92	2310.89	2804.80	5115.69	5847.55	-8.45	87.48	4.20	13	日振幅值达到15的前5只证券	20210127	星期三
4	000615	奥园美谷	1家机构卖出，成功率29.87	9.99	-10.00	-3863.84	3517.78	7381.62	10899.40	45601.52	-8.47	23.90	5.76	77	日跌幅偏离值达到7的前5只证券	20210127	星期三
5	000691	亚太实业	1家机构买入，成功率39.73	6.55	10.08	-1648.45	3810.43	5458.87	9269.30	46681.06	-3.53	19.86	24.87	19	日涨幅偏离值达到7的前5只证券	20210127	星期三
6	000691	亚太实业	1家机构买入，成功率39.73	6.55	10.08	-1648.45	3810.43	5458.87	9269.30	46681.06	-3.53	19.86	24.87	19	日换手率达到20的前5只证券	20210127	星期三
7	000698	沈阳化工	买一主买，成功率45.94	6.53	9.93	3154.45	3903.63	749.19	4652.82	6016.03	52.43	77.34	1.17	51	日涨幅偏离值达到7的前5只证券	20210127	星期三
8	000799	酒鬼酒	1家机构卖出，成功率50.78	172.66	-7.03	7748.06	42820.07	35072.01	77892.07	328739.23	2.36	23.69	5.84	561	日跌幅偏离值达到7的前5只证券	20210127	星期三
9	000812	陕西金叶	1家机构买入，成功率39.54	3.45	9.87	3692.04	4604.13	912.10	5516.23	8941.23	41.29	61.69	3.93	23	日涨幅偏离值达到7的前5只证券	20210127	星期三
10	000818	航锦科技	实力游资买入，成功率59.09	23.13	9.99	3686.65	13041.02	9354.37	22395.39	58652.97	6.29	38.18	3.86	157	日涨幅偏离值达到7的前5只证券	20210127	星期三
11	002127	南极电商	1家机构买入，成功率55.36	9.53	10.05	1705.56	21755.22	20049.66	41804.88	117220.34	1.46	35.66	6.42	187	日涨幅偏离值达到7的前5只证券	20210127	星期三
12	002145	中核钛白	1家机构买入，成功率59.22	7.82	5.11	9972.82	23844.07	13871.25	37715.32	162246.60	6.15	23.25	13.68	124	日振幅值达到15的前5只证券	20210127	星期三
13	002177	御银股份	主力做T，成功率32.25	5.43	-9.95	-638.45	3129.81	3768.26	6898.07	45858.93	-1.39	15.04	10.90	41	日跌幅偏离值达到7的前5只证券	20210127	星期三
14	002195	二三四五	1家机构卖出，成功率42.50	1.64	-6.82	3423.15	10784.25	7361.10	18145.35	89564.93	3.82	20.26	7.80	93	连续三个交易日内，跌幅偏离值累计达到20的证券	20210127	星期三
15	002240	盛新锂能	1家机构买入，成功率43.32	30.14	2.00	-6533.54	30830.47	37364.01	68194.49	333040.64	-1.96	20.48	16.76	210	日振幅值达到15的前5只证券	20210127	星期三
16	002245	蔚蓝锂芯	实力游资买入，成功率44.30	13.15	10.04	8152.30	14584.04	6431.74	21015.78	98154.87	8.31	21.41	8.51	122	日振幅值达到15的前5只证券	20210127	星期三
17	002245	蔚蓝锂芯	实力游资买入，成功率44.30	13.15	10.04	8152.30	14584.04	6431.74	21015.78	98154.87	8.31	21.41	8.51	122	日涨幅偏离值达到7的前5只证券	20210127	星期三
18	002297	博云新材	1家机构卖出，成功率34.24	7.23	-9.96	-1315.17	1518.17	2833.33	4351.50	18461.36	-7.12	23.57	5.34	34	日跌幅偏离值达到7的前5只证券	20210127	星期三
19	002312	三泰控股	主力做T，成功率41.61	7.92	10.00	2148.46	13385.84	11237.39	24623.23	82784.66	2.60	29.74	8.17	105	日涨幅偏离值达到7的前5只证券	20210127	星期三
20	002331	皖通科技	广东资金买入，成功率23.56	15.05	10.01	13400.08	17190.11	3790.03	20980.14	59599.19	22.48	35.20	6.80	58	连续三个交易日内，涨幅偏离值累计达到20的证券	20210127	星期三
21	002372	伟星新材	3家机构买入，成功率47.64	22.11	10.00	-1824.56	23494.40	25318.96	48813.36	76188.13	-2.39	64.07	2.51	314	日涨幅偏离值达到7的前5只证券	20210127	星期三
22	002372	伟星新材	2家机构买入，成功率48.40	22.11	10.00	-322.89	35934.41	36257.31	72191.72	126465.05	-0.26	57.08	2.51	314	连续三个交易日内，涨幅偏离值累计达到20的证券	20210127	星期三
23	002416	爱施德	2家机构卖出，成功率54.11	10.91	-3.28	5437.52	56379.55	50942.02	107321.57	456478.95	1.19	23.51	8.31	133	连续三个交易日内，跌幅偏离值累计达到20的证券	20210127	星期三
24	002612	朗姿股份	1家机构卖出，成功率35.88	20.95	-10.01	-1090.96	4259.66	5350.62	9610.27	65452.73	-1.67	14.68	11.48	55	日跌幅偏离值达到7的前5只证券	20210127	星期三
25	002699	美盛文化	卖一主卖，成功率48.76	5.15	-4.45	-4996.02	3519.91	8515.93	12035.84	34616.22	-14.43	34.77	2.56	47	连续三个交易日内，跌幅偏离值累计达到20的证券	20210127	星期三
26	002721	金一文化	1家机构买入，成功率39.37	2.59	0.78	1395.37	2240.07	844.70	3084.76	8060.72	17.31	38.27	4.38	19	日振幅值达到15的前5只证券	20210127	星期三
27	002841	视源股份	3家机构买入，成功率50.16	131.45	10.00	7851.79	22561.38	14709.59	37270.98	65102.96	12.06	57.25	0.91	526	连续三个交易日内，涨幅偏离值累计达到20的证券	20210127	星期三
28	002928	华夏航空	4家机构买入，成功率50.62	13.48	2.35	10025.05	27591.06	17566.01	45157.07	87969.86	11.40	51.33	7.74	56	连续三个交易日内，涨幅偏离值累计达到20的证券	20210127	星期三
29	002943	宇晶股份	卖一主卖，成功率36.81	18.23	-9.98	59.21	3512.00	3452.79	6964.80	25303.10	0.23	27.53	25.99	10	日跌幅偏离值达到7的前5只证券	20210127	星期三
30	002943	宇晶股份	实力游资卖出，成功率42.52	18.23	-9.98	-1789.80	5904.23	7694.03	13598.26	81879.58	-2.19	16.61	25.99	10	连续三个交易日内，跌幅偏离值累计达到20的证券	20210127	星期三
31	002943	宇晶股份	卖一主卖，成功率36.81	18.23	-9.98	59.21	3512.00	3452.79	6964.80	25303.10	0.23	27.53	25.99	10	日换手率达到20的前5只证券	20210127	星期三
32	002959	小熊电器	2家机构卖出，成功率47.13	105.10	-9.40	-6218.77	11140.17	17358.94	28499.11	119461.33	-5.21	23.86	8.52	80	连续三个交易日内，跌幅偏离值累计达到20的证券	20210127	星期三
33	003004	声迅股份	西藏自治区资金买入，成功率28.39	33.30	4.03	-1625.95	774.52	2400.47	3174.98	20158.10	-8.07	15.75	30.17	7	日换手率达到20的前5只证券	20210127	星期三
34	003018	金富科技	买一主买，成功率53.11	13.65	9.99	298.39	3233.22	2934.83	6168.05	21648.83	1.38	28.49	25.41	9	日换手率达到20的前5只证券	20210127	星期三
35	003022	联泓新科	3家机构买入，成功率44.25	28.16	10.00	1591.95	12734.14	11142.19	23876.33	66027.44	2.41	36.16	16.97	41	日振幅值达到15的前5只证券	20210127	星期三
36	003022	联泓新科	3家机构买入，成功率44.25	28.16	10.00	1591.95	12734.14	11142.19	23876.33	66027.44	2.41	36.16	16.97	41	日涨幅偏离值达到7的前5只证券	20210127	星期三
37	003030	祖名股份	1家机构买入，成功率44.11	45.80	5.65	846.05	3840.15	2994.10	6834.25	38544.39	2.20	17.73	27.90	14	日换手率达到20的前5只证券	20210127	星期三
38	003031	中瓷电子	1家机构卖出，成功率27.00	80.18	-10.00	-1317.14	2453.25	3770.39	6223.63	27357.66	-4.81	22.75	12.64	21	日跌幅偏离值达到7的前5只证券	20210127	星期三
39	003032	传智教育	实力游资卖出，成功率37.59	20.23	-5.91	2306.44	6259.10	3952.66	10211.76	27231.24	8.47	37.50	34.28	8	日换手率达到20的前5只证券	20210127	星期三
40	300184	力源信息	主力做T，成功率37.46	3.50	-19.91	1772.31	3615.48	1843.18	5458.66	29304.35	6.05	18.63	8.27	35	日跌幅达到15的前5只证券	20210127	星期三
41	300459	金科文化	主力做T，成功率47.31	3.88	16.52	3373.88	11279.90	7906.02	19185.91	124199.75	2.72	15.45	11.33	114	日涨幅达到15的前5只证券	20210127	星期三
42	300592	华凯创意	3家机构卖出，成功率41.11	16.15	-20.01	-1098.15	2974.04	4072.18	7046.22	16866.86	-6.51	41.78	10.75	15	日跌幅达到15的前5只证券	20210127	星期三
43	300613	富瀚微	上海资金买入，成功率48.49	142.61	20.00	13232.69	19743.65	6510.96	26254.62	58505.57	22.62	44.88	5.69	108	日涨幅达到15的前5只证券	20210127	星期三
44	300781	因赛集团	实力游资买入，成功率36.21	33.00	8.70	-1033.95	1744.12	2778.08	4522.20	33193.12	-3.11	13.62	36.29	9	日换手率达到30的前5只证券	20210127	星期三
45	300846	首都在线	实力游资买入，成功率26.89	27.72	20.00	1021.85	3945.24	2923.39	6868.63	37746.64	2.71	18.20	29.22	14	日涨幅达到15的前5只证券	20210127	星期三
46	300846	首都在线	实力游资买入，成功率29.01	27.72	20.00	1240.39	4409.08	3168.69	7577.77	57279.80	2.17	13.23	29.22	14	连续三个交易日内，涨幅偏离值累计达到30的证券	20210127	星期三
47	300879	大叶股份	西藏自治区资金买入，成功率36.73	33.00	8.02	-2776.47	2793.63	5570.10	8363.73	41258.97	-6.73	20.27	34.61	13	日换手率达到30的前5只证券	20210127	星期三
48	300906	日月明	实力游资卖出，成功率38.81	51.60	-13.13	3113.92	6330.13	3216.21	9546.33	46897.46	6.64	20.36	44.86	10	日换手率达到30的前5只证券	20210127	星期三
49	300937	药易购	实力游资买入，成功率24.67	39.94	226.04	5144.10	6130.91	986.81	7117.73	62353.31	8.25	11.42	68.46	9	无价格涨跌幅限制的证券	20210127	星期三
50	300938	信测标准	西藏自治区资金买入，成功率27.67	55.20	48.07	1108.35	2570.19	1461.84	4032.03	49109.02	2.26	8.21	48.93	9	无价格涨跌幅限制的证券	20210127	星期三
51	600086	退市金钰	卖一主卖，成功率20.00	0.50	-10.71	0.00	0.09	0.09	0.17	0.09	0.00	200.00	0.00	5	有价格涨跌幅限制的日收盘价格跌幅偏离值达到7的前三只证券	20210127	星期三
52	600086	退市金钰	卖一主卖，成功率16.67	0.50	-10.71	-0.04	3.18	3.22	6.40	3.22	-1.37	198.63	0.00	5	非ST、*ST和S证券连续三个交易日内收盘价格跌幅偏离值累计达到20的证券	20210127	星期三
53	600086	退市金钰	卖一主卖，成功率20.00	0.50	-10.71	0.00	0.09	0.09	0.17	0.09	0.00	200.00	0.00	5	退市整理的证券	20210127	星期三
54	600143	金发科技	买一主买，成功率41.60	28.90	10.01	892.41	144347.16	143454.75	287801.91	1343197.58	0.07	21.43	6.59	744	非ST、*ST和S证券连续三个交易日内收盘价格涨幅偏离值累计达到20的证券	20210127	星期三
55	600291	西水股份	实力游资卖出，成功率39.70	3.70	-9.98	393.94	1460.38	1066.44	2526.82	15659.68	2.52	16.14	0.31	40	非ST、*ST和S证券连续三个交易日内收盘价格跌幅偏离值累计达到20的证券	20210127	星期三
56	600515	海航基础	1家机构买入，成功率28.72	7.48	7.78	13370.73	25421.30	12050.57	37471.87	223880.70	5.97	16.74	9.81	124	非ST、*ST和S证券连续三个交易日内收盘价格涨幅偏离值累计达到20的证券	20210127	星期三
57	600576	祥源文化	实力游资买入，成功率42.39	3.87	9.94	332.22	1431.38	1099.16	2530.54	6164.65	5.39	41.05	1.74	24	非ST、*ST和S证券连续三个交易日内收盘价格涨幅偏离值累计达到20的证券	20210127	星期三
58	600687	退市刚泰	买一主买，成功率48.33	0.34	9.68	-3.10	126.29	129.38	255.67	346.79	-0.89	73.72	0.70	5	退市整理的证券	20210127	星期三
59	600792	云煤能源	实力游资买入，成功率42.81	4.40	1.15	-1506.34	3377.68	4884.03	8261.71	52450.78	-2.87	15.75	11.43	44	有价格涨跌幅限制的日价格振幅达到15的前三只证券	20210127	星期三
60	600818	中路股份	实力游资买入，成功率48.22	8.51	9.95	257.29	1268.07	1010.77	2278.84	4407.63	5.84	51.70	1.59	20	非ST、*ST和S证券连续三个交易日内收盘价格涨幅偏离值累计达到20的证券	20210127	星期三
61	600844	丹化科技	买一主买，成功率39.84	5.47	10.06	885.81	6021.13	5135.32	11156.45	59412.04	1.49	18.78	13.86	45	有价格涨跌幅限制的日收盘价格涨幅偏离值达到7的前三只证券	20210127	星期三
62	600844	丹化科技	买一主买，成功率38.91	5.47	10.06	2133.86	8979.71	6845.85	15825.56	104737.66	2.04	15.11	13.86	45	非ST、*ST和S证券连续三个交易日内收盘价格涨幅偏离值累计达到20的证券	20210127	星期三
63	601015	陕西黑猫	实力游资卖出，成功率29.74	7.30	-5.32	-2208.94	11452.67	13661.60	25114.27	138895.34	-1.59	18.08	11.21	119	有价格涨跌幅限制的日价格振幅达到15的前三只证券	20210127	星期三
64	603058	永吉股份	实力游资卖出，成功率64.44	8.79	-10.03	74.80	958.64	883.83	1842.47	4549.70	1.64	40.50	1.24	37	有价格涨跌幅限制的日收盘价格跌幅偏离值达到7的前三只证券	20210127	星期三
65	603100	川仪股份	1家机构买入，成功率43.31	14.03	10.04	1008.00	3167.80	2159.80	5327.60	17520.41	5.75	30.41	3.28	55	有价格涨跌幅限制的日收盘价格涨幅偏离值达到7的前三只证券	20210127	星期三
66	603178	圣龙股份	广东资金买入，成功率33.93	9.67	10.01	2530.46	3854.14	1323.68	5177.82	5406.15	46.81	95.78	1.69	19	非ST、*ST和S证券连续三个交易日内收盘价格涨幅偏离值累计达到20的证券	20210127	星期三
67	603366	日出东方	浙江资金买入，成功率45.03	5.51	9.98	2310.26	4122.34	1812.09	5934.43	23178.46	9.97	25.60	3.51	44	非ST、*ST和S证券连续三个交易日内收盘价格涨幅偏离值累计达到20的证券	20210127	星期三
68	603718	海利生物	卖一主卖，成功率54.40	11.06	-10.01	-2140.65	2297.40	4438.06	6735.46	38703.42	-5.53	17.40	5.38	71	有价格涨跌幅限制的日收盘价格跌幅偏离值达到7的前三只证券	20210127	星期三
69	603726	朗迪集团	实力游资买入，成功率31.43	13.70	10.04	1164.79	2867.15	1702.36	4569.50	12706.22	9.17	35.96	3.85	25	非ST、*ST和S证券连续三个交易日内收盘价格涨幅偏离值累计达到20的证券	20210127	星期三
70	603856	东宏股份	实力游资买入，成功率33.39	13.92	10.04	2269.85	3377.07	1107.22	4484.28	12284.68	18.48	36.50	3.47	36	有价格涨跌幅限制的日收盘价格涨幅偏离值达到7的前三只证券	20210127	星期三
71	605155	西大门	买一主买，成功率29.93	29.40	0.31	1901.95	5059.10	3157.15	8216.25	43498.83	4.37	18.89	65.17	7	有价格涨跌幅限制的日换手率达到20的前三只证券	20210127	星期三
72	605183	确成股份	实力游资买入，成功率37.36	20.89	10.01	2590.34	8516.41	5926.07	14442.49	53787.37	4.82	26.85	53.88	10	有价格涨跌幅限制的日换手率达到20的前三只证券	20210127	星期三
73	605228	神通科技	买一主买，成功率72.24	13.66	9.98	1149.41	1198.61	49.20	1247.81	1198.61	95.90	104.10	0.55	11	非ST、*ST和S证券连续三个交易日内收盘价格涨幅偏离值累计达到20的证券	20210127	星期三
74	605255	天普股份	实力游资买入，成功率56.98	24.20	10.00	-162.59	4545.39	4707.98	9253.38	29179.01	-0.56	31.71	38.16	8	有价格涨跌幅限制的日价格振幅达到15的前三只证券	20210127	星期三
75	605255	天普股份	实力游资买入，成功率64.13	24.20	10.00	-669.60	8520.32	9189.92	17710.24	86732.23	-0.77	20.42	38.16	8	非ST、*ST和S证券连续三个交易日内收盘价格涨幅偏离值累计达到20的证券	20210127	星期三
76	605333	沪光股份	实力游资卖出，成功率39.53	16.33	-4.34	-1090.23	4454.75	5544.98	9999.72	31171.25	-3.50	32.08	45.23	7	有价格涨跌幅限制的日换手率达到20的前三只证券	20210127	星期三
77	688155	先惠技术	2家机构买入，成功率49.86	95.00	6.26	9028.20	22430.32	13402.12	35832.44	69407.67	13.01	51.63	9.85	16	有价格涨跌幅限制的连续3个交易日内收盘价格涨幅偏离值累计达到30的证券	20210127	星期三
78	688686	奥普特	2家机构买入，成功率47.47	375.00	16.46	10969.09	17489.80	6520.71	24010.52	43048.64	25.48	55.78	7.21	64	有价格涨跌幅限制的日收盘价格涨幅达到15的前五只证券	20210127	星期三
79	900921	丹科B股	上海资金买入，成功率38.00	0.25	9.01	-5.81	23.40	29.21	52.61	101.99	-5.70	51.59	2.15	0	有价格涨跌幅限制的日价格振幅达到15的前三只证券	20210127	星期三
80	900921	丹科B股	上海资金买入，成功率38.00	0.25	9.01	-5.81	23.40	29.21	52.61	101.99	-5.70	51.59	2.15	0	有价格涨跌幅限制的日收盘价格涨幅偏离值达到7的前三只证券	20210127	星期三
