1	000007	全新好	卖一主卖，成功率20.34	3.33	-10.00	-3328.13	2049.64	5377.77	7427.41	14279.74	-23.31	52.01	13.54	10	日跌幅偏离值达到7的前5只证券	20210112	星期二
2	000007	全新好	主力做T，成功率32.79	3.33	-10.00	-3426.97	9347.71	12774.67	22122.38	40380.38	-8.49	54.78	13.54	10	连续三个交易日内，跌幅偏离值累计达到20的证券	20210112	星期二
3	000100	TCL科技	主力做T，成功率53.61	8.60	9.97	52511.84	151649.55	99137.71	250787.25	802058.26	6.55	31.27	7.59	1109	日涨幅偏离值达到7的前5只证券	20210112	星期二
4	000150	宜华健康	实力游资卖出，成功率45.49	3.36	-3.17	935.77	2484.08	1548.30	4032.38	17383.33	5.38	23.20	6.02	27	日振幅值达到15的前5只证券	20210112	星期二
5	000155	川能动力	1家机构买入，成功率47.20	9.56	10.01	4502.69	20980.00	16477.31	37457.31	97115.00	4.64	38.57	8.21	121	日涨幅偏离值达到7的前5只证券	20210112	星期二
6	000159	国际实业	买一主买，成功率32.06	5.73	2.87	-3738.04	3322.84	7060.88	10383.72	29702.36	-12.58	34.96	10.83	28	日振幅值达到15的前5只证券	20210112	星期二
7	000301	东方盛虹	主力做T，成功率49.40	14.32	9.98	1541.63	18728.64	17187.00	35915.64	87979.22	1.75	40.82	5.13	181	日涨幅偏离值达到7的前5只证券	20210112	星期二
8	000301	东方盛虹	3家机构买入，成功率48.92	14.32	9.98	9288.95	52608.50	43319.56	95928.06	229802.49	4.04	41.74	5.13	181	连续三个交易日内，涨幅偏离值累计达到20的证券	20210112	星期二
9	000518	四环生物	实力游资卖出，成功率27.16	4.73	-8.33	123.05	1927.98	1804.94	3732.92	34763.29	0.35	10.74	6.99	49	日跌幅偏离值达到7的前5只证券	20210112	星期二
10	000570	苏常柴A	西藏自治区资金买入，成功率37.63	7.20	0.98	-2573.15	5499.88	8073.03	13572.91	72052.91	-3.57	18.84	23.74	30	日换手率达到20的前5只证券	20210112	星期二
11	000570	苏常柴A	西藏自治区资金买入，成功率37.63	7.20	0.98	-2573.15	5499.88	8073.03	13572.91	72052.91	-3.57	18.84	23.74	30	日振幅值达到15的前5只证券	20210112	星期二
12	000668	荣丰控股	实力游资卖出，成功率45.31	16.35	-0.18	-1675.99	3435.71	5111.70	8547.41	16211.72	-10.34	52.72	6.74	24	日振幅值达到15的前5只证券	20210112	星期二
13	000713	丰乐种业	实力游资买入，成功率35.90	16.39	10.00	204.43	8760.07	8555.64	17315.71	128682.87	0.16	13.46	20.61	65	日涨幅偏离值达到7的前5只证券	20210112	星期二
14	000713	丰乐种业	实力游资买入，成功率35.90	16.39	10.00	204.43	8760.07	8555.64	17315.71	128682.87	0.16	13.46	20.61	65	日换手率达到20的前5只证券	20210112	星期二
15	000767	晋控电力	浙江资金卖出，成功率32.03	4.31	-10.02	-2061.55	11116.09	13177.63	24293.72	155950.39	-1.32	15.58	12.10	126	日跌幅偏离值达到7的前5只证券	20210112	星期二
16	000799	酒鬼酒	1家机构买入，成功率46.06	215.93	10.00	10714.20	61332.59	50618.38	111950.97	362037.21	2.96	30.92	5.33	702	日涨幅偏离值达到7的前5只证券	20210112	星期二
17	000918	嘉凯城	1家机构买入，成功率36.45	3.98	9.94	1651.57	2746.16	1094.60	3840.76	8673.79	19.04	44.28	0.27	72	连续三个交易日内，涨幅偏离值累计达到20的证券	20210112	星期二
18	000927	中国铁物	实力游资卖出，成功率21.77	4.77	-10.00	-1199.94	1884.52	3084.46	4968.98	25538.49	-4.70	19.46	3.26	76	日跌幅偏离值达到7的前5只证券	20210112	星期二
19	000927	中国铁物	主力做T，成功率25.52	4.77	-10.00	-4151.17	7312.87	11464.04	18776.91	100627.44	-4.13	18.66	3.26	76	连续三个交易日内，跌幅偏离值累计达到20的证券	20210112	星期二
20	001896	豫能控股	主力做T，成功率30.56	8.38	-9.99	-4052.50	8771.31	12823.81	21595.13	132532.94	-3.06	16.29	13.45	96	日跌幅偏离值达到7的前5只证券	20210112	星期二
21	002028	思源电气	买一主买，成功率41.46	20.75	10.02	1559.42	18316.47	16757.05	35073.52	96475.18	1.62	36.35	8.03	122	日涨幅偏离值达到7的前5只证券	20210112	星期二
22	002127	南极电商	2家机构卖出，成功率31.60	9.23	-10.04	1312.35	45666.21	44353.86	90020.07	164909.37	0.80	54.59	9.06	181	日跌幅偏离值达到7的前5只证券	20210112	星期二
23	002129	中环股份	1家机构买入，成功率46.56	32.03	9.99	7703.64	54282.99	46579.36	100862.35	458299.32	1.68	22.01	5.56	859	日涨幅偏离值达到7的前5只证券	20210112	星期二
24	002147	*ST新光	实力游资卖出，成功率24.81	0.82	-4.65	-162.91	600.12	763.04	1363.16	2418.00	-6.74	56.38	0.24	4	连续三个交易日内，跌幅偏离值累计达到12的ST证券、*ST证券	20210112	星期二
25	002164	宁波东力	实力游资买入，成功率38.06	8.80	10.00	4197.34	7562.78	3365.44	10928.22	55557.79	7.55	19.67	16.12	38	日振幅值达到15的前5只证券	20210112	星期二
26	002271	东方雨虹	2家机构买入，成功率46.00	50.71	10.00	31117.34	77186.40	46069.06	123255.46	208178.59	14.95	59.21	2.48	853	日涨幅偏离值达到7的前5只证券	20210112	星期二
27	002342	巨力索具	1家机构买入，成功率46.92	5.81	10.04	8258.85	22164.13	13905.28	36069.42	139313.29	5.93	25.89	28.88	50	日振幅值达到15的前5只证券	20210112	星期二
28	002342	巨力索具	1家机构买入，成功率46.92	5.81	10.04	8258.85	22164.13	13905.28	36069.42	139313.29	5.93	25.89	28.88	50	日涨幅偏离值达到7的前5只证券	20210112	星期二
29	002342	巨力索具	1家机构买入，成功率46.92	5.81	10.04	8258.85	22164.13	13905.28	36069.42	139313.29	5.93	25.89	28.88	50	日换手率达到20的前5只证券	20210112	星期二
30	002455	百川股份	2家机构卖出，成功率20.05	5.01	-1.18	348.10	3420.18	3072.08	6492.26	43028.52	0.81	15.09	3.40	20	连续三个交易日内，跌幅偏离值累计达到20的证券	20210112	星期二
31	002460	赣锋锂业	2家机构买入，成功率42.38	137.91	9.24	58137.64	123111.38	64973.74	188085.12	612611.37	9.49	30.70	5.95	1092	日振幅值达到15的前5只证券	20210112	星期二
32	002466	天齐锂业	1家机构买入，成功率45.55	57.82	10.01	-11772.57	62332.04	74104.61	136436.66	775247.83	-1.52	17.60	9.51	852	日涨幅偏离值达到7的前5只证券	20210112	星期二
33	002541	鸿路钢构	3家机构买入，成功率48.24	46.97	7.85	-4567.56	33503.01	38070.57	71573.58	199413.08	-2.29	35.89	4.43	174	连续三个交易日内，涨幅偏离值累计达到20的证券	20210112	星期二
34	002585	双星新材	主力做T，成功率45.86	9.62	-10.01	-2290.09	6863.08	9153.16	16016.24	64130.41	-3.57	24.97	7.43	85	日跌幅偏离值达到7的前5只证券	20210112	星期二
35	002608	江苏国信	买一主买，成功率37.16	8.64	10.06	-16011.37	7229.92	23241.29	30471.20	52432.10	-30.54	58.12	1.43	326	连续三个交易日内，涨幅偏离值累计达到20的证券	20210112	星期二
36	002759	天际股份	买一主买，成功率58.93	19.75	4.33	3739.15	9391.05	5651.90	15042.96	44894.13	8.33	33.51	5.76	79	日振幅值达到15的前5只证券	20210112	星期二
37	002781	奇信股份	广东资金卖出，成功率40.00	8.02	-9.99	-1770.57	3604.62	5375.19	8979.82	25118.59	-7.05	35.75	15.00	17	日跌幅偏离值达到7的前5只证券	20210112	星期二
38	002812	恩捷股份	3家机构卖出，成功率50.73	129.18	-5.57	917.94	166489.28	165571.34	332060.62	796697.87	0.12	41.68	6.11	693	连续三个交易日内，跌幅偏离值累计达到20的证券	20210112	星期二
39	002813	路畅科技	实力游资买入，成功率44.73	23.24	9.99	4007.46	4819.03	811.57	5630.59	10710.20	37.42	52.57	2.25	8	连续三个交易日内，涨幅偏离值累计达到20的证券	20210112	星期二
40	002910	庄园牧场	实力游资卖出，成功率35.33	10.26	-10.00	-769.18	843.17	1612.34	2455.51	3287.71	-23.40	74.69	2.50	13	日跌幅偏离值达到7的前5只证券	20210112	星期二
41	002910	庄园牧场	实力游资卖出，成功率32.68	10.26	-10.00	-707.65	1327.01	2034.66	3361.67	9629.66	-7.35	34.91	2.50	13	连续三个交易日内，跌幅偏离值累计达到20的证券	20210112	星期二
42	003026	中晶科技	1家机构买入，成功率42.42	87.07	5.55	2446.66	13837.09	11390.43	25227.53	128631.18	1.90	19.61	60.01	22	日振幅值达到15的前5只证券	20210112	星期二
43	003026	中晶科技	1家机构买入，成功率42.42	87.07	5.55	2446.66	13837.09	11390.43	25227.53	128631.18	1.90	19.61	60.01	22	日换手率达到20的前5只证券	20210112	星期二
44	003028	振邦智能	卖一主卖，成功率46.23	37.20	-8.40	-1074.77	2583.67	3658.43	6242.10	31437.04	-3.42	19.86	30.30	10	日换手率达到20的前5只证券	20210112	星期二
45	003029	吉大正元	卖一主卖，成功率40.03	23.22	-10.00	-2671.93	1884.11	4556.04	6440.15	34813.96	-7.67	18.50	32.43	10	日跌幅偏离值达到7的前5只证券	20210112	星期二
46	003029	吉大正元	卖一主卖，成功率40.03	23.22	-10.00	-2671.93	1884.11	4556.04	6440.15	34813.96	-7.67	18.50	32.43	10	日换手率达到20的前5只证券	20210112	星期二
47	003032	传智教育	买一主买，成功率26.67	12.18	43.97	655.46	687.52	32.06	719.58	688.10	95.26	104.58	1.41	5	无价格涨跌幅限制的证券	20210112	星期二
48	003033	征和工业	实力游资买入，成功率14.31	35.40	5.61	1067.43	2604.89	1537.46	4142.35	33112.17	3.22	12.51	45.64	7	日换手率达到20的前5只证券	20210112	星期二
49	200725	京东方B	广东资金买入，成功率52.29	4.12	9.28	3732.94	5134.14	1401.20	6535.34	8308.13	44.93	78.66	2.64	32	日涨幅偏离值达到7的前5只证券	20210112	星期二
50	300059	东方财富	1家机构买入，成功率53.61	38.18	15.59	-4207.53	263265.67	267473.19	530738.86	1934269.90	-0.22	27.44	7.68	2723	日涨幅达到15的前5只证券	20210112	星期二
51	300233	金城医药	上海资金买入，成功率41.54	20.20	13.55	5930.31	10583.72	4653.41	15237.13	35699.76	16.61	42.68	5.12	74	日振幅值达到30的前5只证券	20210112	星期二
52	300334	津膜科技	实力游资卖出，成功率40.84	7.30	-18.98	-2460.86	2652.84	5113.70	7766.55	24219.37	-10.16	32.07	11.05	21	日跌幅达到15的前5只证券	20210112	星期二
53	300393	中来股份	1家机构卖出，成功率65.76	9.15	-3.68	5010.33	17062.72	12052.38	29115.10	190856.53	2.63	15.25	11.14	49	连续三个交易日内，跌幅偏离值累计达到30的证券	20210112	星期二
54	300489	中飞股份	2家机构卖出，成功率40.66	19.87	-13.61	-6496.86	3450.23	9947.09	13397.32	35278.72	-18.42	37.98	8.83	27	连续三个交易日内，跌幅偏离值累计达到30的证券	20210112	星期二
55	300489	中飞股份	主力做T，成功率80.00	19.87	-13.61	15676.35	132277.64	116601.29	248878.93	76446.45	20.51	325.56	8.83	27	严重异常期间日收盘价格跌幅偏离值累计达到50的证券	20210112	星期二
56	300629	新劲刚	2家机构买入，成功率48.13	26.66	19.98	2474.33	5320.37	2846.03	8166.40	35852.81	6.90	22.78	17.03	22	日涨幅达到15的前5只证券	20210112	星期二
57	300740	御家汇	买一主买，成功率72.08	21.44	15.39	666.97	8550.97	7884.01	16434.98	57707.21	1.16	28.48	12.80	48	日涨幅达到15的前5只证券	20210112	星期二
58	300891	惠云钛业	2家机构买入，成功率37.50	18.35	20.01	4185.98	6437.72	2251.74	8689.46	46020.68	9.10	18.88	27.80	17	日涨幅达到15的前5只证券	20210112	星期二
59	300922	天秦装备	实力游资卖出，成功率38.98	47.70	-3.64	3596.91	6607.45	3010.54	9617.99	58979.97	6.10	16.31	43.81	13	日换手率达到30的前5只证券	20210112	星期二
60	300925	法本信息	1家机构买入，成功率24.74	63.58	1.10	-1141.93	4089.43	5231.36	9320.80	68184.32	-1.67	13.67	35.32	20	日换手率达到30的前5只证券	20210112	星期二
61	600405	动力源	实力游资卖出，成功率27.94	6.76	-7.40	-3108.26	9680.75	12789.01	22469.76	255255.45	-1.22	8.80	14.85	37	非ST、*ST和S证券连续三个交易日内收盘价格跌幅偏离值累计达到20的证券	20210112	星期二
62	600439	瑞贝卡	实力游资买入，成功率23.64	2.60	10.17	1326.07	2026.26	700.19	2726.45	7094.99	18.69	38.43	2.46	29	有价格涨跌幅限制的日收盘价格涨幅偏离值达到7的前三只证券	20210112	星期二
63	600671	*ST目药	卖一主卖，成功率13.33	6.63	-4.74	-9.49	458.93	468.42	927.35	1630.33	-0.58	56.88	0.60	8	ST、*ST和S证券连续三个交易日内收盘价格跌幅偏离值累计达到15的证券	20210112	星期二
64	600687	退市刚泰	卖一主卖，成功率43.33	0.33	-10.81	-0.96	10.30	11.26	21.56	11.35	-8.43	189.94	0.02	5	有价格涨跌幅限制的日收盘价格跌幅偏离值达到7的前三只证券	20210112	星期二
65	600687	退市刚泰	卖一主卖，成功率43.33	0.33	-10.81	-0.96	10.30	11.26	21.56	11.35	-8.43	189.94	0.02	5	退市整理的证券	20210112	星期二
66	600879	航天电子	实力游资买入，成功率47.18	8.75	10.06	6972.80	13326.41	6353.60	19680.01	74408.99	9.37	26.45	3.21	238	有价格涨跌幅限制的日收盘价格涨幅偏离值达到7的前三只证券	20210112	星期二
67	600963	岳阳林纸	实力游资买入，成功率49.62	4.37	10.08	1147.07	3105.99	1958.92	5064.91	23212.64	4.94	21.82	2.97	79	有价格涨跌幅限制的日收盘价格涨幅偏离值达到7的前三只证券	20210112	星期二
68	601020	华钰矿业	卖一主卖，成功率37.29	8.78	-6.79	-9294.60	5987.60	15282.21	21269.81	75949.97	-12.24	28.01	5.46	49	非ST、*ST和S证券连续三个交易日内收盘价格跌幅偏离值累计达到20的证券	20210112	星期二
69	601908	京运通	普通席位买入，成功率38.49	13.85	6.05	5157.75	22920.68	17762.93	40683.61	243946.13	2.11	16.68	9.48	276	有价格涨跌幅限制的日价格振幅达到15的前三只证券	20210112	星期二
70	603358	华达科技	卖一主卖，成功率45.00	14.08	-9.97	-4481.58	4457.80	8939.38	13397.17	16172.35	-27.71	82.84	3.63	44	有价格涨跌幅限制的日收盘价格跌幅偏离值达到7的前三只证券	20210112	星期二
71	603358	华达科技	卖一主卖，成功率26.67	14.08	-9.97	-5251.94	7021.83	12273.76	19295.59	28428.12	-18.47	67.88	3.63	44	非ST、*ST和S证券连续三个交易日内收盘价格跌幅偏离值累计达到20的证券	20210112	星期二
72	603565	中谷物流	1家机构买入，成功率35.45	29.25	2.81	1498.33	7733.63	6235.30	13968.93	54670.24	2.74	25.55	27.30	20	有价格涨跌幅限制的日换手率达到20的前三只证券	20210112	星期二
73	603659	璞泰来	4家机构卖出，成功率43.11	105.89	-1.13	20438.72	87178.48	66739.75	153918.23	327416.58	6.24	47.01	1.62	470	非ST、*ST和S证券连续三个交易日内收盘价格跌幅偏离值累计达到20的证券	20210112	星期二
74	605179	一鸣食品	实力游资卖出，成功率27.75	20.70	-1.15	-1050.69	10483.96	11534.65	22018.61	146776.98	-0.72	15.00	28.81	13	非ST、*ST和S证券连续三个交易日内收盘价格跌幅偏离值累计达到20的证券	20210112	星期二
75	605179	一鸣食品	卖一主卖，成功率38.20	20.70	-1.15	-1611.73	3501.21	5112.94	8614.15	36123.28	-4.46	23.85	28.81	13	有价格涨跌幅限制的日换手率达到20的前三只证券	20210112	星期二
76	605277	新亚电子	1家机构卖出，成功率40.00	23.93	-10.00	895.18	1178.55	283.38	1461.93	6249.32	14.32	23.39	7.83	8	有价格涨跌幅限制的日收盘价格跌幅偏离值达到7的前三只证券	20210112	星期二
77	605277	新亚电子	实力游资卖出，成功率23.23	23.93	-10.00	81.34	1620.73	1539.40	3160.13	14533.01	0.56	21.74	7.83	8	非ST、*ST和S证券连续三个交易日内收盘价格跌幅偏离值累计达到20的证券	20210112	星期二
78	605376	博迁新材	实力游资卖出，成功率52.80	43.40	-8.25	-1534.93	10932.56	12467.49	23400.05	84590.73	-1.81	27.66	30.05	28	有价格涨跌幅限制的日换手率达到20的前三只证券	20210112	星期二
79	688026	洁特生物	实力游资买入，成功率46.14	65.39	17.69	2057.82	3744.42	1686.60	5431.02	22193.21	9.27	24.47	15.20	16	有价格涨跌幅限制的日收盘价格涨幅达到15的前五只证券	20210112	星期二
80	688026	洁特生物	买一主买，成功率22.86	65.39	17.69	5710.37	10019.72	4309.35	14329.06	53555.78	10.66	26.76	15.20	16	有价格涨跌幅限制的连续3个交易日内收盘价格涨幅偏离值累计达到30的证券	20210112	星期二
