1	000020	深华发A	福建资金卖出，成功率70.65	10.22	-9.96	-192.95	316.82	509.77	826.59	1614.04	-11.95	51.21	0.87	19	日跌幅偏离值达到7的前5只证券	20210125	星期一
2	000415	渤海租赁	买一主买，成功率58.64	2.37	10.23	3121.43	4544.71	1423.28	5967.99	11320.68	27.57	52.72	1.39	84	日涨幅偏离值达到7的前5只证券	20210125	星期一
3	000558	莱茵体育	主力做T，成功率11.77	2.90	-9.94	64.30	2588.85	2524.55	5113.39	25571.42	0.25	20.00	6.72	37	日跌幅偏离值达到7的前5只证券	20210125	星期一
4	000566	海南海药	实力游资卖出，成功率44.22	7.20	-10.00	-2645.72	2153.68	4799.41	6953.09	23343.66	-11.33	29.79	2.62	87	日跌幅偏离值达到7的前5只证券	20210125	星期一
5	000568	泸州老窖	2家机构买入，成功率45.42	263.00	10.00	9703.10	154788.41	145085.31	299873.73	610949.94	1.59	49.08	1.63	3851	日涨幅偏离值达到7的前5只证券	20210125	星期一
6	000596	古井贡酒	2家机构买入，成功率47.84	256.29	10.00	15589.12	39347.27	23758.14	63105.41	120636.89	12.92	52.31	1.25	983	日涨幅偏离值达到7的前5只证券	20210125	星期一
7	000613	大东海A	卖一主卖，成功率23.33	3.99	-9.93	-222.74	187.33	410.07	597.40	1099.56	-20.26	54.33	1.03	11	日跌幅偏离值达到7的前5只证券	20210125	星期一
8	000613	大东海A	实力游资卖出，成功率21.53	3.99	-9.93	-1248.96	1380.31	2629.27	4009.59	9981.78	-12.51	40.17	1.03	11	连续三个交易日内，跌幅偏离值累计达到20的证券	20210125	星期一
9	000691	亚太实业	买一主买，成功率34.05	5.41	9.96	2032.14	3130.48	1098.34	4228.81	8676.94	23.42	48.74	6.16	16	日振幅值达到15的前5只证券	20210125	星期一
10	000713	丰乐种业	1家机构买入，成功率41.10	15.28	10.01	3928.80	8857.50	4928.70	13786.19	107751.94	3.65	12.79	18.73	61	日振幅值达到15的前5只证券	20210125	星期一
11	000713	丰乐种业	1家机构买入，成功率41.10	15.28	10.01	3928.80	8857.50	4928.70	13786.19	107751.94	3.65	12.79	18.73	61	日涨幅偏离值达到7的前5只证券	20210125	星期一
12	000835	*ST长动	1家机构卖出，成功率60.00	1.33	-5.00	-13.34	301.72	315.07	616.79	1651.21	-0.81	37.35	1.41	4	连续三个交易日内，跌幅偏离值累计达到12的ST证券、*ST证券和未完成股改证券	20210125	星期一
13	000885	城发环境	1家机构卖出，成功率35.16	10.30	-6.19	-5268.67	3221.17	8489.84	11711.01	28330.23	-18.60	41.34	4.21	66	日振幅值达到15的前5只证券	20210125	星期一
14	000903	云内动力	广东资金卖出，成功率42.46	3.41	-7.34	-3269.79	2845.10	6114.89	8959.99	28617.56	-11.43	31.31	4.21	67	日跌幅偏离值达到7的前5只证券	20210125	星期一
15	000987	越秀金控	买一主买，成功率47.19	13.99	9.98	10666.73	17471.05	6804.31	24275.36	86011.79	12.40	28.22	2.34	373	日涨幅偏离值达到7的前5只证券	20210125	星期一
16	002092	中泰化学	2家机构买入，成功率48.46	8.94	9.96	508.96	24022.70	23513.74	47536.45	131556.15	0.39	36.13	7.08	192	日涨幅偏离值达到7的前5只证券	20210125	星期一
17	002145	中核钛白	主力做T，成功率49.18	7.23	6.32	-2877.97	21609.05	24487.03	46096.08	181616.65	-1.58	25.38	16.25	115	日振幅值达到15的前5只证券	20210125	星期一
18	002145	中核钛白	主力做T，成功率52.79	7.23	6.32	-7214.43	43357.87	50572.30	93930.16	381028.46	-1.89	24.65	16.25	115	连续三个交易日内，涨幅偏离值累计达到20的证券	20210125	星期一
19	002172	澳洋健康	主力做T，成功率43.44	3.51	-0.28	3536.07	8673.78	5137.70	13811.48	64865.31	5.45	21.29	23.88	27	日振幅值达到15的前5只证券	20210125	星期一
20	002176	*ST江特	买一主买，成功率26.93	6.71	5.01	-6563.67	6477.97	13041.64	19519.62	49621.63	-13.23	39.34	0.77	114	连续三个交易日内，涨幅偏离值累计达到12的ST证券、*ST证券	20210125	星期一
21	002240	盛新锂能	实力游资买入，成功率49.66	29.88	10.01	12621.30	38361.76	25740.47	64102.23	133985.94	9.42	47.84	6.49	208	日涨幅偏离值达到7的前5只证券	20210125	星期一
22	002240	盛新锂能	实力游资买入，成功率54.37	29.88	10.01	43506.34	86062.21	42555.86	128618.07	483803.93	8.99	26.58	6.49	208	连续三个交易日内，涨幅偏离值累计达到20的证券	20210125	星期一
23	002263	大东南	西藏自治区资金卖出，成功率27.02	3.08	-6.95	-260.78	22745.63	23006.41	45752.04	388056.05	-0.07	11.79	12.68	58	连续三个交易日内，跌幅偏离值累计达到20的证券	20210125	星期一
24	002269	美邦服饰	1家机构卖出，成功率65.47	1.27	-4.51	-4734.99	3866.79	8601.78	12468.57	47386.85	-9.99	26.31	2.50	32	连续三个交易日内，跌幅偏离值累计达到20的证券	20210125	星期一
25	002304	洋河股份	3家机构买入，成功率50.52	212.11	10.00	11630.93	53285.85	41654.92	94940.77	216991.71	5.36	43.75	0.84	2646	日涨幅偏离值达到7的前5只证券	20210125	星期一
26	002305	南国置业	实力游资卖出，成功率26.41	2.29	-9.84	-907.37	2726.81	3634.18	6361.00	47151.38	-1.92	13.49	11.70	40	日跌幅偏离值达到7的前5只证券	20210125	星期一
27	002348	高乐股份	卖一主卖，成功率42.41	1.79	-3.76	-3666.78	2594.91	6261.69	8856.60	35033.20	-10.47	25.28	2.91	15	连续三个交易日内，跌幅偏离值累计达到20的证券	20210125	星期一
28	002370	亚太药业	卖一主卖，成功率37.43	4.68	-4.68	-913.17	1979.79	2892.96	4872.75	28346.26	-3.22	17.19	13.10	22	日振幅值达到15的前5只证券	20210125	星期一
29	002407	多氟多	1家机构买入，成功率49.44	26.49	10.01	3980.54	26603.02	22622.48	49225.50	189851.88	2.10	25.93	12.69	153	日涨幅偏离值达到7的前5只证券	20210125	星期一
30	002416	爱施德	2家机构卖出，成功率50.59	12.53	-9.99	605.24	31936.05	31330.82	63266.87	263387.82	0.23	24.02	15.69	153	日振幅值达到15的前5只证券	20210125	星期一
31	002416	爱施德	2家机构卖出，成功率50.59	12.53	-9.99	605.24	31936.05	31330.82	63266.87	263387.82	0.23	24.02	15.69	153	日跌幅偏离值达到7的前5只证券	20210125	星期一
32	002456	欧菲光	主力做T，成功率36.29	11.12	-6.40	-4242.46	57905.85	62148.31	120054.16	619310.27	-0.69	19.39	5.46	297	连续三个交易日内，跌幅偏离值累计达到20的证券	20210125	星期一
33	002464	众应互联	1家机构卖出，成功率28.73	3.03	-7.34	-1195.40	1596.85	2792.25	4389.10	27440.78	-4.36	15.99	15.57	16	日振幅值达到15的前5只证券	20210125	星期一
34	002504	弘高创意	主力做T，成功率4.20	1.93	-9.81	987.18	3371.33	2384.16	5755.49	22532.83	4.38	25.54	7.92	8	连续三个交易日内，跌幅偏离值累计达到20的证券	20210125	星期一
35	002506	协鑫集成	买一主买，成功率41.99	4.48	10.07	16633.36	25114.94	8481.57	33596.51	100569.26	16.54	33.41	4.57	227	日涨幅偏离值达到7的前5只证券	20210125	星期一
36	002584	西陇科学	主力做T，成功率39.26	7.20	6.04	971.92	7395.05	6423.13	13818.17	108718.50	0.89	12.71	30.23	28	连续三个交易日内，涨幅偏离值累计达到20的证券	20210125	星期一
37	002584	西陇科学	实力游资买入，成功率34.58	7.20	6.04	-1458.39	5152.27	6610.66	11762.93	86139.08	-1.69	13.66	30.23	28	日换手率达到20的前5只证券	20210125	星期一
38	002645	华宏科技	主力做T，成功率42.93	11.22	3.41	12364.33	33668.64	21304.31	54972.94	174161.46	7.10	31.56	19.39	49	连续三个交易日内，涨幅偏离值累计达到20的证券	20210125	星期一
39	002713	东易日盛	1家机构卖出，成功率33.03	6.96	-9.73	-3627.10	1060.30	4687.39	5747.69	20332.17	-17.84	28.27	2.54	28	连续三个交易日内，跌幅偏离值累计达到20的证券	20210125	星期一
40	002943	宇晶股份	实力游资卖出，成功率46.82	22.50	-10.00	-1743.08	2713.99	4457.07	7171.06	30316.46	-5.75	23.65	25.21	12	日跌幅偏离值达到7的前5只证券	20210125	星期一
41	002987	京北方	福建资金卖出，成功率39.79	45.84	-9.99	-5683.88	1392.41	7076.28	8468.69	15448.09	-36.79	54.82	8.08	18	日跌幅偏离值达到7的前5只证券	20210125	星期一
42	003022	联泓新科	3家机构买入，成功率44.73	25.52	10.00	12216.27	23682.50	11466.23	35148.72	181836.38	6.72	19.33	25.34	38	连续三个交易日内，涨幅偏离值累计达到20的证券	20210125	星期一
43	003026	中晶科技	主力做T，成功率29.38	93.60	-10.00	1232.39	7352.49	6120.10	13472.59	80796.23	1.53	16.67	34.18	23	日跌幅偏离值达到7的前5只证券	20210125	星期一
44	003026	中晶科技	主力做T，成功率29.38	93.60	-10.00	1232.39	7352.49	6120.10	13472.59	80796.23	1.53	16.67	34.18	23	日换手率达到20的前5只证券	20210125	星期一
45	003030	祖名股份	1家机构买入，成功率36.69	42.11	5.78	178.11	4172.99	3994.88	8167.87	37095.12	0.48	22.02	28.75	13	日换手率达到20的前5只证券	20210125	星期一
46	003031	中瓷电子	1家机构买入，成功率45.80	87.50	4.72	-6165.05	12434.36	18599.42	31033.78	167250.45	-3.69	18.56	71.25	23	日换手率达到20的前5只证券	20210125	星期一
47	003032	传智教育	卖一主卖，成功率57.02	20.22	-5.34	2769.68	5367.32	2597.65	7964.97	39020.37	7.10	20.41	49.02	8	日换手率达到20的前5只证券	20210125	星期一
48	200020	深华发B	广东资金卖出，成功率8.33	2.96	-8.36	-17.15	47.88	65.03	112.90	102.07	-16.80	110.62	0.40	3	日跌幅偏离值达到7的前5只证券	20210125	星期一
49	200613	大东海B	实力游资卖出，成功率46.83	1.58	-9.71	0.52	8.92	8.40	17.32	11.89	4.41	145.60	0.10	1	日跌幅偏离值达到7的前5只证券	20210125	星期一
50	300082	奥克股份	实力游资买入，成功率45.37	14.52	20.00	3869.94	13112.15	9242.21	22354.36	103686.01	3.73	21.56	11.28	98	日涨幅达到15的前5只证券	20210125	星期一
51	300289	利德曼	买一主买，成功率29.84	8.19	15.03	-3033.17	4293.97	7327.14	11621.11	60624.44	-5.00	19.17	17.75	34	日涨幅达到15的前5只证券	20210125	星期一
52	300289	利德曼	主力做T，成功率26.82	8.19	15.03	-3.81	7453.39	7457.19	14910.58	87902.83	0.00	16.96	17.75	34	连续三个交易日内，涨幅偏离值累计达到30的证券	20210125	星期一
53	300307	慈星股份	卖一主卖，成功率29.04	6.05	-15.38	-1073.23	2272.53	3345.76	5618.29	14399.77	-7.45	39.02	2.95	47	日跌幅达到15的前5只证券	20210125	星期一
54	300357	我武生物	2家机构买入，成功率49.49	89.40	20.00	138.53	16420.28	16281.75	32702.04	68617.77	0.20	47.66	1.74	419	日涨幅达到15的前5只证券	20210125	星期一
55	300530	达志科技	1家机构卖出，成功率48.58	23.84	-16.12	-1917.41	987.61	2905.03	3892.64	6100.93	-31.43	63.80	2.47	23	日跌幅达到15的前5只证券	20210125	星期一
56	300573	兴齐眼药	1家机构买入，成功率38.85	119.03	20.00	6486.88	14438.76	7951.88	22390.64	53799.76	12.06	41.62	8.00	72	日涨幅达到15的前5只证券	20210125	星期一
57	300582	英飞特	1家机构买入，成功率37.90	20.12	19.98	2274.82	5678.05	3403.23	9081.28	60625.41	3.75	14.98	23.42	27	日涨幅达到15的前5只证券	20210125	星期一
58	300752	隆利科技	实力游资卖出，成功率34.02	41.71	-9.39	-713.32	2557.48	3270.80	5828.28	46140.25	-1.55	12.63	30.46	14	日换手率达到30的前5只证券	20210125	星期一
59	300906	日月明	实力游资买入，成功率46.24	57.70	0.70	-1262.20	3207.40	4469.60	7677.00	54603.72	-2.31	14.06	46.86	12	日换手率达到30的前5只证券	20210125	星期一
60	600086	退市金钰	卖一主卖，成功率40.00	0.62	-10.14	0.00	0.20	0.20	0.40	0.20	0.00	200.00	0.00	7	退市整理的证券	20210125	星期一
61	600086	退市金钰	卖一主卖，成功率40.00	0.62	-10.14	0.00	0.20	0.20	0.40	0.20	0.00	200.00	0.00	7	有价格涨跌幅限制的日收盘价格跌幅偏离值达到7的前三只证券	20210125	星期一
62	600237	铜峰电子	实力游资卖出，成功率48.76	5.63	-10.06	-1269.37	2076.05	3345.42	5421.48	51068.54	-2.49	10.62	15.43	32	有价格涨跌幅限制的日收盘价格跌幅偏离值达到7的前三只证券	20210125	星期一
63	600319	ST亚星	卖一主卖，成功率40.92	5.61	-4.92	-65.00	37.03	102.03	139.05	102.03	-63.71	136.29	0.03	18	ST、*ST和S证券连续三个交易日内收盘价格跌幅偏离值累计达到15的证券	20210125	星期一
64	600515	海航基础	实力游资买入，成功率42.53	6.45	10.07	4593.09	7561.23	2968.15	10529.38	23609.48	19.45	44.60	2.23	107	有价格涨跌幅限制的日收盘价格涨幅偏离值达到7的前三只证券	20210125	星期一
65	600687	退市刚泰	买一主买，成功率47.78	0.32	10.34	60.54	257.51	196.97	454.48	865.49	7.00	52.51	1.86	5	退市整理的证券	20210125	星期一
66	600687	退市刚泰	买一主买，成功率47.78	0.32	10.34	60.54	257.51	196.97	454.48	865.49	7.00	52.51	1.86	5	有价格涨跌幅限制的日收盘价格涨幅偏离值达到7的前三只证券	20210125	星期一
67	600687	退市刚泰	买一主买，成功率52.22	0.32	10.34	-23.54	319.61	343.15	662.76	1541.81	-1.53	42.99	1.86	5	非ST、*ST和S证券连续三个交易日内收盘价格涨幅偏离值累计达到20的证券	20210125	星期一
68	600771	广誉远	1家机构买入，成功率49.04	19.89	10.01	-267.16	19981.93	20249.09	40231.01	156825.29	-0.17	25.65	5.02	98	非ST、*ST和S证券连续三个交易日内收盘价格涨幅偏离值累计达到20的证券	20210125	星期一
69	600847	万里股份	卖一主卖，成功率22.40	10.60	-3.64	-1096.67	773.67	1870.34	2644.01	11122.64	-9.86	23.77	6.69	16	有价格涨跌幅限制的日价格振幅达到15的前三只证券	20210125	星期一
70	600997	开滦股份	3家机构买入，成功率35.72	7.24	5.39	20506.68	33391.97	12885.29	46277.26	154094.09	13.31	30.03	4.23	115	非ST、*ST和S证券连续三个交易日内收盘价格涨幅偏离值累计达到20的证券	20210125	星期一
71	601619	嘉泽新能	1家机构买入，成功率54.00	3.36	10.16	3694.64	4749.33	1054.69	5804.02	9992.03	36.98	58.09	1.49	70	有价格涨跌幅限制的日收盘价格涨幅偏离值达到7的前三只证券	20210125	星期一
72	603058	永吉股份	买一主买，成功率46.41	10.86	10.03	-3833.06	8522.86	12355.92	20878.78	85984.94	-4.46	24.28	8.21	45	非ST、*ST和S证券连续三个交易日内收盘价格涨幅偏离值累计达到20的证券	20210125	星期一
73	603218	日月股份	3家机构卖出，成功率32.29	42.39	-8.29	685.63	25433.99	24748.36	50182.35	122171.01	0.56	41.08	3.30	350	有价格涨跌幅限制的日价格振幅达到15的前三只证券	20210125	星期一
74	603499	翔港科技	实力游资卖出，成功率30.67	8.06	-10.04	-118.65	596.25	714.90	1311.15	6004.77	-1.98	21.84	3.69	16	有价格涨跌幅限制的日收盘价格跌幅偏离值达到7的前三只证券	20210125	星期一
75	603499	翔港科技	实力游资卖出，成功率27.85	8.06	-10.04	-1348.58	1113.80	2462.38	3576.18	16792.84	-8.03	21.30	3.69	16	非ST、*ST和S证券连续三个交易日内收盘价格跌幅偏离值累计达到20的证券	20210125	星期一
76	603580	艾艾精工	实力游资卖出，成功率50.00	10.86	-10.02	-337.46	233.56	571.01	804.57	1449.22	-23.29	55.52	0.30	14	非ST、*ST和S证券连续三个交易日内收盘价格跌幅偏离值累计达到20的证券	20210125	星期一
77	603718	海利生物	买一主买，成功率51.15	13.65	9.99	3245.04	7125.86	3880.82	11006.68	46827.06	6.93	23.50	1.88	88	非ST、*ST和S证券连续三个交易日内收盘价格涨幅偏离值累计达到20的证券	20210125	星期一
78	603798	康普顿	广东资金卖出，成功率60.63	9.42	-3.68	-4904.76	1732.63	6637.40	8370.03	36526.48	-13.43	22.91	3.25	19	非ST、*ST和S证券连续三个交易日内收盘价格跌幅偏离值累计达到20的证券	20210125	星期一
79	603799	华友钴业	2家机构买入，成功率43.29	103.35	7.34	60048.59	211036.21	150987.62	362023.84	1453790.38	4.13	24.90	5.06	1144	非ST、*ST和S证券连续三个交易日内收盘价格涨幅偏离值累计达到20的证券	20210125	星期一
80	603970	中农立华	实力游资卖出，成功率42.22	17.69	-10.02	-2325.69	3076.44	5402.13	8478.57	22768.98	-10.21	37.24	5.98	17	非ST、*ST和S证券连续三个交易日内收盘价格跌幅偏离值累计达到20的证券	20210125	星期一
81	605136	丽人丽妆	实力游资买入，成功率24.90	29.91	1.84	-2696.14	2473.28	5169.43	7642.71	33271.35	-8.10	22.97	28.01	12	有价格涨跌幅限制的日换手率达到20的前三只证券	20210125	星期一
82	605155	西大门	实力游资买入，成功率43.74	31.12	10.00	-861.48	4409.55	5271.03	9680.57	45158.67	-1.91	21.44	62.73	7	有价格涨跌幅限制的日价格振幅达到15的前三只证券	20210125	星期一
83	605155	西大门	实力游资买入，成功率43.74	31.12	10.00	-861.48	4409.55	5271.03	9680.57	45158.67	-1.91	21.44	62.73	7	有价格涨跌幅限制的日换手率达到20的前三只证券	20210125	星期一
84	605228	神通科技	买一主买，成功率55.41	11.29	10.04	823.77	897.24	73.46	970.70	897.24	91.81	108.19	0.46	9	非ST、*ST和S证券连续三个交易日内收盘价格涨幅偏离值累计达到20的证券	20210125	星期一
85	605255	天普股份	实力游资买入，成功率33.08	21.77	10.01	-341.96	3799.99	4141.95	7941.95	26790.61	-1.28	29.64	38.98	7	有价格涨跌幅限制的日换手率达到20的前三只证券	20210125	星期一
86	688155	先惠技术	1家机构买入，成功率54.13	86.76	20.00	2949.35	11028.39	8079.04	19107.43	29707.52	9.93	64.32	20.47	15	有价格涨跌幅限制的日收盘价格涨幅达到15的前五只证券	20210125	星期一
87	688317	之江生物	实力游资买入，成功率27.04	89.41	6.11	169.25	5887.36	5718.11	11605.47	128682.16	0.13	9.02	35.42	37	有价格涨跌幅限制的日换手率达到30的前五只证券	20210125	星期一
