1	000029	深深房A	实力游资买入，成功率39.71	7.51	9.96	494.66	2925.11	2430.46	5355.57	18372.98	2.69	29.15	2.85	67	日涨幅偏离值达到7的前5只证券	20210114	星期四
2	000155	川能动力	1家机构买入，成功率41.46	10.55	2.93	-8999.33	38528.68	47528.01	86056.69	513485.28	-1.75	16.76	16.06	134	连续三个交易日内，涨幅偏离值累计达到20的证券	20210114	星期四
3	000413	东旭光电	实力游资买入，成功率42.90	2.45	9.87	8881.17	11181.82	2300.65	13482.47	43406.59	20.46	31.06	3.68	119	日涨幅偏离值达到7的前5只证券	20210114	星期四
4	000561	烽火电子	实力游资买入，成功率39.86	8.36	7.18	1889.45	5033.23	3143.78	8177.01	30456.26	6.20	26.85	6.34	50	日振幅值达到15的前5只证券	20210114	星期四
5	000561	烽火电子	实力游资买入，成功率43.56	8.36	7.18	296.52	6383.29	6086.77	12470.05	68404.88	0.43	18.23	6.34	50	连续三个交易日内，涨幅偏离值累计达到20的证券	20210114	星期四
6	000620	新华联	买一主买，成功率46.91	2.24	9.80	136.01	1059.74	923.73	1983.47	4391.77	3.10	45.16	1.07	42	日涨幅偏离值达到7的前5只证券	20210114	星期四
7	000679	*ST友谊	实力游资买入，成功率35.24	2.95	4.98	121.34	229.02	107.68	336.70	387.93	31.28	86.79	0.12	11	连续三个交易日内，涨幅偏离值累计达到12的ST证券、*ST证券和未完成股改证券	20210114	星期四
8	000713	丰乐种业	2家机构卖出，成功率41.14	14.06	-9.99	-1141.02	5853.30	6994.32	12847.63	86121.19	-1.32	14.92	15.15	56	日跌幅偏离值达到7的前5只证券	20210114	星期四
9	000718	苏宁环球	主力做T，成功率33.54	3.77	-7.14	-4277.60	13625.49	17903.09	31528.59	184370.19	-2.32	17.10	4.64	86	连续三个交易日内，跌幅偏离值累计达到20的证券	20210114	星期四
10	000732	泰禾集团	主力做T，成功率48.08	2.97	10.00	-1380.26	2167.25	3547.51	5714.76	16587.50	-8.32	34.45	2.31	74	日涨幅偏离值达到7的前5只证券	20210114	星期四
11	000738	航发控制	1家机构卖出，成功率34.06	24.75	-10.00	-1179.99	15801.22	16981.21	32782.42	134938.27	-0.87	24.29	4.66	284	日跌幅偏离值达到7的前5只证券	20210114	星期四
12	000767	晋控电力	主力做T，成功率48.96	4.13	1.23	-493.22	7659.38	8152.60	15811.98	105410.25	-0.47	15.00	9.06	120	日振幅值达到15的前5只证券	20210114	星期四
13	000768	中航西飞	3家机构卖出，成功率47.12	35.10	-10.00	-1095.77	33285.52	34381.29	67666.82	306649.97	-0.36	22.07	3.09	972	日跌幅偏离值达到7的前5只证券	20210114	星期四
14	000799	酒鬼酒	1家机构卖出，成功率48.66	205.54	-10.00	-6362.65	34165.38	40528.03	74693.41	313160.81	-2.03	23.85	4.59	668	日跌幅偏离值达到7的前5只证券	20210114	星期四
15	000923	河钢资源	实力游资买入，成功率35.58	26.36	10.02	6035.11	9240.95	3205.84	12446.79	29962.10	20.14	41.54	1.88	166	日涨幅偏离值达到7的前5只证券	20210114	星期四
16	000927	中国铁物	主力做T，成功率29.82	4.74	4.18	-124.48	1861.47	1985.95	3847.43	24965.35	-0.50	15.41	3.44	76	日振幅值达到15的前5只证券	20210114	星期四
17	000980	*ST众泰	实力游资买入，成功率80.00	1.32	4.76	-697.47	762.64	1460.11	2222.75	4335.68	-16.09	51.27	2.55	16	连续三个交易日内，涨幅偏离值累计达到12的ST证券、*ST证券和未完成股改证券	20210114	星期四
18	000981	*ST银亿	浙江资金买入，成功率61.48	2.25	4.17	498.88	2419.33	1920.45	4339.78	13641.55	3.66	31.81	1.00	58	连续三个交易日内，涨幅偏离值累计达到12的ST证券、*ST证券和未完成股改证券	20210114	星期四
19	001896	豫能控股	1家机构卖出，成功率37.45	7.67	-9.98	-753.45	7319.18	8072.63	15391.81	100232.75	-0.75	15.36	11.12	88	日跌幅偏离值达到7的前5只证券	20210114	星期四
20	002044	美年健康	3家机构买入，成功率47.89	13.29	10.02	15824.88	38255.15	22430.27	60685.42	125463.29	12.61	48.37	2.54	509	日涨幅偏离值达到7的前5只证券	20210114	星期四
21	002049	紫光国微	3家机构卖出，成功率50.45	131.28	-10.00	15710.82	63132.60	47421.78	110554.38	386611.16	4.06	28.60	4.74	796	日跌幅偏离值达到7的前5只证券	20210114	星期四
22	002127	南极电商	3家机构买入，成功率49.60	10.21	8.16	-4679.58	35722.83	40402.41	76125.23	195998.10	-2.39	38.84	10.38	200	日振幅值达到15的前5只证券	20210114	星期四
23	002164	宁波东力	广东资金卖出，成功率37.51	8.28	-5.91	-124.90	4487.97	4612.87	9100.84	74958.02	-0.17	12.14	20.36	36	日振幅值达到15的前5只证券	20210114	星期四
24	002177	御银股份	主力做T，成功率27.42	6.01	10.07	357.98	4775.62	4417.64	9193.26	70339.70	0.51	13.07	16.01	46	日涨幅偏离值达到7的前5只证券	20210114	星期四
25	002259	*ST升达	主力做T，成功率32.22	3.23	4.53	387.00	1708.79	1321.79	3030.58	4926.48	7.86	61.52	1.03	24	连续三个交易日内，涨幅偏离值累计达到12的ST证券、*ST证券	20210114	星期四
26	002305	南国置业	主力做T，成功率43.98	2.12	9.84	106.15	2471.40	2365.25	4836.65	16516.37	0.64	29.28	3.67	37	连续三个交易日内，涨幅偏离值累计达到20的证券	20210114	星期四
27	002342	巨力索具	2家机构卖出，成功率26.20	5.75	-10.02	-12584.69	10385.14	22969.83	33354.97	117980.42	-10.67	28.27	22.76	50	日跌幅偏离值达到7的前5只证券	20210114	星期四
28	002342	巨力索具	2家机构卖出，成功率26.20	5.75	-10.02	-12584.69	10385.14	22969.83	33354.97	117980.42	-10.67	28.27	22.76	50	日换手率达到20的前5只证券	20210114	星期四
29	002385	大北农	主力做T，成功率33.94	10.36	-9.99	-79.35	45072.71	45152.06	90224.77	347777.17	-0.02	25.94	11.23	299	日跌幅偏离值达到7的前5只证券	20210114	星期四
30	002575	*ST群兴	买一主买，成功率50.95	3.72	5.08	211.31	946.06	734.75	1680.81	2766.46	7.64	60.76	0.52	22	连续三个交易日内，涨幅偏离值累计达到12的ST证券、*ST证券	20210114	星期四
31	002580	圣阳股份	实力游资卖出，成功率36.39	5.61	-6.34	-3355.82	3966.19	7322.01	11288.20	97333.06	-3.45	11.60	9.60	18	连续三个交易日内，跌幅偏离值累计达到20的证券	20210114	星期四
32	002610	爱康科技	1家机构买入，成功率44.78	2.71	3.44	10327.31	37025.23	26697.92	63723.15	101639.77	10.16	62.70	9.07	119	日振幅值达到15的前5只证券	20210114	星期四
33	002657	中科金财	1家机构买入，成功率47.94	12.57	9.97	1086.15	6619.35	5533.20	12152.55	45559.26	2.38	26.67	5.72	37	连续三个交易日内，涨幅偏离值累计达到20的证券	20210114	星期四
34	002670	国盛金控	西藏自治区资金卖出，成功率33.65	10.56	-9.97	3457.45	13532.72	10075.27	23607.99	82132.14	4.21	28.74	4.63	171	日跌幅偏离值达到7的前5只证券	20210114	星期四
35	002756	永兴材料	2家机构卖出，成功率53.97	55.59	-10.00	5321.85	23626.44	18304.59	41931.03	92176.66	5.77	45.49	6.62	137	日跌幅偏离值达到7的前5只证券	20210114	星期四
36	002795	永和智控	浙江资金买入，成功率35.97	10.40	4.52	2272.73	4914.91	2642.19	7557.10	20434.38	11.12	36.98	4.35	18	连续三个交易日内，涨幅偏离值累计达到20的证券	20210114	星期四
37	002813	路畅科技	主力做T，成功率43.34	28.12	10.02	1367.87	8506.37	7138.50	15644.87	78786.71	1.74	19.86	49.57	10	连续三个交易日内，涨幅偏离值累计达到20的证券	20210114	星期四
38	002813	路畅科技	实力游资买入，成功率52.25	28.12	10.02	-219.25	4461.70	4680.96	9142.66	46185.35	-0.47	19.80	49.57	10	日换手率达到20的前5只证券	20210114	星期四
39	002816	和科达	1家机构买入，成功率43.46	22.48	4.66	-46.59	1249.99	1296.58	2546.57	3807.98	-1.22	66.87	1.86	22	日振幅值达到15的前5只证券	20210114	星期四
40	002824	和胜股份	1家机构卖出，成功率37.69	13.03	-10.01	-1443.85	1940.41	3384.26	5324.67	36973.57	-3.91	14.40	8.33	14	连续三个交易日内，跌幅偏离值累计达到20的证券	20210114	星期四
41	002932	明德生物	1家机构买入，成功率41.94	85.17	10.00	1677.10	5827.27	4150.17	9977.45	50869.81	3.30	19.61	20.42	26	日涨幅偏离值达到7的前5只证券	20210114	星期四
42	003026	中晶科技	西藏自治区资金买入，成功率31.18	105.36	10.00	-9637.01	6397.38	16034.39	22431.77	101065.26	-9.54	22.20	40.75	26	日振幅值达到15的前5只证券	20210114	星期四
43	003026	中晶科技	西藏自治区资金买入，成功率31.18	105.36	10.00	-9637.01	6397.38	16034.39	22431.77	101065.26	-9.54	22.20	40.75	26	日涨幅偏离值达到7的前5只证券	20210114	星期四
44	003026	中晶科技	西藏自治区资金买入，成功率27.89	105.36	10.00	-11083.99	11649.61	22733.60	34383.21	186698.55	-5.94	18.42	40.75	26	连续三个交易日内，涨幅偏离值累计达到20的证券	20210114	星期四
45	003026	中晶科技	西藏自治区资金买入，成功率31.18	105.36	10.00	-9637.01	6397.38	16034.39	22431.77	101065.26	-9.54	22.20	40.75	26	日换手率达到20的前5只证券	20210114	星期四
46	003030	祖名股份	实力游资买入，成功率49.50	38.74	9.99	1552.09	7705.80	6153.71	13859.50	68569.89	2.26	20.21	58.03	12	日涨幅偏离值达到7的前5只证券	20210114	星期四
47	003030	祖名股份	主力做T，成功率50.64	38.74	9.99	4650.29	10815.38	6165.09	16980.47	81714.44	5.69	20.78	58.03	12	连续三个交易日内，涨幅偏离值累计达到20的证券	20210114	星期四
48	003030	祖名股份	实力游资买入，成功率49.50	38.74	9.99	1552.09	7705.80	6153.71	13859.50	68569.89	2.26	20.21	58.03	12	日换手率达到20的前5只证券	20210114	星期四
49	003031	中瓷电子	买一主买，成功率20.00	47.15	10.01	875.54	902.67	27.13	929.80	902.67	96.99	103.01	0.30	13	连续三个交易日内，涨幅偏离值累计达到20的证券	20210114	星期四
50	003032	传智教育	买一主买，成功率80.00	14.74	10.00	257.52	267.34	9.82	277.15	267.34	96.33	103.67	0.19	6	连续三个交易日内，涨幅偏离值累计达到20的证券	20210114	星期四
51	003033	征和工业	实力游资卖出，成功率23.11	29.45	-7.56	-14.38	1184.00	1198.38	2382.38	15269.01	-0.09	15.60	25.05	6	日换手率达到20的前5只证券	20210114	星期四
52	200029	深深房B	广东资金买入，成功率28.37	3.13	7.19	8.85	96.10	87.24	183.34	319.44	2.77	57.39	1.04	3	日涨幅偏离值达到7的前5只证券	20210114	星期四
53	200413	东旭B	广东资金买入，成功率54.44	1.37	8.73	12.29	143.62	131.33	274.95	402.38	3.06	68.33	1.42	3	日涨幅偏离值达到7的前5只证券	20210114	星期四
54	300334	津膜科技	实力游资卖出，成功率29.93	6.34	-9.04	-1626.31	4118.36	5744.68	9863.04	49216.26	-3.30	20.04	4.31	19	连续三个交易日内，跌幅偏离值累计达到30的证券	20210114	星期四
55	300374	中铁装配	实力游资买入，成功率62.18	12.13	19.98	519.67	1258.59	738.92	1997.51	6855.89	7.58	29.14	3.53	21	日涨幅达到15的前5只证券	20210114	星期四
56	300522	世名科技	广东资金买入，成功率41.18	24.40	16.58	470.80	2676.84	2206.04	4882.88	8964.05	5.25	54.47	3.30	29	日涨幅达到15的前5只证券	20210114	星期四
57	300548	博创科技	1家机构买入，成功率45.98	36.82	20.01	1234.74	3997.00	2762.26	6759.25	19485.58	6.34	34.69	4.70	43	日涨幅达到15的前5只证券	20210114	星期四
58	300554	三超新材	1家机构卖出，成功率34.70	16.88	-7.46	190.50	7771.74	7581.24	15352.98	71598.31	0.27	21.44	13.21	9	连续三个交易日内，跌幅偏离值累计达到30的证券	20210114	星期四
59	300698	万马科技	实力游资买入，成功率14.34	16.39	19.99	729.09	1646.80	917.72	2564.52	11319.65	6.44	22.66	9.70	12	日涨幅达到15的前5只证券	20210114	星期四
60	300726	宏达电子	4家机构卖出，成功率57.40	67.41	-16.80	-3614.26	17525.47	21139.73	38665.20	112096.01	-3.22	34.49	7.89	136	日跌幅达到15的前5只证券	20210114	星期四
61	300752	隆利科技	1家机构卖出，成功率42.61	50.00	-15.05	-5305.12	4098.18	9403.30	13501.48	66229.09	-8.01	20.39	35.57	17	日跌幅达到15的前5只证券	20210114	星期四
62	300752	隆利科技	1家机构卖出，成功率42.61	50.00	-15.05	-5305.12	4098.18	9403.30	13501.48	66229.09	-8.01	20.39	35.57	17	日换手率达到30的前5只证券	20210114	星期四
63	300906	日月明	1家机构买入，成功率46.57	37.20	20.00	2189.04	2926.27	737.23	3663.49	13430.43	16.30	27.28	19.10	7	日涨幅达到15的前5只证券	20210114	星期四
64	300925	法本信息	西藏自治区资金卖出，成功率23.77	49.69	-7.64	-241.69	2932.77	3174.46	6107.23	51364.60	-0.47	11.89	32.63	15	日换手率达到30的前5只证券	20210114	星期四
65	300926	博俊科技	1家机构卖出，成功率32.38	27.52	-14.27	-1097.45	3511.82	4609.27	8121.08	41411.21	-2.65	19.61	41.66	9	日换手率达到30的前5只证券	20210114	星期四
66	300927	江天化学	买一主买，成功率31.71	38.00	8.60	3265.64	5570.44	2304.80	7875.24	38169.73	8.56	20.63	54.57	7	日换手率达到30的前5只证券	20210114	星期四
67	600185	格力地产	1家机构买入，成功率43.72	7.22	10.06	10580.26	22022.42	11442.16	33464.58	117344.99	9.02	28.52	1.57	149	非ST、*ST和S证券连续三个交易日内收盘价格涨幅偏离值累计达到20的证券	20210114	星期四
68	600227	圣济堂	实力游资买入，成功率34.34	2.72	10.12	743.81	1432.69	688.87	2121.56	4884.55	15.23	43.43	1.41	35	有价格涨跌幅限制的日收盘价格涨幅偏离值达到7的前三只证券	20210114	星期四
69	600239	云南城投	实力游资买入，成功率43.41	2.29	10.10	397.68	968.44	570.75	1539.19	5273.04	7.54	29.19	1.50	37	有价格涨跌幅限制的日收盘价格涨幅偏离值达到7的前三只证券	20210114	星期四
70	600379	宝光股份	买一主买，成功率39.75	8.02	10.01	-168.34	5841.43	6009.77	11851.20	44914.00	-0.37	26.39	8.88	26	非ST、*ST和S证券连续三个交易日内收盘价格涨幅偏离值累计达到20的证券	20210114	星期四
71	600460	士兰微	1家机构卖出，成功率35.52	25.88	-10.01	-22432.02	39187.16	61619.19	100806.35	334393.76	-6.71	30.15	9.26	340	有价格涨跌幅限制的日价格振幅达到15的前三只证券	20210114	星期四
72	600460	士兰微	1家机构卖出，成功率35.52	25.88	-10.01	-22432.02	39187.16	61619.19	100806.35	334393.76	-6.71	30.15	9.26	340	有价格涨跌幅限制的日收盘价格跌幅偏离值达到7的前三只证券	20210114	星期四
73	600626	申达股份	买一主买，成功率39.49	4.42	9.95	1762.26	3512.76	1750.50	5263.26	8143.68	21.64	64.63	1.52	36	非ST、*ST和S证券连续三个交易日内收盘价格涨幅偏离值累计达到20的证券	20210114	星期四
74	600687	退市刚泰	卖一主卖，成功率42.11	0.27	-10.00	-6.10	31.78	37.88	69.67	37.89	-16.10	183.85	0.09	4	退市整理的证券	20210114	星期四
75	600696	ST岩石	实力游资卖出，成功率39.39	12.08	-5.03	-682.97	2743.88	3426.86	6170.74	22546.02	-3.03	27.37	1.49	40	ST、*ST和S证券连续三个交易日内收盘价格跌幅偏离值累计达到15的证券	20210114	星期四
76	600807	济南高新	买一主买，成功率54.43	3.81	10.12	1655.17	2180.37	525.20	2705.57	2854.05	57.99	94.80	0.97	30	有价格涨跌幅限制的日收盘价格涨幅偏离值达到7的前三只证券	20210114	星期四
77	600879	航天电子	卖一主卖，成功率17.81	8.17	-10.02	-9892.20	21226.07	31118.27	52344.33	206519.36	-4.79	25.35	9.10	222	有价格涨跌幅限制的日收盘价格跌幅偏离值达到7的前三只证券	20210114	星期四
78	601766	中国中车	实力游资买入，成功率49.75	7.63	9.94	7209.00	73873.13	66664.14	140537.27	1081375.59	0.67	13.00	3.26	1856	非ST、*ST和S证券连续三个交易日内收盘价格涨幅偏离值累计达到20的证券	20210114	星期四
79	601919	中远海控	2家机构卖出，成功率40.62	15.35	-10.02	-17470.88	54279.37	71750.24	126029.61	521904.43	-3.35	24.15	3.70	1329	有价格涨跌幅限制的日收盘价格跌幅偏离值达到7的前三只证券	20210114	星期四
80	603208	江山欧派	买一主买，成功率36.63	109.28	6.10	-5398.54	10075.82	15474.36	25550.17	60351.94	-8.95	42.34	1.81	115	非ST、*ST和S证券连续三个交易日内收盘价格涨幅偏离值累计达到20的证券	20210114	星期四
81	603290	斯达半导	2家机构卖出，成功率31.97	262.28	-9.95	-21370.04	10221.63	31591.67	41813.30	142585.96	-14.99	29.32	12.45	105	有价格涨跌幅限制的日价格振幅达到15的前三只证券	20210114	星期四
82	603565	中谷物流	卖一主卖，成功率36.65	28.00	-6.67	2934.31	8496.52	5562.20	14058.72	41053.02	7.15	34.25	21.75	19	有价格涨跌幅限制的日换手率达到20的前三只证券	20210114	星期四
83	603922	金鸿顺	福建资金卖出，成功率58.44	14.54	-7.74	-506.24	1213.62	1719.86	2933.49	3917.47	-12.92	74.88	1.96	19	有价格涨跌幅限制的日价格振幅达到15的前三只证券	20210114	星期四
84	605179	一鸣食品	实力游资卖出，成功率43.67	19.63	-9.71	-839.50	1705.00	2544.51	4249.51	33602.39	-2.50	12.65	27.32	12	有价格涨跌幅限制的日换手率达到20的前三只证券	20210114	星期四
85	605277	新亚电子	实力游资卖出，成功率35.59	26.30	-0.08	-5204.17	2190.42	7394.59	9585.01	41085.02	-12.67	23.33	46.51	9	有价格涨跌幅限制的日换手率达到20的前三只证券	20210114	星期四
86	688037	芯源微	3家机构买入，成功率47.51	107.56	15.04	5177.37	8276.20	3098.83	11375.03	33944.75	15.25	33.51	7.55	47	有价格涨跌幅限制的日收盘价格涨幅达到15的前五只证券	20210114	星期四
87	688095	福昕软件	买一主买，成功率50.65	257.45	20.00	3024.73	6976.18	3951.45	10927.62	32907.51	9.19	33.21	12.37	28	有价格涨跌幅限制的日收盘价格涨幅达到15的前五只证券	20210114	星期四
