1	000007	全新好	卖一主卖，成功率35.00	3.70	-9.98	-1701.92	8432.08	10133.99	18566.07	26100.64	-6.52	71.13	22.49	11	日换手率达到20的前5只证券	20210111	星期一
2	000155	川能动力	上海资金卖出，成功率28.21	8.69	-9.95	-3860.68	11812.14	15672.82	27484.96	116116.09	-3.32	23.67	9.96	110	日跌幅偏离值达到7的前5只证券	20210111	星期一
3	000301	东方盛虹	3家机构买入，成功率47.22	13.02	9.97	12460.72	31532.17	19071.45	50603.62	85736.99	14.53	59.02	5.36	164	日涨幅偏离值达到7的前5只证券	20210111	星期一
4	000521	长虹美菱	西藏自治区资金卖出，成功率31.33	4.70	-9.79	384.99	12307.25	11922.25	24229.50	204221.40	0.19	11.86	13.08	41	连续三个交易日内，跌幅偏离值累计达到20的证券	20210111	星期一
5	000570	苏常柴A	主力做T，成功率44.66	7.13	10.03	-154.35	4797.84	4952.18	9750.02	27439.80	-0.56	35.53	9.42	29	日涨幅偏离值达到7的前5只证券	20210111	星期一
6	000603	盛达资源	2家机构卖出，成功率53.19	14.46	-10.02	-317.22	5777.57	6094.79	11872.35	35952.64	-0.88	33.02	4.28	84	日跌幅偏离值达到7的前5只证券	20210111	星期一
7	000668	荣丰控股	实力游资买入，成功率42.32	16.38	10.01	1819.78	3418.61	1598.83	5017.45	3719.41	48.93	134.90	0.60	24	连续三个交易日内，涨幅偏离值累计达到20的证券	20210111	星期一
8	000718	苏宁环球	1家机构买入，成功率40.18	4.82	10.05	3162.18	10171.56	7009.38	17180.94	77397.69	4.09	22.20	7.21	110	日涨幅偏离值达到7的前5只证券	20210111	星期一
9	000767	晋控电力	浙江资金买入，成功率41.79	4.79	1.27	-28884.82	16181.95	45066.78	61248.73	231663.00	-12.47	26.44	15.68	139	日振幅值达到15的前5只证券	20210111	星期一
10	000807	云铝股份	3家机构卖出，成功率34.80	6.84	-10.00	-8670.53	17360.58	26031.11	43391.69	110760.38	-7.83	39.18	5.62	192	日跌幅偏离值达到7的前5只证券	20210111	星期一
11	000918	嘉凯城	1家机构买入，成功率45.28	3.62	10.03	799.79	1372.06	572.27	1944.32	4258.39	18.78	45.66	0.68	65	日涨幅偏离值达到7的前5只证券	20210111	星期一
12	000927	中国铁物	主力做T，成功率46.01	5.30	-4.68	-4023.32	3227.88	7251.20	10479.08	37434.24	-10.75	27.99	4.44	85	日振幅值达到15的前5只证券	20210111	星期一
13	000933	神火股份	4家机构卖出，成功率47.00	7.16	-10.05	-2786.21	12586.08	15372.29	27958.37	62445.30	-4.46	44.77	4.44	136	日跌幅偏离值达到7的前5只证券	20210111	星期一
14	000960	锡业股份	1家机构卖出，成功率56.69	10.32	-10.03	-4813.46	6022.60	10836.06	16858.66	59020.12	-8.16	28.56	3.33	172	日跌幅偏离值达到7的前5只证券	20210111	星期一
15	000980	*ST众泰	实力游资卖出，成功率24.80	1.14	-5.00	-356.36	919.37	1275.73	2195.10	9326.73	-3.82	23.54	1.63	14	连续三个交易日内，跌幅偏离值累计达到12的ST证券、*ST证券和未完成股改证券	20210111	星期一
16	001896	豫能控股	广东资金买入，成功率56.92	9.31	10.05	-384.05	12865.74	13249.79	26115.53	173554.00	-0.22	15.05	16.88	107	日涨幅偏离值达到7的前5只证券	20210111	星期一
17	002017	东信和平	1家机构买入，成功率45.82	10.47	9.98	4275.13	9231.91	4956.78	14188.70	37622.82	11.36	37.71	5.96	47	连续三个交易日内，涨幅偏离值累计达到20的证券	20210111	星期一
18	002036	联创电子	1家机构买入，成功率48.69	11.51	10.04	12699.71	18389.94	5690.23	24080.17	84202.91	15.08	28.60	7.95	106	日涨幅偏离值达到7的前5只证券	20210111	星期一
19	002080	中材科技	3家机构卖出，成功率47.46	25.69	-9.99	-7186.64	28727.34	35913.99	64641.33	163397.36	-4.40	39.56	3.77	431	日跌幅偏离值达到7的前5只证券	20210111	星期一
20	002149	西部材料	1家机构卖出，成功率38.96	15.45	-8.80	-2754.48	19135.76	21890.23	41025.99	249222.34	-1.11	16.46	16.48	66	连续三个交易日内，跌幅偏离值累计达到20的证券	20210111	星期一
21	002164	宁波东力	西藏自治区资金买入，成功率29.74	8.00	10.04	582.06	4887.57	4305.52	9193.09	70443.08	0.83	13.05	20.81	35	日涨幅偏离值达到7的前5只证券	20210111	星期一
22	002188	ST巴士	卖一主卖，成功率36.71	2.29	-4.98	-318.60	308.52	627.12	935.64	1633.29	-19.51	57.29	0.57	6	连续三个交易日内，跌幅偏离值累计达到12的ST证券、*ST证券	20210111	星期一
23	002240	盛新锂能	2家机构卖出，成功率44.58	23.34	-9.99	2241.90	24541.17	22299.26	46840.43	168657.70	1.33	27.77	9.82	163	日跌幅偏离值达到7的前5只证券	20210111	星期一
24	002291	星期六	1家机构买入，成功率58.69	18.43	10.03	-403.50	10981.05	11384.55	22365.59	69616.32	-0.58	32.13	6.34	113	日涨幅偏离值达到7的前5只证券	20210111	星期一
25	002291	星期六	主力做T，成功率57.47	18.43	10.03	-1144.10	14705.51	15849.61	30555.11	116829.88	-0.98	26.15	6.34	113	连续三个交易日内，涨幅偏离值累计达到20的证券	20210111	星期一
26	002342	巨力索具	1家机构卖出，成功率39.67	5.28	-10.05	-1941.28	13478.28	15419.56	28897.84	125399.27	-1.55	23.04	25.23	46	日振幅值达到15的前5只证券	20210111	星期一
27	002342	巨力索具	1家机构卖出，成功率39.67	5.28	-10.05	-1941.28	13478.28	15419.56	28897.84	125399.27	-1.55	23.04	25.23	46	日换手率达到20的前5只证券	20210111	星期一
28	002375	亚厦股份	3家机构买入，成功率51.39	8.12	10.03	-1179.81	9941.40	11121.21	21062.61	34258.01	-3.44	61.48	2.04	108	连续三个交易日内，涨幅偏离值累计达到20的证券	20210111	星期一
29	002402	和而泰	买一主买，成功率36.33	19.22	10.02	7536.09	22695.30	15159.21	37854.51	164028.19	4.59	23.08	10.80	153	日涨幅偏离值达到7的前5只证券	20210111	星期一
30	002405	四维图新	主力做T，成功率45.94	15.62	10.00	7863.49	22475.48	14611.99	37087.47	185692.20	4.23	19.97	6.28	299	日涨幅偏离值达到7的前5只证券	20210111	星期一
31	002497	雅化集团	上海资金卖出，成功率49.18	25.60	-9.99	-9653.95	45134.73	54788.68	99923.41	434392.25	-2.22	23.00	17.77	233	日跌幅偏离值达到7的前5只证券	20210111	星期一
32	002580	圣阳股份	卖一主卖，成功率62.06	7.27	-1.89	-5725.16	4558.95	10284.12	14843.07	60339.17	-9.49	24.60	24.88	23	日换手率达到20的前5只证券	20210111	星期一
33	002619	艾格拉斯	主力做T，成功率71.93	1.77	9.94	2384.98	5451.44	3066.46	8517.90	18552.06	12.86	45.91	7.73	25	日振幅值达到15的前5只证券	20210111	星期一
34	002709	天赐材料	2家机构卖出，成功率46.11	106.02	-10.00	-21332.33	19805.24	41137.57	60942.82	178870.22	-11.93	34.07	3.06	576	日跌幅偏离值达到7的前5只证券	20210111	星期一
35	002781	奇信股份	广东资金买入，成功率33.79	8.91	0.23	-5040.56	6127.63	11168.20	17295.83	39696.08	-12.70	43.57	23.56	19	连续三个交易日内，日均换手率与前五个交易日的日均换手率的比值达到30倍，且换手率累计达20的证券	20210111	星期一
36	002812	恩捷股份	3家机构卖出，成功率50.85	136.80	-10.00	-415.13	36060.99	36476.12	72537.11	164573.03	-0.25	44.08	2.23	734	日跌幅偏离值达到7的前5只证券	20210111	星期一
37	003026	中晶科技	上海资金买入，成功率38.44	82.49	8.58	13010.79	24617.90	11607.11	36225.01	141240.41	9.21	25.65	58.10	21	连续三个交易日内，涨幅偏离值累计达到20的证券	20210111	星期一
38	003026	中晶科技	福建资金买入，成功率39.04	82.49	8.58	4316.47	15763.71	11447.23	27210.94	118392.58	3.65	22.98	58.10	21	日换手率达到20的前5只证券	20210111	星期一
39	003028	振邦智能	主力做T，成功率26.82	40.61	-9.68	2901.88	4383.54	1481.66	5865.20	47207.25	6.15	12.42	41.66	11	日换手率达到20的前5只证券	20210111	星期一
40	003029	吉大正元	1家机构卖出，成功率36.71	25.80	-8.45	1553.85	5408.34	3854.49	9262.84	52052.14	2.99	17.80	44.58	12	日换手率达到20的前5只证券	20210111	星期一
41	003030	祖名股份	买一主买，成功率42.53	29.11	10.02	697.40	730.35	32.96	763.31	730.35	95.49	104.51	0.58	9	连续三个交易日内，涨幅偏离值累计达到20的证券	20210111	星期一
42	003031	中瓷电子	买一主买，成功率66.73	35.42	10.00	2481.50	2543.03	61.53	2604.56	2543.03	97.58	102.42	2.32	9	连续三个交易日内，涨幅偏离值累计达到20的证券	20210111	星期一
43	003033	征和工业	买一主买，成功率54.76	33.52	43.99	664.21	703.03	38.82	741.84	703.03	94.48	105.52	1.03	7	无价格涨跌幅限制的证券	20210111	星期一
44	300038	数知科技	主力做T，成功率42.72	4.42	10.50	-4049.53	12224.22	16273.75	28497.97	117691.85	-3.44	24.21	15.34	51	连续三个交易日内，涨幅偏离值累计达到30的证券	20210111	星期一
45	300189	神农科技	1家机构卖出，成功率38.79	4.35	-10.12	840.58	10675.11	9834.53	20509.64	169677.97	0.50	12.09	10.06	42	连续三个交易日内，跌幅偏离值累计达到30的证券	20210111	星期一
46	300307	慈星股份	实力游资买入，成功率44.43	7.08	20.00	829.83	4913.93	4084.10	8998.03	26125.27	3.18	34.44	5.14	55	日涨幅达到15的前5只证券	20210111	星期一
47	300307	慈星股份	实力游资买入，成功率45.54	7.08	20.00	503.95	5685.14	5181.19	10866.34	39882.04	1.26	27.25	5.14	55	连续三个交易日内，涨幅偏离值累计达到30的证券	20210111	星期一
48	300393	中来股份	卖一主卖，成功率58.30	9.50	-20.03	137.26	7036.68	6899.42	13936.10	78025.06	0.18	17.86	14.81	51	日跌幅达到15的前5只证券	20210111	星期一
49	300489	中飞股份	1家机构卖出，成功率29.75	23.00	-20.00	-2416.69	1587.79	4004.48	5592.26	11352.38	-21.29	49.26	3.51	31	日跌幅达到15的前5只证券	20210111	星期一
50	300568	星源材质	4家机构卖出，成功率49.20	29.59	-16.15	8734.61	19579.49	10844.88	30424.38	125973.30	6.93	24.15	11.47	106	日跌幅达到15的前5只证券	20210111	星期一
51	300677	英科医疗	买一主买，成功率59.71	226.60	15.98	19640.88	65483.08	45842.20	111325.29	341414.69	5.75	32.61	6.88	530	日涨幅达到15的前5只证券	20210111	星期一
52	300894	火星人	2家机构卖出，成功率28.12	51.98	-10.58	-2720.19	4539.09	7259.28	11798.37	75116.46	-3.62	15.71	36.63	20	日换手率达到30的前5只证券	20210111	星期一
53	300922	天秦装备	西藏自治区资金买入，成功率18.42	49.50	10.49	-545.39	2320.39	2865.78	5186.18	53216.69	-1.02	9.75	41.98	13	日换手率达到30的前5只证券	20210111	星期一
54	300925	法本信息	卖一主卖，成功率52.97	62.89	-3.22	-2569.64	5288.71	7858.35	13147.05	90816.89	-2.83	14.48	45.32	19	日换手率达到30的前5只证券	20210111	星期一
