1	000011	深物业A	20200702	2家机构卖出成功率50.35	16.46	-6.16	-4333	4207	8540	12748	63572	-6.82	20.05	7.13	87	日跌幅偏离值达到7的前五只证券	-2.86	3.22	15.31	-	星期四
2	000656	金科股份	20200702	2家机构买入成功率53.36	9.88	10.02	-5310	32387	37697	70084	136955	-3.88	51.17	2.72	518	日涨幅偏离值达到7的前五只证券	-2.97	3.61	2.01	-	星期四
3	000662	*ST天夏	20200702	实力游资卖出成功率23.00	2.24	-5.08	-98	57	155	212	329	-29.87	64.45	0.05	24	连续三个交易日内，跌幅偏离值累计达到12的ST证券、*ST证券和未完成股改证券	-4.91	-9.82	-22.77	-	星期四
4	000715	中兴商业	20200702	实力游资买入成功率17.03	6.91	10.03	2366	4309	1943	6252	18475	12.81	33.84	2.54	29	连续三个交易日内，涨幅偏离值累计达到20的证券	1.01	-1.01	-4.63	-	星期四
5	000732	泰禾集团	20200702	主力做T成功率68.02	5.78	10.10	3251	11431	8180	19611	64151	5.07	30.57	4.64	144	日涨幅偏离值达到7的前五只证券	10.03	21.11	12.98	-	星期四
6	000739	普洛药业	20200702	主力做T成功率53.16	25.30	10.00	-35	8661	8696	17356	40224	-0.09	43.15	1.40	290	日涨幅偏离值达到7的前五只证券	-2.33	-1.62	-4.43	-	星期四
7	000796	凯撒旅业	20200702	主力做T成功率46.50	12.63	10.02	-1477	9824	11301	21126	33868	-4.36	62.38	0.66	101	连续三个交易日内，涨幅偏离值累计达到20的证券	9.98	20.98	61.05	-	星期四
8	000802	北京文化	20200702	主力做T成功率61.17	7.41	9.94	4995	11871	6876	18747	44091	11.33	42.52	8.61	53	日涨幅偏离值达到7的前五只证券	0.54	6.07	12.55	-	星期四
9	000802	北京文化	20200702	买一主买成功率62.02	7.41	9.94	13004	20698	7694	28392	94846	13.71	29.93	8.61	53	连续三个交易日内，涨幅偏离值累计达到20的证券	0.54	6.07	12.55	-	星期四
10	000908	景峰医药	20200702	买一主买成功率75.47	4.49	10.05	4442	6979	2537	9516	46253	9.60	20.57	14.60	32	日涨幅偏离值达到7的前五只证券	3.79	13.81	23.39	-	星期四
11	000980	*ST众泰	20200702	1家机构卖出成功率16.20	1.38	-4.83	-85	121	206	327	480	-17.66	68.14	0.20	17	连续三个交易日内，跌幅偏离值累计达到12的ST证券、*ST证券和未完成股改证券	-5.07	-5.07	-2.90	-	星期四
12	002049	紫光国微	20200702	1家机构买入成功率55.93	88.03	10.00	10038	53960	43922	97882	218301	4.60	44.84	4.00	534	日涨幅偏离值达到7的前五只证券	10.00	20.99	50.70	-	星期四
13	002131	利欧股份	20200702	2家机构卖出成功率50.71	3.43	-9.97	-14314	24829	39142	63971	326731	-4.38	19.58	16.04	199	日跌幅偏离值达到7的前五只证券	0.29	4.08	7.29	-	星期四
14	002220	天宝退	20200702	1家机构卖出成功率9.57	0.38	-9.52	-0	1	2	3	2	-9.53	190.47	0.01	3	退市整理期	-10.53	-18.42	-31.58	-	星期四
15	002304	洋河股份	20200702	4家机构买入成功率55.21	122.01	10.00	42127	106192	64064	170256	339352	12.41	50.17	2.30	1524	日涨幅偏离值达到7的前五只证券	1.74	9.01	9.84	-	星期四
16	002323	*ST雅博	20200702	实力游资卖出成功率58.46	2.25	-3.85	-212	448	660	1108	2310	-9.17	47.95	1.35	7	连续三个交易日内，跌幅偏离值累计达到12的ST证券、*ST证券	4.89	10.22	14.22	-	星期四
17	002400	省广集团	20200702	主力做T成功率49.80	11.36	0.09	-2581	32005	34587	66592	511306	-0.50	13.02	27.54	190	日换手率达到20的前五只证券	-2.73	0.79	4.31	-	星期四
18	002410	广联达	20200702	4家机构卖出成功率55.67	67.10	-7.70	-14475	34543	49018	83561	143340	-10.10	58.30	2.33	606	日跌幅偏离值达到7的前五只证券	0.45	0.60	10.33	-	星期四
19	002425	凯撒文化	20200702	主力做T成功率56.63	18.29	5.54	-20024	31437	51461	82898	482258	-4.15	17.19	31.99	149	日换手率达到20的前五只证券	-6.56	2.79	10.72	-	星期四
20	002428	云南锗业	20200702	实力游资买入成功率61.52	12.75	10.01	14440	22615	8175	30791	88968	16.23	34.61	11.23	82	日涨幅偏离值达到7的前五只证券	2.98	10.51	22.20	-	星期四
21	002470	*ST金正	20200702	1家机构卖出成功率38.89	2.05	-5.09	-470	103	573	677	587	-80.13	115.40	0.05	58	连续三个交易日内，跌幅偏离值累计达到12的ST证券、*ST证券	-4.88	-9.76	-13.66	-	星期四
22	002509	天茂退	20200702	买一主买成功率16.13	0.19	0.00	10	326	315	641	772	1.36	83.08	1.93	4	退市整理期	-5.26	-5.26	-5.26	-	星期四
23	002541	鸿路钢构	20200702	3家机构卖出成功率54.65	26.54	-10.00	5030	12352	7322	19675	45639	11.02	43.11	4.51	98	日跌幅偏离值达到7的前五只证券	0.75	-0.19	3.32	-	星期四
24	002604	龙力退	20200702	主力做T成功率25.27	0.29	-3.33	-5	132	136	268	300	-1.58	89.26	2.01	1	退市整理期	-3.45	-3.45	-3.45	-	星期四
25	002613	北玻股份	20200702	卖一主卖成功率38.50	4.69	-4.87	-3335	3016	6352	9368	64991	-5.13	14.41	24.53	26	日振幅值达到15的前五只证券	10.02	16.84	20.26	-	星期四
26	002638	*ST勤上	20200702	卖一主卖成功率37.11	1.90	-5.00	-122	186	307	493	529	-23.03	93.20	0.11	19	连续三个交易日内，跌幅偏离值累计达到12的ST证券、*ST证券	-4.74	-9.47	-13.68	-	星期四
27	002640	跨境通	20200702	主力做T成功率61.05	7.85	9.94	1034	17320	16286	33606	126152	0.82	26.64	13.16	97	日涨幅偏离值达到7的前五只证券	3.18	13.50	20.38	-	星期四
28	002723	金莱特	20200702	1家机构卖出成功率27.61	16.99	-9.63	-2068	2885	4953	7838	18669	-11.08	41.98	6.08	30	日振幅值达到15的前五只证券	-1.88	-2.30	-3.94	-	星期四
29	002723	金莱特	20200702	1家机构卖出成功率27.61	16.99	-9.63	-2068	2885	4953	7838	18669	-11.08	41.98	6.08	30	日跌幅偏离值达到7的前五只证券	-1.88	-2.30	-3.94	-	星期四
30	002740	爱迪尔	20200702	实力游资买入成功率43.46	7.85	9.94	-33	4304	4337	8641	54909	-0.06	15.74	30.76	19	日振幅值达到15的前五只证券	10.06	21.02	23.06	-	星期四
31	002740	爱迪尔	20200702	主力做T成功率42.44	7.85	9.94	-1817	6569	8387	14956	129435	-1.40	11.56	30.76	19	连续三个交易日内，涨幅偏离值累计达到20的证券	10.06	21.02	23.06	-	星期四
32	002740	爱迪尔	20200702	实力游资买入成功率43.46	7.85	9.94	-33	4304	4337	8641	54909	-0.06	15.74	30.76	19	日换手率达到20的前五只证券	10.06	21.02	23.06	-	星期四
33	002901	大博医疗	20200702	4家机构卖出成功率66.78	106.15	-8.85	-4354	9463	13817	23280	45449	-9.58	51.22	10.23	43	日跌幅偏离值达到7的前五只证券	0.72	-0.99	2.65	-	星期四
34	002951	金时科技	20200702	浙江资金买入成功率32.10	19.69	10.00	1205	15728	14523	30250	52944	2.28	57.14	38.85	14	日换手率达到20的前五只证券	0.00	0.05	-13.31	-	星期四
35	002958	青农商行	20200702	买一主买成功率57.64	4.98	9.93	-7097	9983	17080	27062	96687	-7.34	27.99	7.45	134	日涨幅偏离值达到7的前五只证券	10.04	21.08	49.40	-	星期四
36	002983	芯瑞达	20200702	买一主买成功率40.02	51.19	0.53	2379	5229	2850	8079	53957	4.41	14.97	30.47	18	日换手率达到20的前五只证券	-2.91	3.75	16.59	-	星期四
37	200160	东沣B退	20200702	卖一主卖成功率46.51	0.21	-4.55	3	51	48	99	70	4.84	141.15	0.83	1	退市整理期	0.00	4.76	9.52	-	星期四
38	300017	网宿科技	20200702	买一主买成功率48.54	9.36	9.99	30624	46459	15835	62294	207676	14.75	30.00	10.17	207	日涨幅偏离值达到7的前五只证券	3.85	7.59	12.18	-	星期四
39	300028	金亚退	20200702	买一主买成功率24.37	0.39	2.63	155	352	197	549	516	30.01	106.39	3.82	1	退市整理期	-2.56	-2.56	-2.56	-	星期四
40	300033	同花顺	20200702	3家机构买入成功率61.43	145.20	10.00	5134	40033	34899	74932	254235	2.02	29.47	6.79	390	日涨幅偏离值达到7的前五只证券	8.82	19.70	22.25	-	星期四
41	300052	中青宝	20200702	主力做T成功率60.36	13.07	4.48	-2734	8644	11378	20021	68571	-3.99	29.20	18.85	34	日换手率达到20的前五只证券	-0.15	9.87	18.90	-	星期四
42	300104	乐视退	20200702	3家机构卖出成功率23.47	0.26	-10.34	-1171	1729	2900	4630	13822	-8.47	33.50	13.37	10	退市整理期	-11.54	-19.23	-23.08	-	星期四
43	300117	嘉寓股份	20200702	主力做T成功率58.14	3.36	10.16	713	1893	1180	3073	10965	6.50	28.03	2.68	24	连续三个交易日内，涨幅偏离值累计达到20的证券	10.12	17.26	10.42	-	星期四
44	300293	蓝英装备	20200702	实力游资买入成功率54.76	21.01	10.00	17230	19788	2558	22347	82396	20.91	27.12	15.02	57	日涨幅偏离值达到7的前五只证券	2.81	9.09	43.98	-	星期四
45	300293	蓝英装备	20200702	实力游资买入成功率53.48	21.01	10.00	16481	24873	8393	33266	274665	6.00	12.11	15.02	57	连续三个交易日内，涨幅偏离值累计达到20的证券	2.81	9.09	43.98	-	星期四
46	300315	掌趣科技	20200702	1家机构买入成功率55.76	7.83	9.97	15607	25575	9968	35544	108092	14.44	32.88	5.34	206	日涨幅偏离值达到7的前五只证券	-1.40	1.28	20.82	-	星期四
47	300334	津膜科技	20200702	主力做T成功率33.64	9.10	3.64	1169	4765	3596	8361	21347	5.48	39.17	8.28	27	日振幅值达到15的前五只证券	-4.95	-3.74	-1.76	-	星期四
48	300334	津膜科技	20200702	实力游资买入成功率38.52	9.10	3.64	5929	11435	5507	16942	50253	11.80	33.71	8.28	27	连续三个交易日内，涨幅偏离值累计达到20的证券	-4.95	-3.74	-1.76	-	星期四
49	300464	星徽精密	20200702	买一主买成功率37.00	15.94	10.01	4078	7827	3750	11577	13759	29.64	84.15	2.01	41	连续三个交易日内，涨幅偏离值累计达到20的证券	9.97	20.95	60.98	-	星期四
50	300494	盛天网络	20200702	1家机构买入成功率41.92	25.40	3.04	-8187	5268	13454	18722	99840	-8.20	18.75	26.89	38	日换手率达到20的前五只证券	-3.46	-2.28	1.18	-	星期四
51	300612	宣亚国际	20200702	买一主买成功率47.44	33.21	4.11	206	3674	3469	7143	44899	0.46	15.91	22.77	20	日振幅值达到15的前五只证券	-10.00	-2.11	2.26	-	星期四
52	300620	光库科技	20200702	实力游资买入成功率53.95	56.41	10.00	2993	8830	5838	14668	51591	5.80	28.43	4.24	50	连续三个交易日内，涨幅偏离值累计达到20的证券	1.67	6.84	7.16	-	星期四
53	300803	指南针	20200702	1家机构买入成功率53.85	61.34	7.44	-341	5053	5394	10446	74064	-0.46	14.10	21.90	35	日换手率达到20的前五只证券	5.89	15.26	14.33	-	星期四
54	300820	英杰电气	20200702	西藏自治区资金卖出成功率56.61	63.75	-4.75	-237	1957	2194	4151	37912	-0.63	10.95	24.33	15	日换手率达到20的前五只证券	-3.37	-0.78	7.37	-	星期四
55	300831	派瑞股份	20200702	实力游资买入成功率48.52	27.38	10.00	9630	13314	3684	16998	101115	9.52	16.81	47.20	22	日涨幅偏离值达到7的前五只证券	-4.57	1.50	7.56	-	星期四
56	300831	派瑞股份	20200702	实力游资买入成功率48.52	27.38	10.00	9630	13314	3684	16998	101115	9.52	16.81	47.20	22	日换手率达到20的前五只证券	-4.57	1.50	7.56	-	星期四
57	300842	帝科股份	20200702	实力游资买入成功率100.00	49.27	10.00	1220	1254	34	1288	1414	86.23	91.07	0.78	12	连续三个交易日内，涨幅偏离值累计达到20的证券	10.01	21.01	61.05	-	星期四
58	300843	胜蓝股份	20200702	买一主买成功率76.67	14.41	43.96	59	62	3	66	62	95.04	104.96	0.12	5	无价格涨跌幅限制的证券	9.99	21.03	61.07	-	星期四
59	600075	新疆天业	20200702	2家机构买入成功率58.79	5.34	10.10	1929	4961	3031	7992	23900	8.07	33.44	4.73	52	有价格涨跌幅限制的日收盘价格涨幅偏离值达到7的前三只证券	9.93	20.97	38.02	-	星期四
60	600145	*ST新亿	20200702	卖一主卖成功率17.21	2.44	-5.06	-39	78	117	195	117	-33.45	166.55	0.01	36	ST、*ST和S证券连续三个交易日内收盘价格跌幅偏离值累计达到15的证券	-4.92	-9.84	-22.54	-	星期四
61	600175	退市美都	20200702	卖一主卖成功率34.76	0.27	-10.00	-3	8	12	20	12	-28.90	171.10	0.01	10	有价格涨跌幅限制的日收盘价格跌幅偏离值达到7的前三只证券	-11.11	-18.52	-33.33	-	星期四
62	600175	退市美都	20200702	卖一主卖成功率30.00	0.27	-10.00	-6	8	14	22	14	-39.71	160.29	0.01	10	非ST、*ST和S证券连续三个交易日内收盘价格跌幅偏离值累计达到20的证券	-11.11	-18.52	-33.33	-	星期四
63	600175	退市美都	20200702	卖一主卖成功率34.76	0.27	-10.00	-3	8	12	20	12	-28.90	171.10	0.01	10	退市整理的证券	-11.11	-18.52	-33.33	-	星期四
64	600211	西藏药业	20200702	1家机构卖出成功率49.96	67.86	-3.18	-6659	10988	17647	28635	145951	-4.56	19.62	8.09	168	有价格涨跌幅限制的日价格振幅达到15的前三只证券	2.24	2.36	7.25	-	星期四
65	600238	ST椰岛	20200702	实力游资卖出成功率37.81	5.20	-3.88	-754	1455	2209	3664	11286	-6.68	32.47	1.49	23	ST、*ST和S证券连续三个交易日内收盘价格跌幅偏离值累计达到15的证券	-0.38	-2.12	0.58	-	星期四
66	600302	标准股份	20200702	实力游资卖出成功率62.89	4.12	-1.67	-1683	2232	3915	6147	28407	-5.92	21.64	3.92	14	非ST、*ST和S证券连续三个交易日内收盘价格跌幅偏离值累计达到20的证券	-0.73	2.43	8.98	-	星期四
67	600606	绿地控股	20200702	2家机构买入成功率60.93	7.48	10.00	12999	30470	17471	47941	231674	5.61	20.69	0.38	910	非ST、*ST和S证券连续三个交易日内收盘价格涨幅偏离值累计达到20的证券	6.42	17.11	26.34	-	星期四
68	600794	保税科技	20200702	浙江资金买入成功率61.97	3.36	10.16	3557	4711	1153	5864	12007	29.63	48.84	3.01	41	有价格涨跌幅限制的日收盘价格涨幅偏离值达到7的前三只证券	4.46	6.25	6.85	-	星期四
69	600918	中泰证券	20200702	实力游资买入成功率49.64	14.25	10.04	6489	23964	17475	41439	408285	1.59	10.15	42.80	99	有价格涨跌幅限制的日换手率达到20的前三只证券	10.04	21.05	42.53	-	星期四
70	600956	新天绿能	20200702	买一主买成功率76.04	6.09	9.93	283	298	15	313	298	94.97	105.03	0.15	8	非ST、*ST和S证券连续三个交易日内收盘价格涨幅偏离值累计达到20的证券	10.02	21.02	61.08	-	星期四
71	600984	建设机械	20200702	4家机构卖出成功率50.55	21.88	-9.66	-838	18532	19370	37902	53497	-1.57	70.85	2.98	172	有价格涨跌幅限制的日收盘价格跌幅偏离值达到7的前三只证券	1.46	4.94	2.01	-	星期四
72	601777	力帆股份	20200702	实力游资买入成功率75.41	4.53	9.95	3801	6981	3179	10160	38167	9.96	26.62	6.77	58	有价格涨跌幅限制的日价格振幅达到15的前三只证券	9.93	10.38	5.30	-	星期四
73	601788	光大证券	20200702	买一主买成功率54.68	19.12	10.01	-105916	82870	188785	271655	1272695	-8.32	21.34	7.92	747	非ST、*ST和S证券连续三个交易日内收盘价格涨幅偏离值累计达到20的证券	9.99	20.97	57.06	-	星期四
74	603087	甘李药业	20200702	买一主买成功率71.93	121.36	10.00	1024	1148	124	1272	1148	89.17	110.83	0.11	49	非ST、*ST和S证券连续三个交易日内收盘价格涨幅偏离值累计达到20的证券	10.00	21.00	61.06	-	星期四
75	603268	松发股份	20200702	实力游资买入成功率30.26	18.60	1.36	-5050	2319	7369	9687	32424	-15.58	29.88	14.22	23	有价格涨跌幅限制的日价格振幅达到15的前三只证券	-10.00	-12.63	-11.99	-	星期四
76	603300	华铁应急	20200702	浙江资金买入成功率54.67	6.56	10.07	356	1827	1471	3298	14040	2.53	23.49	3.36	43	有价格涨跌幅限制的日收盘价格涨幅偏离值达到7的前三只证券	3.35	6.25	5.95	-	星期四
77	603638	艾迪精密	20200702	1家机构卖出成功率59.10	43.50	-7.76	-3995	7805	11800	19605	36122	-11.06	54.28	1.51	243	有价格涨跌幅限制的日收盘价格跌幅偏离值达到7的前三只证券	0.14	0.60	1.33	-	星期四
78	603638	艾迪精密	20200702	3家机构卖出成功率79.91	43.50	-7.76	-7265	12224	19490	31714	69853	-10.40	45.40	1.51	243	非ST、*ST和S证券连续三个交易日内收盘价格跌幅偏离值累计达到20的证券	0.14	0.60	1.33	-	星期四
79	603655	朗博科技	20200702	浙江资金卖出成功率40.00	28.50	-3.42	7273	10901	3628	14530	31240	23.28	46.51	34.19	10	有价格涨跌幅限制的日换手率达到20的前三只证券	-3.93	-5.26	-1.02	-	星期四
80	603976	正川股份	20200702	实力游资卖出成功率39.33	38.49	-5.20	-469	3528	3997	7526	61277	-0.77	12.28	41.49	15	有价格涨跌幅限制的日换手率达到20的前三只证券	2.88	13.17	50.66	-	星期四
81	688037	芯源微	20200702	买一主买成功率65.41	135.39	7.41	590	3876	3286	7162	79189	0.74	9.04	31.24	25	有价格涨跌幅限制的日换手率达到30的前五只证券	-4.32	4.25	7.22	-	星期四
82	688318	财富趋势	20200702	实力游资买入成功率44.31	311.87	12.18	2677	9833	7156	16989	153041	1.75	11.10	33.52	48	有价格涨跌幅限制的日换手率达到30的前五只证券	3.63	22.05	29.86	-	星期四
83	688520	神州细胞	20200702	卖一主卖成功率40.75	84.92	-6.29	-7092	5773	12865	18638	137167	-5.17	13.59	35.51	39	有价格涨跌幅限制的日换手率达到30的前五只证券	0.71	4.49	10.87	-	星期四
84	000020	深华发A	20200701	主力做T成功率51.13	11.75	2.44	-122	3783	3905	7688	36829	-0.33	20.87	8.40	21	连续三个交易日内，涨幅偏离值累计达到20的证券	-1.96	0.85	11.83	-	星期三
85	000426	兴业矿业	20200701	实力游资买入成功率57.61	7.57	10.03	4423	15481	11057	26538	82001	5.39	32.36	7.51	112	日涨幅偏离值达到7的前五只证券	-1.59	8.32	12.68	-	星期三
86	000501	鄂武商A	20200701	1家机构买入成功率60.10	17.25	10.01	-5004	11746	16750	28497	92695	-5.40	30.74	7.17	132	日涨幅偏离值达到7的前五只证券	-0.29	-3.01	19.25	-	星期三
87	000568	泸州老窖	20200701	4家机构买入成功率52.17	100.23	10.00	48454	80111	31657	111768	432570	11.20	25.84	3.02	1463	日涨幅偏离值达到7的前五只证券	7.36	9.85	14.63	-	星期三
88	000656	金科股份	20200701	1家机构买入成功率58.32	8.98	10.05	-8771	12327	21098	33424	85358	-10.28	39.16	1.88	471	日涨幅偏离值达到7的前五只证券	10.02	6.76	11.77	-	星期三
89	000799	酒鬼酒	20200701	实力游资买入成功率40.87	84.16	10.00	-1431	15958	17389	33348	235657	-0.61	14.15	8.99	273	日涨幅偏离值达到7的前五只证券	-4.42	-12.13	-8.51	-	星期三
90	000799	酒鬼酒	20200701	主力做T成功率51.58	84.16	10.00	362	32103	31742	63845	649351	0.06	9.83	8.99	273	连续三个交易日内，涨幅偏离值累计达到20的证券	-4.42	-12.13	-8.51	-	星期三
91	000835	*ST长动	20200701	实力游资卖出成功率13.33	2.38	-4.80	-64	80	144	224	241	-26.34	92.61	0.13	7	连续三个交易日内，跌幅偏离值累计达到12的ST证券、*ST证券和未完成股改证券	-2.52	-7.56	-6.72	-	星期三
92	002049	紫光国微	20200701	3家机构买入成功率52.95	80.03	10.01	85599	118591	32993	151584	502778	17.03	30.15	10.55	485	日涨幅偏离值达到7的前五只证券	10.00	20.99	50.69	-	星期三
93	002071	*ST长城	20200701	卖一主卖成功率8.89	1.84	-5.15	-15	150	165	314	506	-3.01	62.06	0.33	10	连续三个交易日内，跌幅偏离值累计达到12的ST证券、*ST证券	2.17	-2.72	-5.98	-	星期三
94	002210	*ST飞马	20200701	广东资金买入成功率71.84	1.02	5.15	1019	1477	458	1935	5250	19.41	36.86	0.46	17	连续三个交易日内，涨幅偏离值累计达到12的ST证券、*ST证券	4.90	7.84	3.92	-	星期三
95	002220	天宝退	20200701	卖一主卖成功率28.78	0.42	-10.64	-0	3	3	6	3	-2.50	194.07	0.01	3	退市整理期	-9.52	-19.05	-40.48	-	星期三
96	002280	*ST联络	20200701	卖一主卖成功率16.98	1.37	-4.86	-188	81	269	350	801	-23.47	43.76	0.19	24	连续三个交易日内，跌幅偏离值累计达到12的ST证券、*ST证券	0.00	-5.11	2.19	-	星期三
97	002305	南国置业	20200701	主力做T成功率46.98	2.99	9.93	1506	7039	5533	12572	51931	2.90	24.21	10.48	52	日涨幅偏离值达到7的前五只证券	-2.01	-5.02	1.00	-	星期三
98	002317	众生药业	20200701	4家机构买入成功率51.34	17.98	4.78	5911	36016	30105	66121	372737	1.59	17.74	12.65	128	连续三个交易日内，涨幅偏离值累计达到20的证券	-2.22	-4.89	-5.45	-	星期三
99	002400	省广集团	20200701	浙江资金买入成功率55.19	11.35	8.20	31961	71895	39934	111829	745484	4.29	15.00	39.65	190	日换手率达到20的前五只证券	0.09	-2.64	5.29	-	星期三
100	002509	天茂退	20200701	买一主买成功率6.19	0.19	0.00	66	355	289	644	690	9.60	93.43	1.71	4	退市整理期	0.00	-5.26	-10.53	-	星期三
101	002571	德力股份	20200701	主力做T成功率40.82	5.38	-4.10	-5305	8083	13389	21472	133078	-3.99	16.13	17.80	15	连续三个交易日内，跌幅偏离值累计达到20的证券	0.19	-1.86	2.23	-	星期三
102	002604	龙力退	20200701	实力游资买入成功率17.31	0.30	0.00	34	319	285	604	616	5.45	97.91	4.02	2	退市整理期	-3.33	-6.67	-10.00	-	星期三
103	002610	爱康科技	20200701	实力游资买入成功率79.24	1.46	9.77	9059	11558	2499	14057	41944	21.60	33.51	6.82	64	日涨幅偏离值达到7的前五只证券	5.48	8.90	17.81	-	星期三
104	002640	跨境通	20200701	2家机构买入成功率54.42	7.14	10.02	-2101	19951	22052	42003	198232	-1.06	21.19	22.82	88	日涨幅偏离值达到7的前五只证券	9.94	13.45	20.31	-	星期三
105	002640	跨境通	20200701	2家机构买入成功率54.25	7.14	10.02	1255	23776	22521	46298	227769	0.55	20.33	22.82	88	连续三个交易日内，涨幅偏离值累计达到20的证券	9.94	13.45	20.31	-	星期三
106	002740	爱迪尔	20200701	实力游资买入成功率49.58	7.14	10.02	-1218	3375	4593	7967	56561	-2.15	14.09	33.57	17	日涨幅偏离值达到7的前五只证券	9.94	21.01	35.71	-	星期三
107	002740	爱迪尔	20200701	实力游资买入成功率49.58	7.14	10.02	-1218	3375	4593	7967	56561	-2.15	14.09	33.57	17	日换手率达到20的前五只证券	9.94	21.01	35.71	-	星期三
108	002770	ST科迪	20200701	实力游资卖出成功率16.67	2.35	-4.86	-96	229	325	554	672	-14.30	82.33	0.17	14	连续三个交易日内，跌幅偏离值累计达到12的ST证券、*ST证券	-5.11	-9.79	-16.60	-	星期三
109	002888	惠威科技	20200701	实力游资买入成功率34.80	22.62	1.53	-6096	1246	7341	8587	34353	-17.74	25.00	42.30	8	日换手率达到20的前五只证券	-1.59	-2.79	14.32	-	星期三
110	002981	朝阳科技	20200701	主力做T成功率47.17	52.57	5.80	962	3235	2273	5508	42638	2.26	12.92	35.09	13	日换手率达到20的前五只证券	-2.61	-4.62	2.70	-	星期三
111	002983	芯瑞达	20200701	上海资金买入成功率59.05	50.92	6.50	-18	5887	5905	11792	77501	-0.02	15.22	44.42	18	日换手率达到20的前五只证券	0.53	-2.40	6.54	-	星期三
112	200160	东沣B退	20200701	广东资金卖出成功率13.97	0.22	-4.35	2	46	44	90	60	2.84	149.64	0.67	1	退市整理期	-4.55	-4.55	4.55	-	星期三
113	300020	银江股份	20200701	实力游资卖出成功率65.30	10.49	-7.98	1079	4228	3150	7378	62963	1.71	11.72	9.66	64	日跌幅偏离值达到7的前五只证券	1.05	1.91	14.97	-	星期三
114	300028	金亚退	20200701	实力游资卖出成功率17.05	0.38	-2.56	19	363	344	707	640	2.92	110.53	4.90	1	退市整理期	2.63	0.00	0.00	-	星期三
115	300104	乐视退	20200701	实力游资卖出成功率20.56	0.29	-9.38	30	75	46	121	176	16.77	68.68	0.15	12	退市整理期	-10.34	-20.69	-34.48	-	星期三
116	300192	科斯伍德	20200701	实力游资买入成功率50.56	18.57	10.01	1392	4847	3455	8303	26662	5.22	31.14	8.47	32	日涨幅偏离值达到7的前五只证券	-0.70	-3.61	13.09	-	星期三
117	300224	正海磁材	20200701	江苏资金买入成功率62.55	9.53	10.05	5620	8433	2813	11246	31895	17.62	35.26	4.21	77	日涨幅偏离值达到7的前五只证券	4.20	5.77	27.07	-	星期三
118	300293	蓝英装备	20200701	实力游资买入成功率43.99	19.10	4.26	-1932	2976	4908	7884	96961	-1.99	8.13	19.86	52	日振幅值达到15的前五只证券	10.00	13.09	43.98	-	星期三
119	300358	楚天科技	20200701	实力游资卖出成功率43.28	9.69	-8.06	-383	2107	2490	4597	33742	-1.14	13.62	7.47	44	日跌幅偏离值达到7的前五只证券	2.06	0.31	4.44	-	星期三
120	300427	红相股份	20200701	实力游资买入成功率75.97	18.33	10.02	233	4796	4563	9360	43647	0.53	21.44	9.55	46	日涨幅偏离值达到7的前五只证券	-1.47	-2.78	8.67	-	星期三
121	300620	光库科技	20200701	2家机构买入成功率61.08	51.28	10.00	2459	5927	3468	9394	19725	12.47	47.63	4.46	46	日涨幅偏离值达到7的前五只证券	10.00	11.84	15.33	-	星期三
122	300671	富满电子	20200701	广东资金买入成功率45.11	30.62	5.30	-2082	4224	6306	10530	60016	-3.47	17.54	25.36	24	日换手率达到20的前五只证券	-0.56	-3.72	6.30	-	星期三
123	300708	聚灿光电	20200701	实力游资买入成功率50.83	15.28	4.16	-3474	2138	5612	7751	38341	-9.06	20.21	27.60	14	日换手率达到20的前五只证券	-1.31	-1.18	3.47	-	星期三
124	300736	百邦科技	20200701	卖一主卖成功率32.17	9.92	-5.07	344	3072	2728	5801	12875	2.67	45.06	15.47	8	日振幅值达到15的前五只证券	-2.62	-3.73	1.41	-	星期三
125	300762	上海瀚讯	20200701	买一主买成功率54.72	35.09	10.00	2213	11204	8991	20195	38914	5.69	51.89	10.57	38	日涨幅偏离值达到7的前五只证券	3.33	5.16	15.93	-	星期三
126	300770	新媒股份	20200701	2家机构卖出成功率62.49	202.00	-9.68	-8748	11298	20045	31343	79768	-10.97	39.29	5.26	159	日跌幅偏离值达到7的前五只证券	2.23	2.38	7.25	-	星期三
127	300791	仙乐健康	20200701	实力游资卖出成功率53.36	77.01	-3.67	-1096	6327	7423	13750	34004	-3.22	40.44	14.63	23	日振幅值达到15的前五只证券	4.03	5.23	5.77	-	星期三
128	300820	英杰电气	20200701	主力做T成功率34.47	66.93	2.18	-882	2608	3490	6098	57185	-1.54	10.66	36.47	16	日换手率达到20的前五只证券	-4.75	-7.96	0.75	-	星期三
129	300824	北鼎股份	20200701	实力游资买入成功率70.00	15.08	9.99	474	487	12	499	487	97.44	102.56	0.17	8	连续三个交易日内，涨幅偏离值累计达到20的证券	10.01	21.02	61.14	-	星期三
130	300831	派瑞股份	20200701	实力游资买入成功率47.25	24.89	3.24	1510	4436	2926	7362	67236	2.25	10.95	33.00	20	日换手率达到20的前五只证券	10.00	4.98	13.18	-	星期三
131	300835	龙磁科技	20200701	实力游资买入成功率45.04	66.50	6.40	-683	1720	2404	4124	34789	-1.96	11.85	30.33	12	日换手率达到20的前五只证券	-2.11	-2.45	9.86	-	星期三
132	300841	康华生物	20200701	1家机构买入成功率64.32	238.94	10.00	3282	3418	136	3554	3418	96.02	103.98	0.37	36	连续三个交易日内，涨幅偏离值累计达到20的证券	10.00	21.00	61.04	-	星期三
133	300846	首都在线	20200701	买一主买成功率77.27	4.85	43.92	35	36	2	38	36	95.80	104.20	0.15	2	无价格涨跌幅限制的证券	10.10	21.03	61.24	-	星期三
134	600175	退市美都	20200701	卖一主卖成功率0.00	0.30	-9.09	-1	1	2	3	2	-40.28	159.72	0.00	11	退市整理的证券	-10.00	-20.00	-36.67	-	星期三
135	600302	标准股份	20200701	广东资金卖出成功率64.65	4.19	-10.09	415	1253	839	2092	6227	6.66	33.59	4.27	14	有价格涨跌幅限制的日收盘价格跌幅偏离值达到7的前三只证券	-1.67	-2.39	5.49	-	星期三
136	600511	国药股份	20200701	1家机构卖出成功率50.20	39.35	-3.25	-41685	29762	71447	101209	785409	-5.31	12.89	11.09	218	非ST、*ST和S证券连续三个交易日内收盘价格跌幅偏离值累计达到20的证券	-1.83	-1.14	1.60	-	星期三
137	600559	老白干酒	20200701	买一主买成功率28.86	14.25	10.04	-4538	17960	22499	40459	178163	-2.55	22.71	14.74	125	有价格涨跌幅限制的日收盘价格涨幅偏离值达到7的前三只证券	-1.12	-5.75	2.53	-	星期三
138	600559	老白干酒	20200701	买一主买成功率7.97	14.25	10.04	-5337	23638	28974	52612	358692	-1.49	14.67	14.74	125	非ST、*ST和S证券连续三个交易日内收盘价格涨幅偏离值累计达到20的证券	-1.12	-5.75	2.53	-	星期三
139	600606	绿地控股	20200701	1家机构买入成功率62.44	6.80	10.03	8144	19001	10857	29858	89129	9.14	33.50	1.11	827	有价格涨跌幅限制的日收盘价格涨幅偏离值达到7的前三只证券	10.00	17.06	26.32	-	星期三
140	600781	*ST辅仁	20200701	实力游资卖出成功率78.77	3.72	-5.10	-69	342	411	754	1230	-5.61	61.28	0.51	14	ST、*ST和S证券连续三个交易日内收盘价格跌幅偏离值累计达到15的证券	1.34	1.08	2.96	-	星期三
141	600859	王府井	20200701	1家机构买入成功率61.63	49.69	10.01	-11426	37107	48533	85640	374764	-3.05	22.85	4.95	283	非ST、*ST和S证券连续三个交易日内收盘价格涨幅偏离值累计达到20的证券	10.00	21.01	49.16	-	星期三
142	600870	ST厦华	20200701	卖一主卖成功率88.15	2.83	-5.03	57	1042	985	2026	7021	0.82	28.86	1.16	15	ST、*ST和S证券连续三个交易日内收盘价格跌幅偏离值累计达到15的证券	3.53	3.89	5.65	-	星期三
143	600898	*ST美讯	20200701	卖一主卖成功率44.22	7.35	-5.04	-614	1501	2115	3617	12222	-5.02	29.59	1.04	19	ST、*ST和S证券连续三个交易日内收盘价格跌幅偏离值累计达到15的证券	-3.54	-5.58	-1.50	-	星期三
144	603069	海汽集团	20200701	浙江资金买入成功率58.94	15.25	10.03	2279	3853	1574	5427	16597	13.73	32.70	3.55	48	有价格涨跌幅限制的日收盘价格涨幅偏离值达到7的前三只证券	10.03	21.05	48.20	-	星期三
145	603223	恒通股份	20200701	山东资金买入成功率17.78	13.53	2.58	-333	3181	3513	6694	13078	-2.54	51.18	3.42	38	有价格涨跌幅限制的日价格振幅达到15的前三只证券	2.37	-0.96	0.67	-	星期三
146	603268	松发股份	20200701	买一主买成功率12.78	18.35	5.46	2099	7503	5404	12908	36377	5.77	35.48	7.00	23	非ST、*ST和S证券连续三个交易日内收盘价格涨幅偏离值累计达到20的证券	1.36	-8.77	-12.59	-	星期三
147	603520	司太立	20200701	4家机构卖出成功率49.20	75.65	-10.00	-7191	15804	22996	38800	69007	-10.42	56.23	3.77	178	有价格涨跌幅限制的日收盘价格跌幅偏离值达到7的前三只证券	0.19	0.73	-2.38	-	星期三
148	603655	朗博科技	20200701	卖一主卖成功率41.11	29.51	-10.00	-7389	11609	18999	30608	59602	-12.40	51.35	55.42	10	有价格涨跌幅限制的日换手率达到20的前三只证券	-3.42	-7.22	-3.80	-	星期三
149	603976	正川股份	20200701	实力游资买入成功率46.20	40.60	5.51	-1235	4366	5600	9966	83453	-1.48	11.94	55.57	16	有价格涨跌幅限制的日价格振幅达到15的前三只证券	-5.20	-2.46	29.83	-	星期三
150	603976	正川股份	20200701	实力游资买入成功率46.20	40.60	5.51	-1235	4366	5600	9966	83453	-1.48	11.94	55.57	16	有价格涨跌幅限制的日换手率达到20的前三只证券	-5.20	-2.46	29.83	-	星期三
151	603977	国泰集团	20200701	实力游资卖出成功率47.43	6.98	-10.05	-1695	2373	4067	6440	9637	-17.59	66.83	3.07	30	有价格涨跌幅限制的日收盘价格跌幅偏离值达到7的前三只证券	-2.58	-0.14	3.72	-	星期三
152	605166	聚合顺	20200701	实力游资卖出成功率35.92	14.39	-9.21	-676	2957	3633	6590	52534	-1.29	12.54	45.11	11	有价格涨跌幅限制的日换手率达到20的前三只证券	0.07	-2.08	5.21	-	星期三
153	688505	复旦张江	20200701	实力游资买入成功率42.74	36.58	7.49	-387	7071	7458	14529	122068	-0.32	11.90	38.35	33	有价格涨跌幅限制的日换手率达到30的前五只证券	-3.77	-4.87	0.60	-	星期三
154	688520	神州细胞	20200701	买一主买成功率31.59	90.62	19.99	6086	11518	5432	16950	158446	3.84	10.70	42.10	41	有价格涨跌幅限制的日收盘价格涨幅达到15的前五只证券	-6.29	-5.63	1.69	-	星期三
155	688520	神州细胞	20200701	买一主买成功率31.59	90.62	19.99	6086	11518	5432	16950	158446	3.84	10.70	42.10	41	有价格涨跌幅限制的日换手率达到30的前五只证券	-6.29	-5.63	1.69	-	星期三
