1	000155	川能动力	实力游资卖出，成功率49.98	4.80	-7.16	2216.65	4552.35	2335.70	6888.04	31845.14	6.96	21.63	5.08	61	日跌幅偏离值达到7的前五只证券	20200624	星期三
2	000567	海德股份	主力做T，成功率29.47	12.91	-8.31	142.48	2771.42	2628.93	5400.35	45367.94	0.31	11.90	15.57	28	日跌幅偏离值达到7的前五只证券	20200624	星期三
3	000679	*ST友谊	湖北资金卖出，成功率10.00	3.40	-3.13	-2158.15	779.47	2937.62	3717.08	4992.15	-43.23	74.46	1.47	12	连续三个交易日内，跌幅偏离值累计达到12的ST证券、*ST证券和未完成股改证券	20200624	星期三
4	000829	天音控股	主力做T，成功率47.54	6.57	-7.33	1731.59	5811.22	4079.63	9890.85	51910.84	3.34	19.05	8.31	61	日跌幅偏离值达到7的前五只证券	20200624	星期三
5	000918	嘉凯城	实力游资买入，成功率23.42	5.02	7.04	-212.06	1304.37	1516.43	2820.79	8759.74	-2.42	32.20	0.99	91	日涨幅偏离值达到7的前五只证券	20200624	星期三
6	000931	中关村	主力做T，成功率47.36	12.36	9.96	-9395.36	7868.17	17263.52	25131.69	78009.92	-12.04	32.22	8.69	92	日涨幅偏离值达到7的前五只证券	20200624	星期三
7	002071	*ST长城	实力游资卖出，成功率20.58	2.15	-4.87	223.18	430.38	207.21	637.59	1119.00	19.94	56.98	0.13	11	连续三个交易日内，跌幅偏离值累计达到12的ST证券、*ST证券	20200624	星期三
8	002238	天威视讯	1家机构卖出，成功率26.67	7.06	-8.43	-1268.80	911.92	2180.72	3092.65	15012.21	-8.45	20.60	2.61	57	日跌幅偏离值达到7的前五只证券	20200624	星期三
9	002305	南国置业	实力游资买入，成功率80.93	2.74	10.04	920.66	1311.64	390.98	1702.61	2076.78	44.33	81.98	0.24	47	连续三个交易日内，涨幅偏离值累计达到20的证券	20200624	星期三
10	002509	天茂退	买一主买，成功率49.21	0.20	0.00	-104.13	886.89	991.02	1877.91	3774.63	-2.76	49.75	8.84	4	退市整理期	20200624	星期三
11	002571	德力股份	实力游资买入，成功率42.17	6.63	9.95	-1020.65	4199.15	5219.80	9418.95	39186.35	-2.60	24.04	21.96	19	日振幅值达到15的前五只证券	20200624	星期三
12	002571	德力股份	实力游资买入，成功率42.17	6.63	9.95	-1020.65	4199.15	5219.80	9418.95	39186.35	-2.60	24.04	21.96	19	日涨幅偏离值达到7的前五只证券	20200624	星期三
13	002604	龙力退	上海资金卖出，成功率59.79	0.31	-6.06	-140.50	625.22	765.72	1390.94	1548.30	-9.07	89.84	9.50	2	退市整理期	20200624	星期三
14	002688	金河生物	广东资金卖出，成功率51.33	6.98	-7.67	-3096.18	1454.01	4550.18	6004.19	32566.41	-9.51	18.44	7.23	44	日跌幅偏离值达到7的前五只证券	20200624	星期三
15	002740	爱迪尔	实力游资买入，成功率50.96	5.36	10.06	2091.47	2973.99	882.52	3856.51	9512.67	21.99	40.54	7.47	13	日涨幅偏离值达到7的前五只证券	20200624	星期三
16	002878	元隆雅图	1家机构卖出，成功率42.63	21.69	-8.48	-2008.41	3278.66	5287.07	8565.73	38286.86	-5.25	22.37	9.37	40	日跌幅偏离值达到7的前五只证券	20200624	星期三
17	002881	美格智能	买一主买，成功率29.28	25.34	9.98	1482.36	4154.02	2671.66	6825.68	25116.40	5.90	27.18	5.67	46	日涨幅偏离值达到7的前五只证券	20200624	星期三
18	002895	川恒股份	1家机构卖出，成功率29.99	12.62	-1.10	-4984.94	1612.45	6597.38	8209.83	33679.96	-14.80	24.38	28.91	11	日换手率达到20的前五只证券	20200624	星期三
19	002909	集泰股份	卖一主卖，成功率26.89	9.32	-9.95	-1453.00	1881.32	3334.32	5215.64	22548.86	-6.44	23.13	22.85	10	日跌幅偏离值达到7的前五只证券	20200624	星期三
20	002909	集泰股份	卖一主卖，成功率26.89	9.32	-9.95	-1453.00	1881.32	3334.32	5215.64	22548.86	-6.44	23.13	22.85	10	日换手率达到20的前五只证券	20200624	星期三
21	002932	明德生物	广东资金买入，成功率26.53	60.14	10.01	1028.46	4588.53	3560.07	8148.60	37877.67	2.72	21.51	21.54	18	日涨幅偏离值达到7的前五只证券	20200624	星期三
22	002932	明德生物	广东资金买入，成功率26.53	60.14	10.01	1028.46	4588.53	3560.07	8148.60	37877.67	2.72	21.51	21.54	18	日换手率达到20的前五只证券	20200624	星期三
23	002968	新大正	上海资金买入，成功率37.05	64.69	10.00	933.74	4971.50	4037.76	9009.26	13278.59	7.03	67.85	7.72	17	日涨幅偏离值达到7的前五只证券	20200624	星期三
24	002977	天箭科技	4家机构买入，成功率50.87	92.18	0.25	1002.20	4183.50	3181.30	7364.80	37691.30	2.66	19.54	22.79	17	日换手率达到20的前五只证券	20200624	星期三
25	002981	朝阳科技	主力做T，成功率55.75	48.62	-2.47	-157.81	1770.42	1928.23	3698.65	27019.05	-0.58	13.69	23.30	12	日换手率达到20的前五只证券	20200624	星期三
26	200160	东沣B退	主力做T，成功率29.78	0.25	-3.85	11.35	41.10	29.75	70.85	51.67	21.96	137.12	0.52	1	退市整理期	20200624	星期三
27	300028	金亚退	卖一主卖，成功率66.60	0.45	-10.00	-0.96	24.32	25.28	49.60	25.28	-3.81	196.19	0.16	2	退市整理期	20200624	星期三
28	300104	乐视退	2家机构卖出，成功率5.39	0.39	-9.30	-2.60	73.14	75.74	148.88	151.68	-1.71	98.15	0.10	15	退市整理期	20200624	星期三
29	300293	蓝英装备	1家机构买入，成功率43.14	17.37	10.01	-1451.25	5167.00	6618.26	11785.26	75168.93	-1.93	15.68	16.67	47	日涨幅偏离值达到7的前五只证券	20200624	星期三
30	300373	扬杰科技	1家机构买入，成功率50.10	31.74	10.02	5694.68	14352.99	8658.32	23011.31	144909.21	3.93	15.88	9.93	149	日涨幅偏离值达到7的前五只证券	20200624	星期三
31	300438	鹏辉能源	1家机构买入，成功率50.00	17.13	10.02	4781.63	8751.21	3969.58	12720.79	52404.39	9.12	24.27	9.75	54	日涨幅偏离值达到7的前五只证券	20200624	星期三
32	300494	盛天网络	实力游资买入，成功率47.34	25.29	10.00	8699.63	14743.53	6043.90	20787.44	114979.43	7.57	18.08	31.75	37	日涨幅偏离值达到7的前五只证券	20200624	星期三
33	300494	盛天网络	实力游资买入，成功率47.34	25.29	10.00	8699.63	14743.53	6043.90	20787.44	114979.43	7.57	18.08	31.75	37	日换手率达到20的前五只证券	20200624	星期三
34	300715	凯伦股份	2家机构卖出，成功率27.74	37.49	-10.01	-1769.91	2824.05	4593.96	7418.01	20035.73	-8.83	37.02	6.55	29	日跌幅偏离值达到7的前五只证券	20200624	星期三
35	300747	锐科激光	1家机构买入，成功率51.23	111.54	10.00	2008.75	14003.10	11994.35	25997.44	53049.79	3.79	49.01	5.02	110	日涨幅偏离值达到7的前五只证券	20200624	星期三
36	300748	金力永磁	实力游资卖出，成功率44.16	34.10	-7.61	-2334.26	4299.18	6633.44	10932.62	78838.36	-2.96	13.87	8.86	88	日跌幅偏离值达到7的前五只证券	20200624	星期三
37	300820	英杰电气	实力游资买入，成功率66.39	57.92	10.01	879.78	3016.54	2136.75	5153.29	34489.43	2.55	14.94	25.91	14	日换手率达到20的前五只证券	20200624	星期三
38	300824	北鼎股份	买一主买，成功率79.11	11.33	10.00	155.72	162.67	6.96	169.63	162.67	95.72	104.28	0.13	6	连续三个交易日内，涨幅偏离值累计达到20的证券	20200624	星期三
39	300831	派瑞股份	实力游资买入，成功率31.05	23.78	3.53	21.29	3188.93	3167.64	6356.57	51086.05	0.04	12.44	26.71	19	日换手率达到20的前五只证券	20200624	星期三
40	300837	浙矿股份	实力游资买入，成功率31.78	47.04	10.01	7272.94	10537.73	3264.79	13802.52	49154.97	14.80	28.08	42.70	12	日换手率达到20的前五只证券	20200624	星期三
41	300838	浙江力诺	买一主买，成功率35.31	26.56	5.23	-219.78	2879.23	3099.01	5978.24	37024.35	-0.59	16.15	41.89	9	日换手率达到20的前五只证券	20200624	星期三
42	300841	康华生物	买一主买，成功率61.67	179.52	10.00	1318.48	1388.60	70.12	1458.71	1388.60	94.95	105.05	0.25	27	连续三个交易日内，涨幅偏离值累计达到20的证券	20200624	星期三
43	600053	九鼎投资	买一主买，成功率40.03	29.36	10.00	4295.59	8724.44	4428.85	13153.28	29972.07	14.33	43.89	2.42	127	有价格涨跌幅限制的日收盘价格涨幅偏离值达到7的前三只证券	20200624	星期三
44	600511	国药股份	实力游资买入，成功率46.89	49.52	10.00	-35892.78	37071.23	72964.01	110035.24	836481.85	-4.29	13.15	13.70	274	非ST、*ST和S证券连续三个交易日内收盘价格涨幅偏离值累计达到20的证券	20200624	星期三
45	600586	金晶科技	实力游资买入，成功率49.92	3.07	10.04	1416.58	2908.22	1491.65	4399.87	12372.39	11.45	35.56	2.88	44	有价格涨跌幅限制的日收盘价格涨幅偏离值达到7的前三只证券	20200624	星期三
46	600589	广东榕泰	卖一主卖，成功率41.33	5.23	-9.98	-88.91	227.50	316.42	543.92	874.30	-10.17	62.21	0.24	37	有价格涨跌幅限制的日收盘价格跌幅偏离值达到7的前三只证券	20200624	星期三
47	600589	广东榕泰	实力游资卖出，成功率19.23	5.23	-9.98	38.78	509.67	470.88	980.55	2227.04	1.74	44.03	0.24	37	非ST、*ST和S证券连续三个交易日内收盘价格跌幅偏离值累计达到20的证券	20200624	星期三
48	603109	神驰机电	西藏自治区资金买入，成功率35.25	33.38	7.85	-11.64	2092.32	2103.96	4196.28	44144.58	-0.03	9.51	37.27	12	有价格涨跌幅限制的日换手率达到20的前三只证券	20200624	星期三
49	603116	红蜻蜓	实力游资卖出，成功率27.11	8.54	-1.39	-2290.53	2184.65	4475.18	6659.83	23867.41	-9.60	27.90	4.71	49	有价格涨跌幅限制的日价格振幅达到15的前三只证券	20200624	星期三
50	603444	吉比特	2家机构买入，成功率48.81	524.33	10.00	6422.19	23639.36	17217.17	40856.54	81195.83	7.91	50.32	2.18	377	有价格涨跌幅限制的日收盘价格涨幅偏离值达到7的前三只证券	20200624	星期三
51	603530	神马电力	实力游资买入，成功率33.37	28.50	5.09	-2356.63	2058.02	4414.65	6472.67	45858.44	-5.14	14.11	40.62	11	有价格涨跌幅限制的日换手率达到20的前三只证券	20200624	星期三
52	603608	天创时尚	1家机构卖出，成功率25.10	11.10	-9.98	-1141.84	7328.57	8470.41	15798.98	118044.86	-0.97	13.38	10.33	47	非ST、*ST和S证券连续三个交易日内收盘价格跌幅偏离值累计达到20的证券	20200624	星期三
53	603690	至纯科技	1家机构买入，成功率44.49	41.16	3.18	21169.18	36720.90	15551.72	52272.62	239189.34	8.85	21.85	9.06	98	非ST、*ST和S证券连续三个交易日内收盘价格涨幅偏离值累计达到20的证券	20200624	星期三
54	603893	瑞芯微	实力游资买入，成功率48.29	84.37	10.00	8159.15	20515.37	12356.22	32871.58	213381.27	3.82	15.41	24.73	35	非ST、*ST和S证券连续三个交易日内收盘价格涨幅偏离值累计达到20的证券	20200624	星期三
55	603916	苏博特	4家机构卖出，成功率53.85	27.83	-9.99	-2416.22	3579.24	5995.46	9574.69	22163.63	-10.90	43.20	5.93	37	有价格涨跌幅限制的日收盘价格跌幅偏离值达到7的前三只证券	20200624	星期三
56	603917	合力科技	卖一主卖，成功率28.73	12.84	-10.02	-7205.70	4026.65	11232.35	15259.01	42348.69	-17.02	36.03	38.68	10	有价格涨跌幅限制的日价格振幅达到15的前三只证券	20200624	星期三
57	603917	合力科技	卖一主卖，成功率28.73	12.84	-10.02	-7205.70	4026.65	11232.35	15259.01	42348.69	-17.02	36.03	38.68	10	有价格涨跌幅限制的日收盘价格跌幅偏离值达到7的前三只证券	20200624	星期三
58	603917	合力科技	卖一主卖，成功率28.73	12.84	-10.02	-7205.70	4026.65	11232.35	15259.01	42348.69	-17.02	36.03	38.68	10	有价格涨跌幅限制的日换手率达到20的前三只证券	20200624	星期三
59	688106	金宏气体	1家机构卖出，成功率49.55	47.56	-0.94	6227.23	20068.50	13841.27	33909.77	207570.68	3.00	16.34	41.20	48	有价格涨跌幅限制的日换手率达到30的前五只证券	20200624	星期三
