1	000426	兴业矿业	20200605	1家机构买入成功率39.98	7.25	8.37	5088	8921	3833	12755	34448	14.77	37.03	3.31	106	日涨幅偏离值达到7的前五只证券	-6.62	-6.62	-9.38	-1.10	星期五
2	000504	*ST生物	20200605	实力游资买入成功率56.39	8.59	5.01	426	1106	681	1787	4330	9.83	41.27	0.53	27	连续三个交易日内，涨幅偏离值累计达到12的ST证券、*ST证券和未完成股改证券	5.01	10.24	4.42	-	星期五
3	000557	西部创业	20200605	浙江资金买入成功率32.97	4.77	9.91	1155	8160	7004	15164	57214	2.02	26.50	8.42	70	日涨幅偏离值达到7的前五只证券	-9.85	-8.80	-20.34	-26.21	星期五
4	000564	供销大集	20200605	上海资金卖出成功率37.34	5.24	-9.03	-13104	17907	31011	48918	326735	-4.01	14.97	29.04	105	日振幅值达到15的前五只证券	-6.68	-2.86	1.34	-7.82	星期五
5	000564	供销大集	20200605	上海资金卖出成功率37.34	5.24	-9.03	-13104	17907	31011	48918	326735	-4.01	14.97	29.04	105	日跌幅偏离值达到7的前五只证券	-6.68	-2.86	1.34	-7.82	星期五
6	000564	供销大集	20200605	上海资金卖出成功率37.34	5.24	-9.03	-13104	17907	31011	48918	326735	-4.01	14.97	29.04	105	日换手率达到20的前五只证券	-6.68	-2.86	1.34	-7.82	星期五
7	000567	海德股份	20200605	实力游资卖出成功率52.99	12.73	-8.94	-1724	3735	5459	9194	78456	-2.20	11.72	27.59	28	日跌幅偏离值达到7的前五只证券	9.98	8.41	29.22	9.03	星期五
8	000567	海德股份	20200605	实力游资卖出成功率52.99	12.73	-8.94	-1724	3735	5459	9194	78456	-2.20	11.72	27.59	28	日换手率达到20的前五只证券	9.98	8.41	29.22	9.03	星期五
9	000612	焦作万方	20200605	主力做T成功率27.08	5.86	5.40	1465	5109	3644	8753	73361	2.00	11.93	10.89	70	日振幅值达到15的前五只证券	-10.07	-9.04	-2.56	-8.36	星期五
10	000613	大东海A	20200605	实力游资卖出成功率30.82	7.89	-6.29	-5368	8067	13435	21502	160798	-3.34	13.37	14.10	21	连续三个交易日内，跌幅偏离值累计达到20的证券	8.49	4.69	10.77	-2.92	星期五
11	000659	珠海中富	20200605	广东资金卖出成功率28.59	2.38	-9.85	-1274	1552	2826	4378	18939	-6.73	23.12	6.00	31	日跌幅偏离值达到7的前五只证券	-6.72	-4.62	-9.24	-3.36	星期五
12	000721	西安饮食	20200605	实力游资买入成功率39.39	5.80	10.06	1558	5914	4356	10269	67055	2.32	15.31	28.08	25	日涨幅偏离值达到7的前五只证券	-4.14	5.52	-9.66	-13.97	星期五
13	000721	西安饮食	20200605	实力游资买入成功率39.39	5.80	10.06	1558	5914	4356	10269	67055	2.32	15.31	28.08	25	日换手率达到20的前五只证券	-4.14	5.52	-9.66	-13.97	星期五
14	000897	津滨发展	20200605	实力游资买入成功率28.76	2.55	9.91	416	640	224	864	640	65.02	134.98	0.15	41	日涨幅偏离值达到7的前五只证券	-6.67	-10.20	-11.76	-12.16	星期五
15	000929	兰州黄河	20200605	实力游资卖出成功率8.19	6.89	-10.05	188	1110	922	2033	12331	1.52	16.48	9.45	13	日跌幅偏离值达到7的前五只证券	-2.76	-2.18	0.73	-1.74	星期五
16	000936	华西股份	20200605	主力做T成功率43.90	10.56	-9.97	4573	18907	14334	33241	94698	4.83	35.10	9.72	93	日跌幅偏离值达到7的前五只证券	1.61	0.28	13.73	26.89	星期五
17	002046	轴研科技	20200605	实力游资卖出成功率33.64	11.07	-10.00	-2595	4544	7138	11682	77182	-3.36	15.14	16.57	45	日跌幅偏离值达到7的前五只证券	-4.16	-1.35	-5.51	-9.30	星期五
18	002071	长城影视	20200605	主力做T成功率27.60	3.42	2.70	-3025	2522	5547	8069	37847	-7.99	21.32	20.77	18	日振幅值达到15的前五只证券	-9.94	-0.88	-18.13	-	星期五
19	002103	广博股份	20200605	主力做T成功率37.09	7.70	-9.94	-5039	6615	11654	18269	107133	-4.70	17.05	36.43	28	日振幅值达到15的前五只证券	-10.00	-7.92	-15.06	-2.73	星期五
20	002103	广博股份	20200605	主力做T成功率37.09	7.70	-9.94	-5039	6615	11654	18269	107133	-4.70	17.05	36.43	28	日跌幅偏离值达到7的前五只证券	-10.00	-7.92	-15.06	-2.73	星期五
21	002103	广博股份	20200605	主力做T成功率37.09	7.70	-9.94	-5039	6615	11654	18269	107133	-4.70	17.05	36.43	28	日换手率达到20的前五只证券	-10.00	-7.92	-15.06	-2.73	星期五
22	002105	信隆健康	20200605	实力游资买入成功率48.04	6.17	9.98	-292	1875	2167	4042	19640	-1.48	20.58	8.74	23	日涨幅偏离值达到7的前五只证券	-9.72	-12.48	-16.05	-12.70	星期五
23	002105	信隆健康	20200605	实力游资买入成功率25.73	6.17	9.98	1967	4823	2856	7679	42225	4.66	18.19	8.74	23	连续三个交易日内，涨幅偏离值累计达到20的证券	-9.72	-12.48	-16.05	-12.70	星期五
24	002187	广百股份	20200605	买一主买成功率57.80	13.09	6.86	-1088	10100	11188	21288	137329	-0.79	15.50	24.91	45	连续三个交易日内，涨幅偏离值累计达到20的证券	10.01	2.06	2.67	-	星期五
25	002256	*ST兆新	20200605	主力做T成功率27.54	1.01	5.21	6308	10012	3705	13717	18118	34.81	75.71	6.79	14	连续三个交易日内，涨幅偏离值累计达到12的ST证券、*ST证券	1.98	-2.97	-6.93	12.87	星期五
26	002263	大东南	20200605	实力游资卖出成功率40.75	2.65	-5.02	-690	4743	5433	10176	70499	-0.98	14.43	13.19	50	日振幅值达到15的前五只证券	-0.38	-7.17	-10.94	-13.96	星期五
27	002356	*ST赫美	20200605	买一主买成功率64.44	1.40	5.26	545	1347	802	2149	3795	14.35	56.64	1.60	7	连续三个交易日内，涨幅偏离值累计达到12的ST证券、*ST证券	5.00	10.00	7.14	4.29	星期五
28	002397	梦洁股份	20200605	西藏自治区资金卖出成功率22.93	7.19	-10.01	2800	6095	3295	9391	60018	4.66	15.65	16.67	35	日跌幅偏离值达到7的前五只证券	-8.48	-7.65	-11.13	-14.33	星期五
29	002400	省广集团	20200605	实力游资卖出成功率38.14	10.01	-8.17	-10214	26846	37060	63906	473939	-2.16	13.48	27.34	168	日换手率达到20的前五只证券	3.40	13.79	9.49	7.28	星期五
30	002448	中原内配	20200605	实力游资买入成功率32.93	5.82	10.02	2075	7082	5007	12089	34192	6.07	35.36	12.63	27	日涨幅偏离值达到7的前五只证券	4.12	-6.01	-9.33	-10.55	星期五
31	002494	华斯股份	20200605	广东资金卖出成功率20.42	5.44	-9.33	-1989	1800	3789	5590	35419	-5.62	15.78	20.22	16	日振幅值达到15的前五只证券	-9.19	-9.74	-11.76	-10.48	星期五
32	002509	天茂退	20200605	卖一主卖成功率25.56	0.56	-9.68	-0	61	61	123	61	-0.02	199.98	0.00	12	退市整理期	-10.71	-19.64	-41.07	-64.29	星期五
33	002581	未名医药	20200605	1家机构卖出成功率25.92	28.24	-10.01	-5729	9365	15094	24459	184825	-3.10	13.23	15.93	113	日跌幅偏离值达到7的前五只证券	-9.99	-18.98	-13.67	-5.91	星期五
34	002604	龙力退	20200605	卖一主卖成功率20.00	1.15	-10.16	0	0	0	0	0	0.00	200.00	0.00	6	退市整理期	-9.57	-18.26	-40.00	-64.35	星期五
35	002654	万润科技	20200605	主力做T成功率38.52	4.68	-10.00	128	2236	2108	4344	33282	0.38	13.05	10.46	31	日跌幅偏离值达到7的前五只证券	2.99	3.85	-4.91	-4.06	星期五
36	002803	吉宏股份	20200605	买一主买成功率34.47	43.30	0.77	-5073	15392	20465	35857	143885	-3.53	24.92	7.00	71	连续三个交易日内，涨幅偏离值累计达到20的证券	-0.69	-0.14	12.65	3.08	星期五
37	002905	金逸影视	20200605	1家机构买入成功率43.36	11.50	4.45	-2317	3108	5425	8532	32428	-7.15	26.31	29.58	11	日换手率达到20的前五只证券	-4.35	-6.09	-7.04	-13.57	星期五
38	002928	华夏航空	20200605	3家机构买入成功率52.32	15.32	9.98	-48	14646	14694	29340	53446	-0.09	54.90	17.39	31	日涨幅偏离值达到7的前五只证券	3.00	1.11	2.28	-0.78	星期五
39	002943	宇晶股份	20200605	上海资金买入成功率35.67	24.01	9.99	1176	3094	1918	5012	15340	7.66	32.67	12.99	12	日涨幅偏离值达到7的前五只证券	1.33	1.37	-1.42	-4.41	星期五
40	002981	朝阳科技	20200605	买一主买成功率46.27	46.57	9.99	2184	5099	2915	8014	50243	4.35	15.95	46.85	11	日涨幅偏离值达到7的前五只证券	-1.25	1.98	15.29	6.42	星期五
41	002981	朝阳科技	20200605	买一主买成功率46.27	46.57	9.99	2184	5099	2915	8014	50243	4.35	15.95	46.85	11	日换手率达到20的前五只证券	-1.25	1.98	15.29	6.42	星期五
42	002986	宇新股份	20200605	主力做T成功率22.90	59.60	-4.61	649	2924	2275	5199	43788	1.48	11.87	25.56	17	日换手率达到20的前五只证券	-6.91	-7.79	-6.54	-11.24	星期五
43	200160	东沣B退	20200605	卖一主卖成功率40.00	0.56	-9.68	0	0	0	0	0	0.00	198.12	0.00	2	退市整理期	-10.71	-19.64	-41.07	-53.57	星期五
44	200468	宁通信B	20200605	买一主买成功率63.03	2.21	9.95	12	31	19	50	31	38.21	161.79	0.15	2	日涨幅偏离值达到7的前五只证券	1.81	4.07	15.38	12.67	星期五
45	300002	神州泰岳	20200605	实力游资买入成功率58.29	6.93	10.00	4882	13827	8945	22772	84654	5.77	26.90	7.68	113	日涨幅偏离值达到7的前五只证券	5.05	5.34	-3.17	-3.46	星期五
46	300097	智云股份	20200605	1家机构买入成功率43.80	14.76	9.99	2061	7107	5047	12154	63357	3.25	19.18	21.82	30	日涨幅偏离值达到7的前五只证券	-4.81	-5.35	-10.70	11.52	星期五
47	300104	乐视退	20200605	卖一主卖成功率11.27	1.52	-10.06	6	107	100	207	109	5.92	190.42	0.02	60	退市整理期	-9.87	-19.08	-40.79	-65.13	星期五
48	300106	西部牧业	20200605	广东资金卖出成功率24.23	7.15	-7.14	19	1215	1196	2412	14323	0.13	16.84	9.24	15	日跌幅偏离值达到7的前五只证券	-1.26	-1.54	-5.31	-1.12	星期五
49	300113	顺网科技	20200605	3家机构买入成功率54.49	21.88	10.01	11167	16749	5582	22331	59972	18.62	37.24	5.95	105	日涨幅偏离值达到7的前五只证券	5.48	3.75	16.55	16.92	星期五
50	300220	金运激光	20200605	1家机构卖出成功率43.05	53.00	-8.65	648	8886	8238	17125	35512	1.83	48.22	5.10	66	日振幅值达到15的前五只证券	2.49	2.26	-1.89	-5.38	星期五
51	300220	金运激光	20200605	1家机构卖出成功率43.05	53.00	-8.65	648	8886	8238	17125	35512	1.83	48.22	5.10	66	日跌幅偏离值达到7的前五只证券	2.49	2.26	-1.89	-5.38	星期五
52	300242	佳云科技	20200605	实力游资买入成功率50.34	8.61	9.96	4850	15987	11137	27124	179292	2.71	15.13	35.80	51	日涨幅偏离值达到7的前五只证券	-1.86	5.11	-14.52	-22.07	星期五
53	300242	佳云科技	20200605	浙江资金买入成功率50.21	8.61	9.96	5567	21746	16179	37924	203550	2.74	18.63	35.80	51	连续三个交易日内，涨幅偏离值累计达到20的证券	-1.86	5.11	-14.52	-22.07	星期五
54	300242	佳云科技	20200605	实力游资买入成功率50.34	8.61	9.96	4850	15987	11137	27124	179292	2.71	15.13	35.80	51	日换手率达到20的前五只证券	-1.86	5.11	-14.52	-22.07	星期五
55	300390	天华超净	20200605	实力游资买入成功率48.13	12.41	10.02	3630	8839	5209	14048	62763	5.78	22.38	15.30	42	日涨幅偏离值达到7的前五只证券	3.14	3.71	0.00	11.93	星期五
56	300431	暴风集团	20200605	实力游资卖出成功率36.42	2.31	-10.12	-243	639	882	1521	5560	-4.38	27.36	9.19	6	日振幅值达到15的前五只证券	-9.96	-0.87	-12.99	-21.64	星期五
57	300431	暴风集团	20200605	实力游资卖出成功率36.42	2.31	-10.12	-243	639	882	1521	5560	-4.38	27.36	9.19	6	日跌幅偏离值达到7的前五只证券	-9.96	-0.87	-12.99	-21.64	星期五
58	300432	富临精工	20200605	实力游资卖出成功率20.75	9.48	-5.95	-4207	3722	7929	11651	107920	-3.90	10.80	14.85	68	日振幅值达到15的前五只证券	0.74	-4.22	-9.49	-10.34	星期五
59	300537	广信材料	20200605	实力游资买入成功率47.78	20.85	9.45	2419	11831	9412	21243	159842	1.51	13.29	34.97	25	连续三个交易日内，涨幅偏离值累计达到20的证券	-7.58	-6.95	-9.69	-13.14	星期五
60	300537	广信材料	20200605	实力游资买入成功率48.78	20.85	9.45	2865	8946	6081	15027	84743	3.38	17.73	34.97	25	日换手率达到20的前五只证券	-7.58	-6.95	-9.69	-13.14	星期五
61	300654	世纪天鸿	20200605	2家机构卖出成功率15.07	12.13	-9.41	-805	1321	2126	3447	16713	-4.82	20.63	20.65	8	日跌幅偏离值达到7的前五只证券	1.65	0.33	-3.96	1.73	星期五
62	300654	世纪天鸿	20200605	实力游资卖出成功率11.62	12.13	-9.41	-1933	1760	3693	5452	30098	-6.42	18.11	20.65	8	连续三个交易日内，跌幅偏离值累计达到20的证券	1.65	0.33	-3.96	1.73	星期五
63	300680	隆盛科技	20200605	1家机构买入成功率35.90	20.77	6.84	1537	7045	5508	12552	65225	2.36	19.24	41.44	16	日换手率达到20的前五只证券	-8.76	-11.07	-14.06	-14.88	星期五
64	300816	艾可蓝	20200605	2家机构买入成功率46.94	86.52	10.01	3292	14193	10901	25094	137829	2.39	18.21	27.06	17	连续三个交易日内，涨幅偏离值累计达到20的证券	-0.20	1.59	6.68	-3.04	星期五
65	300831	派瑞股份	20200605	卖一主卖成功率28.33	24.97	-2.42	-2075	4830	6906	11736	56542	-3.67	20.76	27.83	20	日换手率达到20的前五只证券	-4.25	-2.36	5.33	-9.09	星期五
66	300835	龙磁科技	20200605	1家机构买入成功率73.07	67.91	9.99	1267	1313	46	1358	1430	88.58	94.94	0.52	12	连续三个交易日内，涨幅偏离值累计达到20的证券	10.00	21.00	4.12	-5.65	星期五
67	300836	佰奥智能	20200605	实力游资买入成功率62.75	69.57	6.46	4614	5985	1371	7356	55377	8.33	13.28	63.60	9	连续三个交易日内，涨幅偏离值累计达到20的证券	-4.07	-1.85	5.86	-2.73	星期五
68	300836	佰奥智能	20200605	实力游资买入成功率62.75	69.57	6.46	4294	5659	1365	7024	54698	7.85	12.84	63.60	9	日换手率达到20的前五只证券	-4.07	-1.85	5.86	-2.73	星期五
69	300836	佰奥智能	20200605	实力游资买入成功率62.75	69.57	6.46	4294	5659	1365	7024	54698	7.85	12.84	63.60	9	连续三个交易日内，日均换手率与前五个交易日的日均换手率的比值达到30倍，且换手率累计达20的证券	-4.07	-1.85	5.86	-2.73	星期五
70	300837	浙矿股份	20200605	买一主买成功率80.00	25.30	44.00	134	145	12	157	145	91.83	108.17	0.23	6	无价格涨跌幅限制的证券	10.00	20.99	61.03	75.73	星期五
71	600146	商赢环球	20200605	实力游资买入成功率21.88	4.69	10.09	-1124	1538	2662	4200	38239	-2.94	10.98	17.88	22	有价格涨跌幅限制的日收盘价格涨幅偏离值达到7的前三只证券	2.35	0.00	-9.17	-20.04	星期五
72	600146	商赢环球	20200605	实力游资买入成功率35.76	4.69	10.09	-2571	4135	6706	10841	90420	-2.84	11.99	17.88	22	非ST、*ST和S证券连续三个交易日内收盘价格涨幅偏离值累计达到20的证券	2.35	0.00	-9.17	-20.04	星期五
73	600415	小商品城	20200605	实力游资买入成功率54.30	5.57	10.08	3445	5273	1829	7102	10511	32.77	67.57	0.35	303	有价格涨跌幅限制的日收盘价格涨幅偏离值达到7的前三只证券	2.15	-6.46	-1.97	0.18	星期五
74	600478	科力远	20200605	实力游资买入成功率25.13	4.36	10.10	1163	3133	1970	5102	21372	5.44	23.87	3.07	70	有价格涨跌幅限制的日收盘价格涨幅偏离值达到7的前三只证券	-2.52	1.38	-4.13	5.73	星期五
75	600828	茂业商业	20200605	上海资金卖出成功率29.83	5.03	-7.71	-2063	2918	4981	7899	52037	-3.96	15.18	14.65	33	有价格涨跌幅限制的日价格振幅达到15的前三只证券	-9.94	-12.92	-8.75	-8.95	星期五
76	601558	退市锐电	20200605	实力游资卖出成功率67.96	0.20	-4.76	-90	178	268	446	869	-10.38	51.30	0.71	12	退市整理的证券	10.00	15.00	15.00	15.00	星期五
77	601827	N三峰	20200605	买一主买成功率91.67	9.85	44.01	1220	1260	40	1300	1260	96.81	103.19	0.34	37	无价格涨跌幅限制的证券	10.05	21.02	10.05	2.13	星期五
78	601827	N三峰	20200605	买一主买成功率91.67	9.85	44.01	1220	1260	40	1300	1260	96.81	103.19	0.34	37	当日无价格涨跌幅限制的A股，出现异常波动停牌的	10.05	21.02	10.05	2.13	星期五
79	603353	和顺石油	20200605	5家机构买入成功率51.46	37.41	10.00	16784	21991	5207	27199	83844	20.02	32.44	25.53	12	非ST、*ST和S证券连续三个交易日内收盘价格涨幅偏离值累计达到20的证券	10.00	21.01	21.09	36.35	星期五
80	603682	锦和商业	20200605	实力游资卖出成功率46.25	12.95	-4.07	-1663	4207	5870	10077	78904	-2.11	12.77	60.41	12	有价格涨跌幅限制的日换手率达到20的前三只证券	-8.42	-8.88	-10.04	-6.02	星期五
81	603697	有友食品	20200605	2家机构卖出成功率48.75	18.15	-10.01	-5158	2497	7656	10153	37217	-13.86	27.28	22.43	16	有价格涨跌幅限制的日收盘价格跌幅偏离值达到7的前三只证券	-0.28	-2.48	-0.33	5.01	星期五
82	603703	盛洋科技	20200605	卖一主卖成功率23.23	16.98	-10.02	-1241	181	1422	1604	2255	-55.05	71.12	0.58	39	有价格涨跌幅限制的日收盘价格跌幅偏离值达到7的前三只证券	-10.01	-19.02	-23.03	-25.97	星期五
83	603879	永悦科技	20200605	福建资金卖出成功率20.00	16.97	-10.02	-3457	11742	15198	26940	61792	-5.59	43.60	32.41	19	有价格涨跌幅限制的日收盘价格跌幅偏离值达到7的前三只证券	-8.60	-17.74	-23.69	-26.58	星期五
84	603879	永悦科技	20200605	福建资金卖出成功率22.43	16.97	-10.02	-11985	16829	28815	45644	123730	-9.69	36.89	32.41	19	非ST、*ST和S证券连续三个交易日内收盘价格跌幅偏离值累计达到20的证券	-8.60	-17.74	-23.69	-26.58	星期五
85	603879	永悦科技	20200605	福建资金卖出成功率20.00	16.97	-10.02	-3457	11742	15198	26940	61792	-5.59	43.60	32.41	19	有价格涨跌幅限制的日换手率达到20的前三只证券	-8.60	-17.74	-23.69	-26.58	星期五
86	603906	龙蟠科技	20200605	买一主买成功率45.93	11.92	9.96	4954	6696	1741	8437	26526	18.68	31.81	1.03	36	非ST、*ST和S证券连续三个交易日内收盘价格涨幅偏离值累计达到20的证券	9.98	19.13	29.03	32.13	星期五
87	603950	长源东谷	20200605	四川资金买入成功率38.01	29.60	6.51	3314	8706	5392	14098	89176	3.72	15.81	51.37	17	有价格涨跌幅限制的日换手率达到20的前三只证券	-9.83	-9.29	-14.66	-16.72	星期五
88	688081	兴图新科	20200605	实力游资买入成功率23.97	50.56	14.23	42	2167	2125	4293	26117	0.16	16.44	31.62	8	有价格涨跌幅限制的日换手率达到30的前五只证券	-9.61	-12.46	-15.78	-13.23	星期五
89	688288	鸿泉物联	20200605	2家机构买入成功率37.92	49.99	11.14	-2811	3407	6218	9624	52641	-5.34	18.28	50.60	11	有价格涨跌幅限制的日换手率达到30的前五只证券	-11.96	-14.22	-17.34	-18.50	星期五
90	688288	鸿泉物联	20200605	2家机构买入成功率42.55	49.99	11.14	-3107	4840	7947	12787	88350	-3.52	14.47	50.60	11	有价格涨跌幅限制的连续3个交易日内收盘价格涨幅偏离值累计达到30的证券	-11.96	-14.22	-17.34	-18.50	星期五
91	000408	*ST藏格	20200604	广东资金买入成功率32.27	6.62	5.08	730	3102	2371	5473	12573	5.81	43.53	0.60	31	连续三个交易日内，涨幅偏离值累计达到12的ST证券、*ST证券和未完成股改证券	-4.98	-9.67	-11.78	-18.13	星期四
92	000536	*ST华映	20200604	福建资金买入成功率7.62	1.64	5.13	1505	3370	1865	5234	15549	9.68	33.66	0.90	45	连续三个交易日内，涨幅偏离值累计达到12的ST证券、*ST证券和未完成股改证券	4.88	-0.61	-2.44	-1.22	星期四
93	000551	创元科技	20200604	实力游资卖出成功率40.95	11.05	-7.14	1429	5702	4273	9975	75330	1.90	13.24	16.55	44	日跌幅偏离值达到7的前五只证券	-2.35	-0.45	-1.99	-10.50	星期四
94	000564	供销大集	20200604	实力游资买入成功率48.38	5.76	9.92	400	20510	20110	40621	224720	0.18	18.08	19.83	116	日涨幅偏离值达到7的前五只证券	-9.03	-15.10	-16.15	-17.01	星期四
95	000567	海德股份	20200604	浙江资金卖出成功率37.53	13.98	-8.15	-1343	5096	6438	11534	102125	-1.31	11.29	32.65	30	日跌幅偏离值达到7的前五只证券	-8.94	0.14	10.09	1.22	星期四
96	000567	海德股份	20200604	浙江资金卖出成功率37.53	13.98	-8.15	-1343	5096	6438	11534	102125	-1.31	11.29	32.65	30	日换手率达到20的前五只证券	-8.94	0.14	10.09	1.22	星期四
97	000581	威孚高科	20200604	实力游资买入成功率45.04	22.41	10.01	11381	17837	6456	24293	50369	22.60	48.23	2.77	187	日涨幅偏离值达到7的前五只证券	6.51	0.62	-3.61	-1.38	星期四
98	000587	*ST金洲	20200604	实力游资买入成功率21.90	1.00	5.26	2068	3849	1781	5630	15156	13.64	37.15	10.11	12	连续三个交易日内，涨幅偏离值累计达到12的ST证券、*ST证券和未完成股改证券	-5.00	-10.00	-14.00	-10.00	星期四
99	000613	大东海A	20200604	主力做T成功率13.48	8.42	-9.27	-245	3262	3507	6768	51434	-0.48	13.16	22.69	22	日跌幅偏离值达到7的前五只证券	-6.29	1.66	1.54	-7.96	星期四
100	000613	大东海A	20200604	主力做T成功率13.48	8.42	-9.27	-245	3262	3507	6768	51434	-0.48	13.16	22.69	22	日换手率达到20的前五只证券	-6.29	1.66	1.54	-7.96	星期四
101	000616	海航投资	20200604	实力游资卖出成功率18.24	2.99	-8.28	-2286	2713	4999	7711	42945	-5.32	17.96	9.93	43	日跌幅偏离值达到7的前五只证券	-3.68	0.33	-3.01	-7.69	星期四
102	000659	珠海中富	20200604	买一主买成功率39.67	2.64	10.00	-1248	3490	4738	8227	34497	-3.62	23.85	5.38	34	连续三个交易日内，涨幅偏离值累计达到20的证券	-9.85	-15.91	-18.18	-14.02	星期四
103	000721	西安饮食	20200604	实力游资买入成功率47.74	5.27	10.02	250	4247	3997	8244	43521	0.58	18.94	19.13	23	日涨幅偏离值达到7的前五只证券	10.06	5.50	1.33	-8.92	星期四
104	000721	西安饮食	20200604	实力游资买入成功率46.08	5.27	10.02	2823	8074	5250	13324	86627	3.26	15.38	19.13	23	连续三个交易日内，涨幅偏离值累计达到20的证券	10.06	5.50	1.33	-8.92	星期四
105	000729	燕京啤酒	20200604	主力做T成功率35.27	7.15	10.00	-1755	5400	7155	12555	51962	-3.38	24.16	3.00	179	日涨幅偏离值达到7的前五只证券	-4.62	-8.11	-11.33	-11.47	星期四
106	000793	华闻集团	20200604	买一主买成功率22.79	3.44	9.90	9857	15472	5615	21087	57425	17.16	36.72	8.95	67	日涨幅偏离值达到7的前五只证券	2.62	1.45	19.48	26.16	星期四
107	000806	*ST银河	20200604	广西壮族自治区资金买入成功率66.67	1.61	5.23	492	1578	1087	2665	7766	6.33	34.31	0.76	11	连续三个交易日内，涨幅偏离值累计达到12的ST证券、*ST证券和未完成股改证券	-2.48	2.48	9.32	13.04	星期四
108	002046	轴研科技	20200604	1家机构卖出成功率41.95	12.30	-7.24	-5745	5330	11075	16406	103051	-5.57	15.92	20.36	50	日跌幅偏离值达到7的前五只证券	-10.00	-13.74	-13.09	-16.83	星期四
109	002071	长城影视	20200604	买一主买成功率36.45	3.33	9.90	1275	3564	2290	5854	27534	4.63	21.26	16.57	17	日振幅值达到15的前五只证券	2.70	-7.51	-10.21	-24.92	星期四
110	002071	长城影视	20200604	实力游资买入成功率38.61	3.33	9.90	2049	6311	4262	10574	67793	3.02	15.60	16.57	17	连续三个交易日内，涨幅偏离值累计达到20的证券	2.70	-7.51	-10.21	-24.92	星期四
111	002103	广博股份	20200604	主力做T成功率48.72	8.55	10.04	2628	8447	5818	14265	94993	2.77	15.02	32.51	31	日振幅值达到15的前五只证券	-9.94	-18.95	-24.56	-8.54	星期四
112	002103	广博股份	20200604	主力做T成功率48.72	8.55	10.04	2628	8447	5818	14265	94993	2.77	15.02	32.51	31	日涨幅偏离值达到7的前五只证券	-9.94	-18.95	-24.56	-8.54	星期四
113	002103	广博股份	20200604	主力做T成功率48.72	8.55	10.04	2628	8447	5818	14265	94993	2.77	15.02	32.51	31	日换手率达到20的前五只证券	-9.94	-18.95	-24.56	-8.54	星期四
114	002163	中航三鑫	20200604	买一主买成功率19.12	10.11	10.01	4423	10823	6400	17222	88592	4.99	19.44	11.08	81	日涨幅偏离值达到7的前五只证券	-4.85	-3.56	-9.40	0.49	星期四
115	002176	*ST江特	20200604	实力游资买入成功率93.33	1.61	5.23	239	993	754	1746	9120	2.62	19.15	0.25	27	连续三个交易日内，涨幅偏离值累计达到12的ST证券、*ST证券	4.97	0.00	-4.35	1.24	星期四
116	002344	海宁皮城	20200604	实力游资买入成功率29.66	5.43	9.92	-457	6075	6531	12606	81821	-0.56	15.41	12.01	69	日涨幅偏离值达到7的前五只证券	-9.02	-16.94	-18.97	-21.75	星期四
117	002400	省广集团	20200604	主力做T成功率40.39	10.90	3.71	-30370	46628	76998	123626	698234	-4.35	17.71	39.06	183	日振幅值达到15的前五只证券	-8.17	-5.05	-3.03	-1.48	星期四
118	002400	省广集团	20200604	主力做T成功率40.39	10.90	3.71	-30370	46628	76998	123626	698234	-4.35	17.71	39.06	183	日换手率达到20的前五只证券	-8.17	-5.05	-3.03	-1.48	星期四
119	002494	华斯股份	20200604	广东资金买入成功率35.88	6.00	10.09	1581	2849	1269	4118	17631	8.96	23.36	1.60	18	连续三个交易日内，涨幅偏离值累计达到20的证券	-9.33	-17.67	-20.00	-19.50	星期四
120	002509	天茂退	20200604	卖一主卖成功率15.56	0.62	-10.14	-0	1	1	2	1	-0.74	199.26	0.00	13	退市整理期	-9.68	-19.35	-40.32	-64.52	星期四
121	002575	ST群兴	20200604	主力做T成功率40.27	3.34	-4.84	1588	4480	2892	7373	13864	11.45	53.18	2.92	20	连续三个交易日内，跌幅偏离值累计达到12的ST证券、*ST证券	0.60	0.60	-4.19	-5.99	星期四
122	002604	龙力退	20200604	卖一主卖成功率20.00	1.28	-9.86	0	0	0	0	0	0.00	200.00	0.00	7	退市整理期	-10.16	-18.75	-39.84	-64.84	星期四
123	002642	*ST荣联	20200604	实力游资买入成功率59.62	6.38	4.93	1441	5209	3768	8978	31829	4.53	28.21	2.53	35	连续三个交易日内，涨幅偏离值累计达到12的ST证券、*ST证券	2.04	-5.64	-1.88	4.23	星期四
124	002803	吉宏股份	20200604	实力游资买入成功率39.28	42.97	10.01	2118	9968	7850	17819	56355	3.76	31.62	8.26	70	日涨幅偏离值达到7的前五只证券	0.77	0.07	8.75	4.27	星期四
125	002970	锐明技术	20200604	1家机构买入成功率52.99	59.27	10.00	1933	5659	3726	9385	52263	3.70	17.96	20.88	26	日涨幅偏离值达到7的前五只证券	3.73	-0.03	1.81	6.14	星期四
126	002981	朝阳科技	20200604	西藏自治区资金卖出成功率46.24	42.34	-2.96	920	2753	1834	4587	32847	2.80	13.96	31.83	10	日换手率达到20的前五只证券	9.99	8.62	19.58	16.67	星期四
127	002983	芯瑞达	20200604	实力游资卖出成功率31.54	44.73	-5.33	-1486	3173	4659	7832	50688	-2.93	15.45	31.50	16	日换手率达到20的前五只证券	-2.77	4.47	6.73	0.83	星期四
128	002986	宇新股份	20200604	1家机构卖出成功率26.66	62.48	-1.37	1667	4403	2737	7140	83897	1.99	8.51	47.22	18	日振幅值达到15的前五只证券	-4.61	-11.20	-11.91	-15.03	星期四
129	002986	宇新股份	20200604	1家机构卖出成功率26.66	62.48	-1.37	1667	4403	2737	7140	83897	1.99	8.51	47.22	18	日换手率达到20的前五只证券	-4.61	-11.20	-11.91	-15.03	星期四
130	200468	宁通信B	20200604	买一主买成功率60.81	2.01	9.84	20	45	25	70	45	43.73	156.27	0.24	2	日涨幅偏离值达到7的前五只证券	9.95	11.94	26.87	20.90	星期四
131	300233	金城医药	20200604	1家机构买入成功率61.75	26.62	10.00	-61	11248	11310	22558	54021	-0.11	41.76	5.57	98	日涨幅偏离值达到7的前五只证券	3.31	8.79	18.26	14.95	星期四
132	300426	唐德影视	20200604	实力游资买入成功率26.33	6.69	10.03	663	1099	436	1534	1181	56.17	129.96	0.43	17	连续三个交易日内，涨幅偏离值累计达到20的证券	10.01	3.14	-8.67	-8.82	星期四
133	300432	富临精工	20200604	实力游资买入成功率42.31	10.08	10.04	1513	6793	5280	12073	83008	1.82	14.54	12.38	72	日涨幅偏离值达到7的前五只证券	-5.95	-5.26	-13.69	-14.98	星期四
134	300438	鹏辉能源	20200604	2家机构买入成功率53.18	16.18	9.99	3611	5841	2231	8072	23131	15.61	34.90	4.66	51	日涨幅偏离值达到7的前五只证券	-3.28	-6.06	-7.35	-6.61	星期四
135	300521	爱司凯	20200604	卖一主卖成功率45.33	23.09	-10.02	131	6353	6222	12574	22992	0.57	54.69	6.55	33	日跌幅偏离值达到7的前五只证券	3.07	-7.23	-3.98	-15.11	星期四
136	300537	广信材料	20200604	实力游资买入成功率59.38	19.05	1.98	-1212	3089	4300	7389	61767	-1.96	11.96	27.02	22	日换手率达到20的前五只证券	9.45	1.15	-4.46	-4.15	星期四
137	300595	欧普康视	20200604	3家机构买入成功率52.03	60.56	10.01	10117	22151	12034	34185	55279	18.30	61.84	2.18	261	日涨幅偏离值达到7的前五只证券	3.19	-3.25	0.02	-0.59	星期四
138	300654	世纪天鸿	20200604	实力游资卖出成功率7.16	13.39	-10.01	-1592	1045	2637	3682	13386	-11.89	27.51	15.09	9	日跌幅偏离值达到7的前五只证券	-9.41	-7.92	-13.07	-7.35	星期四
139	300680	隆盛科技	20200604	实力游资卖出成功率46.58	19.44	-0.77	-1124	4064	5189	9253	60439	-1.86	15.31	40.13	15	日换手率达到20的前五只证券	6.84	-2.52	-9.05	-12.24	星期四
140	300706	阿石创	20200604	实力游资买入成功率36.88	36.75	5.76	555	2949	2393	5342	59253	0.94	9.01	26.52	23	日换手率达到20的前五只证券	-2.58	-4.68	-7.84	-10.46	星期四
141	300816	艾可蓝	20200604	3家机构买入成功率48.06	78.65	10.00	3790	9184	5395	14579	49352	7.68	29.54	33.72	16	日振幅值达到15的前五只证券	10.01	9.79	9.36	9.74	星期四
142	300816	艾可蓝	20200604	3家机构买入成功率48.06	78.65	10.00	3790	9184	5395	14579	49352	7.68	29.54	33.72	16	日涨幅偏离值达到7的前五只证券	10.01	9.79	9.36	9.74	星期四
143	300816	艾可蓝	20200604	3家机构买入成功率48.06	78.65	10.00	3790	9184	5395	14579	49352	7.68	29.54	33.72	16	日换手率达到20的前五只证券	10.01	9.79	9.36	9.74	星期四
144	300831	派瑞股份	20200604	主力做T成功率31.15	25.59	-6.95	2900	8444	5544	13988	76915	3.77	18.19	36.64	20	日跌幅偏离值达到7的前五只证券	-2.42	-6.57	-3.09	-8.17	星期四
145	300831	派瑞股份	20200604	主力做T成功率31.15	25.59	-6.95	2900	8444	5544	13988	76915	3.77	18.19	36.64	20	日换手率达到20的前五只证券	-2.42	-6.57	-3.09	-8.17	星期四
146	600037	歌华有线	20200604	2家机构买入成功率45.00	12.85	3.13	-3724	13782	17506	31288	185678	-2.01	16.85	10.02	179	非ST、*ST和S证券连续三个交易日内收盘价格涨幅偏离值累计达到20的证券	10.04	0.47	-3.42	21.95	星期四
147	600086	东方金钰	20200604	浙江资金买入成功率48.70	1.53	10.07	178	2343	2165	4507	21007	0.85	21.46	8.63	16	非ST、*ST和S证券连续三个交易日内收盘价格涨幅偏离值累计达到20的证券	9.80	-1.31	-3.27	-7.84	星期四
148	600113	浙江东日	20200604	买一主买成功率30.13	8.49	9.97	-779	7627	8406	16034	136839	-0.57	11.72	18.53	35	非ST、*ST和S证券连续三个交易日内收盘价格涨幅偏离值累计达到20的证券	-10.01	-18.96	-19.55	-22.97	星期四
149	600162	香江控股	20200604	1家机构买入成功率37.87	2.32	9.95	838	4433	3595	8028	39943	2.10	20.10	3.49	79	非ST、*ST和S证券连续三个交易日内收盘价格涨幅偏离值累计达到20的证券	-9.05	-12.93	-14.66	-15.09	星期四
150	600185	格力地产	20200604	上海资金买入成功率53.57	11.47	0.97	103329	185760	82432	268192	652459	15.84	41.10	15.68	236	非ST、*ST和S证券连续三个交易日内收盘价格涨幅偏离值累计达到20的证券	-1.31	1.92	4.01	4.01	星期四
151	600321	正源股份	20200604	买一主买成功率41.38	2.24	9.80	361	2493	2132	4625	10552	3.42	43.83	2.10	34	非ST、*ST和S证券连续三个交易日内收盘价格涨幅偏离值累计达到20的证券	-4.46	-8.04	-8.48	-9.82	星期四
152	600415	小商品城	20200604	实力游资买入成功率70.79	5.06	10.00	798	3057	2259	5315	12675	6.30	41.94	0.21	275	非ST、*ST和S证券连续三个交易日内收盘价格涨幅偏离值累计达到20的证券	10.08	12.45	2.17	0.20	星期四
153	600565	迪马股份	20200604	实力游资买入成功率45.60	3.48	10.13	-2896	3329	6225	9555	16677	-17.37	57.29	2.00	84	有价格涨跌幅限制的日收盘价格涨幅偏离值达到7的前三只证券	-9.48	-15.52	-17.24	-18.68	星期四
154	600565	迪马股份	20200604	实力游资买入成功率39.69	3.48	10.13	-3887	5091	8978	14069	49324	-7.88	28.52	2.00	84	非ST、*ST和S证券连续三个交易日内收盘价格涨幅偏离值累计达到20的证券	-9.48	-15.52	-17.24	-18.68	星期四
155	600679	上海凤凰	20200604	实力游资买入成功率39.95	13.83	10.02	1463	4131	2668	6799	30223	4.84	22.50	5.85	32	非ST、*ST和S证券连续三个交易日内收盘价格涨幅偏离值累计达到20的证券	9.98	-1.01	-10.63	-10.27	星期四
156	600712	南宁百货	20200604	西藏自治区资金买入成功率26.18	6.19	4.03	1841	5268	3427	8695	72109	2.55	12.06	21.68	33	有价格涨跌幅限制的日价格振幅达到15的前三只证券	-9.85	-14.54	-16.32	-5.65	星期四
157	600828	茂业商业	20200604	实力游资买入成功率17.46	5.45	10.10	1673	3842	2169	6011	14121	11.85	42.57	3.96	36	有价格涨跌幅限制的日收盘价格涨幅偏离值达到7的前三只证券	-7.71	-16.88	-15.60	-23.67	星期四
158	600960	渤海汽车	20200604	实力游资买入成功率50.08	3.48	10.13	549	2131	1583	3714	10194	5.38	36.43	4.26	25	有价格涨跌幅限制的日收盘价格涨幅偏离值达到7的前三只证券	10.06	11.78	-3.74	-6.03	星期四
159	601127	小康股份	20200604	实力游资买入成功率39.88	10.41	10.04	-4135	2505	6640	9146	36611	-11.29	24.98	2.47	97	非ST、*ST和S证券连续三个交易日内收盘价格涨幅偏离值累计达到20的证券	9.99	-0.96	-11.72	-18.35	星期四
160	601558	退市锐电	20200604	实力游资卖出成功率73.57	0.21	-4.55	-176	274	450	724	2178	-8.08	33.24	1.69	13	有价格涨跌幅限制的日价格振幅达到15的前三只证券	-4.76	4.76	4.76	4.76	星期四
161	601558	退市锐电	20200604	实力游资卖出成功率73.57	0.21	-4.55	-176	274	450	724	2178	-8.08	33.24	1.69	13	退市整理的证券	-4.76	4.76	4.76	4.76	星期四
162	601609	金田铜业	20200604	西藏自治区资金卖出成功率30.73	11.72	-6.16	1421	6186	4765	10951	106884	1.33	10.25	36.36	28	有价格涨跌幅限制的日换手率达到20的前三只证券	-2.65	0.00	-1.54	-7.94	星期四
163	603101	汇嘉时代	20200604	浙江资金买入成功率15.72	9.50	9.95	-8324	6162	14486	20648	53309	-15.61	38.73	11.97	32	非ST、*ST和S证券连续三个交易日内收盘价格涨幅偏离值累计达到20的证券	-10.00	-18.95	-20.36	-15.93	星期四
164	603392	万泰生物	20200604	买一主买成功率59.68	112.89	10.00	5773	6083	310	6392	6083	94.90	105.10	0.68	49	非ST、*ST和S证券连续三个交易日内收盘价格涨幅偏离值累计达到20的证券	10.00	21.00	23.75	40.23	星期四
165	603439	贵州三力	20200604	实力游资买入成功率21.86	28.80	0.45	721	2957	2235	5192	39170	1.84	13.26	34.01	12	有价格涨跌幅限制的日换手率达到20的前三只证券	-4.38	-3.37	16.18	33.09	星期四
166	603682	锦和商业	20200604	实力游资买入成功率34.80	13.50	10.02	883	5597	4714	10311	67203	1.31	15.34	29.14	13	非ST、*ST和S证券连续三个交易日内收盘价格涨幅偏离值累计达到20的证券	-4.07	-12.15	-13.41	-18.07	星期四
167	603703	盛洋科技	20200604	浙江资金卖出成功率12.31	18.87	-10.01	-1597	229	1826	2055	3043	-52.49	67.54	0.70	43	有价格涨跌幅限制的日收盘价格跌幅偏离值达到7的前三只证券	-10.02	-19.02	-27.98	-32.91	星期四
168	603703	盛洋科技	20200604	浙江资金卖出成功率37.34	18.87	-10.01	-16339	12679	29018	41697	203298	-8.04	20.51	0.70	43	非ST、*ST和S证券连续三个交易日内收盘价格跌幅偏离值累计达到20的证券	-10.02	-19.02	-27.98	-32.91	星期四
169	603879	永悦科技	20200604	福建资金卖出成功率30.13	18.86	-10.02	-9763	10144	19907	30051	61938	-15.76	48.52	29.24	21	有价格涨跌幅限制的日收盘价格跌幅偏离值达到7的前三只证券	-10.02	-17.76	-29.06	-34.15	星期四
170	603922	金鸿顺	20200604	实力游资卖出成功率12.51	16.65	-10.00	-3545	699	4245	4944	9790	-36.21	50.50	17.56	5	有价格涨跌幅限制的日收盘价格跌幅偏离值达到7的前三只证券	-7.69	-8.71	-8.11	-6.43	星期四
171	603950	长源东谷	20200604	实力游资买入成功率9.05	27.79	5.95	1789	4805	3016	7821	59923	2.98	13.05	37.64	16	有价格涨跌幅限制的日换手率达到20的前三只证券	6.51	-3.96	-7.70	-11.26	星期四
172	603958	哈森股份	20200604	实力游资卖出成功率8.03	7.37	-5.63	-3439	1448	4887	6336	16282	-21.12	38.91	9.16	16	有价格涨跌幅限制的日价格振幅达到15的前三只证券	-5.97	-4.48	-5.97	-5.83	星期四
173	605168	三人行	20200604	买一主买成功率46.77	140.58	10.00	2050	2165	115	2280	2166	94.65	105.23	0.39	24	非ST、*ST和S证券连续三个交易日内收盘价格涨幅偏离值累计达到20的证券	10.00	21.00	61.05	85.08	星期四
174	688021	奥福环保	20200604	3家机构买入成功率40.98	86.14	8.49	-2593	11310	13903	25212	92369	-2.81	27.30	25.99	16	有价格涨跌幅限制的连续3个交易日内收盘价格涨幅偏离值累计达到30的证券	-3.26	-11.39	-10.85	-12.88	星期四
175	688126	沪硅产业	20200604	1家机构卖出成功率58.38	30.37	-13.77	8794	39714	30920	70633	492371	1.79	14.35	34.03	137	有价格涨跌幅限制的日换手率达到30的前五只证券	0.72	-6.52	10.73	-1.65	星期四
176	688138	清溢光电	20200604	实力游资买入成功率41.94	28.10	9.89	1523	4829	3306	8135	58780	2.59	13.84	33.90	18	有价格涨跌幅限制的日换手率达到30的前五只证券	-3.27	-1.07	-7.85	-9.74	星期四
177	688288	鸿泉物联	20200604	上海资金买入成功率44.55	44.98	20.01	1152	4356	3204	7560	35710	3.23	21.17	40.18	10	有价格涨跌幅限制的日收盘价格涨幅达到15的前五只证券	11.14	-2.16	-8.40	-9.49	星期四
178	688288	鸿泉物联	20200604	上海资金买入成功率44.55	44.98	20.01	1152	4356	3204	7560	35710	3.23	21.17	40.18	10	有价格涨跌幅限制的日换手率达到30的前五只证券	11.14	-2.16	-8.40	-9.49	星期四
179	688365	光云科技	20200604	实力游资卖出成功率51.98	67.98	-7.72	-226	5572	5797	11369	95735	-0.24	11.88	40.19	22	有价格涨跌幅限制的日换手率达到30的前五只证券	-1.44	5.55	2.41	-12.72	星期四
180	688588	凌志软件	20200604	实力游资买入成功率40.01	48.85	1.77	222	3097	2875	5972	57885	0.38	10.32	32.83	18	有价格涨跌幅限制的日换手率达到30的前五只证券	-1.66	-2.85	-6.84	-9.54	星期四
181	900916	凤凰B股	20200604	上海资金买入成功率17.14	0.40	9.72	14	25	11	36	65	22.24	55.49	0.99	1	有价格涨跌幅限制的日收盘价格涨幅偏离值达到7的前三只证券	1.27	-7.09	-4.81	4.81	星期四
182	900955	*ST海创B	20200604	实力游资买入成功率36.16	0.11	4.95	-0	9	10	19	27	-0.99	71.45	0.11	0	ST、*ST和S证券连续三个交易日内收盘价格涨幅偏离值累计达到15的证券	4.72	4.72	-6.60	-5.66	星期四
183	000030	富奥股份	20200603	1家机构卖出成功率48.91	6.55	-3.53	-2002	5860	7862	13723	44596	-4.49	30.77	3.92	115	日振幅值达到15的前五只证券	-0.92	-9.16	-14.66	-12.92	星期三
184	000564	供销大集	20200603	普通席位买入成功率44.01	5.24	10.08	-3984	16587	20571	37158	261788	-1.52	14.19	25.92	105	日涨幅偏离值达到7的前五只证券	9.92	0.00	-10.50	-0.19	星期三
185	000564	供销大集	20200603	主力做T成功率44.87	5.24	10.08	6545	31014	24469	55483	470957	1.39	11.78	25.92	105	连续三个交易日内，涨幅偏离值累计达到20的证券	9.92	0.00	-10.50	-0.19	星期三
186	000564	供销大集	20200603	普通席位买入成功率44.01	5.24	10.08	-3984	16587	20571	37158	261788	-1.52	14.19	25.92	105	日换手率达到20的前五只证券	9.92	0.00	-10.50	-0.19	星期三
187	000567	海德股份	20200603	实力游资买入成功率43.44	15.22	9.97	-6688	7525	14213	21738	132757	-5.04	16.37	40.49	33	日涨幅偏离值达到7的前五只证券	-8.15	-16.36	-8.08	-7.23	星期三
188	000567	海德股份	20200603	实力游资买入成功率43.44	15.22	9.97	-6688	7525	14213	21738	132757	-5.04	16.37	40.49	33	日换手率达到20的前五只证券	-8.15	-16.36	-8.08	-7.23	星期三
189	000612	焦作万方	20200603	实力游资买入成功率31.76	5.79	10.08	-9366	5631	14996	20627	85518	-10.95	24.12	13.69	69	日振幅值达到15的前五只证券	-3.97	1.21	-13.47	-2.76	星期三
190	000612	焦作万方	20200603	实力游资买入成功率31.76	5.79	10.08	-9366	5631	14996	20627	85518	-10.95	24.12	13.69	69	日涨幅偏离值达到7的前五只证券	-3.97	1.21	-13.47	-2.76	星期三
191	000613	大东海A	20200603	实力游资卖出成功率17.52	9.28	-4.23	-6331	4227	10559	14786	78732	-8.04	18.78	31.08	25	日换手率达到20的前五只证券	-9.27	-14.98	-9.59	-14.98	星期三
192	000625	长安汽车	20200603	买一主买成功率43.03	10.89	10.00	8854	25149	16295	41445	94121	9.41	44.03	2.28	425	日涨幅偏离值达到7的前五只证券	-2.66	-5.51	0.09	5.51	星期三
193	000886	海南高速	20200603	1家机构卖出成功率20.49	5.17	-7.01	-1030	2979	4009	6988	46074	-2.24	15.17	9.03	50	日跌幅偏离值达到7的前五只证券	-2.13	-3.29	-5.03	-9.48	星期三
194	000910	大亚圣象	20200603	4家机构买入成功率53.56	16.43	9.97	4021	12840	8819	21659	50193	8.01	43.15	5.77	90	日涨幅偏离值达到7的前五只证券	6.45	2.86	2.38	-3.94	星期三
195	002046	轴研科技	20200603	主力做T成功率46.19	13.26	10.04	2759	9300	6541	15841	96083	2.87	16.49	18.45	54	日涨幅偏离值达到7的前五只证券	-7.24	-16.52	-19.83	-20.51	星期三
196	002103	广博股份	20200603	买一主买成功率30.77	7.77	10.06	-1318	6225	7543	13768	87184	-1.51	15.79	33.22	28	日涨幅偏离值达到7的前五只证券	10.04	-0.90	-17.63	-2.96	星期三
197	002103	广博股份	20200603	主力做T成功率51.11	7.77	10.06	1796	11697	9901	21598	164555	1.09	13.13	33.22	28	连续三个交易日内，涨幅偏离值累计达到20的证券	10.04	-0.90	-17.63	-2.96	星期三
198	002103	广博股份	20200603	买一主买成功率30.77	7.77	10.06	-1318	6225	7543	13768	87184	-1.51	15.79	33.22	28	日换手率达到20的前五只证券	10.04	-0.90	-17.63	-2.96	星期三
199	002137	麦达数字	20200603	主力做T成功率27.67	8.13	-7.09	-1307	3428	4735	8164	81914	-1.60	9.97	27.08	30	日跌幅偏离值达到7的前五只证券	-3.20	-4.92	-7.38	-1.11	星期三
200	002320	海峡股份	20200603	卖一主卖成功率84.44	12.42	-8.34	-2472	7597	10069	17665	109759	-2.25	16.09	5.81	185	日跌幅偏离值达到7的前五只证券	-1.05	0.32	-5.47	-8.70	星期三
201	002338	奥普光电	20200603	买一主买成功率41.11	23.84	10.01	4196	9846	5650	15496	101191	4.15	15.31	18.47	57	日涨幅偏离值达到7的前五只证券	-6.59	2.52	12.00	23.78	星期三
202	002344	海宁皮城	20200603	主力做T成功率41.01	4.94	10.02	-2124	6972	9096	16068	64086	-3.31	25.07	7.24	63	连续三个交易日内，涨幅偏离值累计达到20的证券	9.92	0.00	-9.72	-13.78	星期三
203	002400	省广集团	20200603	买一主买成功率27.23	10.51	10.05	13300	61267	47968	109235	595856	2.23	18.33	34.15	176	日涨幅偏离值达到7的前五只证券	3.71	-4.76	4.57	9.62	星期三
204	002400	省广集团	20200603	买一主买成功率27.23	10.51	10.05	13300	61267	47968	109235	595856	2.23	18.33	34.15	176	日换手率达到20的前五只证券	3.71	-4.76	4.57	9.62	星期三
205	002503	搜于特	20200603	买一主买成功率33.37	3.08	10.00	231	20146	19916	40062	93924	0.25	42.65	13.08	67	日涨幅偏离值达到7的前五只证券	-4.87	-9.42	-12.01	-0.97	星期三
206	002592	八菱科技	20200603	实力游资卖出成功率22.22	9.70	-10.02	-2188	1685	3873	5558	22365	-9.78	24.85	9.26	24	日跌幅偏离值达到7的前五只证券	-2.99	-3.51	-4.43	-6.29	星期三
207	002592	八菱科技	20200603	实力游资卖出成功率21.11	9.70	-10.02	-2840	3302	6142	9443	39341	-7.22	24.00	9.26	24	连续三个交易日内，跌幅偏离值累计达到20的证券	-2.99	-3.51	-4.43	-6.29	星期三
208	002596	海南瑞泽	20200603	1家机构卖出成功率27.94	7.72	-8.96	-2053	5835	7887	13722	105210	-1.95	13.04	13.02	78	日跌幅偏离值达到7的前五只证券	-2.98	-4.27	-6.22	-10.23	星期三
209	002604	龙力退	20200603	卖一主卖成功率42.22	1.42	-10.13	0	0	0	0	0	0.00	200.00	0.00	7	退市整理期	-9.86	-19.01	-40.14	-64.79	星期三
210	002654	万润科技	20200603	实力游资买入成功率31.13	5.45	10.10	-1231	5700	6930	12630	49464	-2.49	25.53	1.96	36	连续三个交易日内，涨幅偏离值累计达到20的证券	-4.59	-14.13	-12.66	-15.05	星期三
211	002865	钧达股份	20200603	西藏自治区资金卖出成功率28.06	14.18	-6.71	-86	1105	1190	2295	12328	-0.69	18.62	7.32	17	日跌幅偏离值达到7的前五只证券	1.55	-2.05	-1.97	-3.39	星期三
212	002911	佛燃能源	20200603	浙江资金卖出成功率30.67	17.05	-5.07	-14275	7715	21991	29706	101208	-14.10	29.35	3.96	46	连续三个交易日内，跌幅偏离值累计达到20的证券	-2.76	-6.22	-7.39	-8.56	星期三
213	002980	华盛昌	20200603	卖一主卖成功率31.45	62.31	-0.76	-2244	3499	5743	9242	64747	-3.47	14.27	31.79	21	日换手率达到20的前五只证券	-5.92	-9.89	-5.84	10.22	星期三
214	002981	朝阳科技	20200603	卖一主卖成功率41.15	43.63	-2.94	-2711	3599	6310	9909	60357	-4.49	16.42	56.43	10	日换手率达到20的前五只证券	-2.96	6.74	8.69	12.19	星期三
215	002983	芯瑞达	20200603	西藏自治区资金买入成功率22.63	47.25	0.92	-4806	4840	9646	14486	85026	-5.65	17.04	49.56	17	日换手率达到20的前五只证券	-5.33	-7.96	-2.67	-4.23	星期三
216	300026	红日药业	20200603	买一主买成功率50.17	5.53	9.94	9615	16704	7089	23793	124326	7.73	19.14	8.55	147	日涨幅偏离值达到7的前五只证券	-4.34	-3.62	-3.25	7.23	星期三
217	300097	智云股份	20200603	1家机构买入成功率49.74	13.15	10.04	1642	5253	3611	8864	53738	3.05	16.50	1.64	27	连续三个交易日内，涨幅偏离值累计达到20的证券	2.05	12.24	8.37	3.42	星期三
218	300106	西部牧业	20200603	实力游资卖出成功率8.33	7.79	-9.31	-2660	1545	4205	5750	26687	-9.97	21.55	15.87	16	日跌幅偏离值达到7的前五只证券	-1.16	-8.22	-8.73	-7.57	星期三
219	300346	南大光电	20200603	买一主买成功率40.08	42.96	10.01	16250	35865	19614	55479	375193	4.33	14.79	24.25	158	日涨幅偏离值达到7的前五只证券	2.47	2.56	-1.61	-8.57	星期三
220	300346	南大光电	20200603	主力做T成功率29.52	42.96	10.01	5781	43404	37622	81026	952532	0.61	8.51	24.25	158	连续三个交易日内，涨幅偏离值累计达到20的证券	2.47	2.56	-1.61	-8.57	星期三
221	300431	暴风集团	20200603	主力做T成功率37.55	2.34	9.86	114	1801	1687	3488	30365	0.37	11.49	15.62	6	连续三个交易日内，涨幅偏离值累计达到20的证券	9.83	-1.28	-1.71	-23.50	星期三
222	300526	中潜股份	20200603	2家机构买入成功率45.56	130.00	5.26	-152	2593	2745	5338	21752	-0.70	24.54	1.02	221	日振幅值达到15的前五只证券	-2.72	-1.57	6.72	-3.95	星期三
223	300576	容大感光	20200603	主力做T成功率36.87	76.10	4.76	1698	7795	6097	13892	153606	1.11	9.04	34.29	45	日换手率达到20的前五只证券	-5.90	-7.33	-7.69	-16.98	星期三
224	300654	世纪天鸿	20200603	主力做T成功率29.52	14.88	9.98	1288	3292	2004	5296	5336	24.14	99.27	3.29	10	连续三个交易日内，涨幅偏离值累计达到20的证券	-10.01	-18.48	-21.17	-14.08	星期三
225	300655	晶瑞股份	20200603	买一主买成功率41.42	46.78	9.99	10784	17756	6972	24729	89355	12.07	27.67	16.64	55	日涨幅偏离值达到7的前五只证券	-1.88	-0.58	-6.82	-13.13	星期三
226	300680	隆盛科技	20200603	1家机构买入成功率42.63	19.59	9.99	707	5001	4295	9296	54360	1.30	17.10	38.20	15	日涨幅偏离值达到7的前五只证券	-0.77	6.02	-8.88	-14.45	星期三
227	300680	隆盛科技	20200603	2家机构买入成功率50.48	19.59	9.99	4596	11007	6411	17417	97261	4.73	17.91	38.20	15	连续三个交易日内，涨幅偏离值累计达到20的证券	-0.77	6.02	-8.88	-14.45	星期三
228	300680	隆盛科技	20200603	1家机构买入成功率42.63	19.59	9.99	707	5001	4295	9296	54360	1.30	17.10	38.20	15	日换手率达到20的前五只证券	-0.77	6.02	-8.88	-14.45	星期三
229	300709	精研科技	20200603	3家机构买入成功率48.23	113.91	7.87	8504	19938	11434	31372	118267	7.19	26.53	8.97	65	连续三个交易日内，涨幅偏离值累计达到20的证券	2.71	2.86	3.24	-4.82	星期三
230	300790	宇瞳光学	20200603	实力游资买入成功率32.11	25.92	2.17	-2536	2112	4647	6759	49384	-5.13	13.69	38.04	13	日换手率达到20的前五只证券	-4.21	-3.55	-2.12	-9.34	星期三
231	300816	艾可蓝	20200603	1家机构买入成功率38.59	71.50	10.00	-1599	5152	6750	11902	43382	-3.69	27.44	31.23	14	日涨幅偏离值达到7的前五只证券	10.00	21.01	14.83	20.11	星期三
232	300816	艾可蓝	20200603	1家机构买入成功率38.59	71.50	10.00	-1599	5152	6750	11902	43382	-3.69	27.44	31.23	14	日换手率达到20的前五只证券	10.00	21.01	14.83	20.11	星期三
233	300831	派瑞股份	20200603	实力游资卖出成功率35.30	27.50	-2.76	-5064	7299	12363	19662	118113	-4.29	16.65	55.17	22	日换手率达到20的前五只证券	-6.95	-9.20	-10.36	-15.05	星期三
234	600086	东方金钰	20200603	浙江资金买入成功率45.63	1.39	10.32	-123	945	1068	2012	7561	-1.63	26.62	5.36	15	有价格涨跌幅限制的日收盘价格涨幅偏离值达到7的前三只证券	10.07	20.86	12.23	3.60	星期三
235	600198	大唐电信	20200603	实力游资买入成功率41.62	12.18	6.94	3388	28599	25212	53811	286483	1.18	18.78	16.23	107	非ST、*ST和S证券连续三个交易日内收盘价格涨幅偏离值累计达到20的证券	0.57	-1.07	2.05	7.39	星期三
236	600321	正源股份	20200603	买一主买成功率48.38	2.04	10.27	522	1182	660	1842	3570	14.61	51.60	1.22	31	有价格涨跌幅限制的日收盘价格涨幅偏离值达到7的前三只证券	9.80	4.90	0.98	-0.98	星期三
237	600565	迪马股份	20200603	实力游资买入成功率29.60	3.16	10.10	-983	4204	5187	9391	32647	-3.01	28.77	4.41	76	有价格涨跌幅限制的日收盘价格涨幅偏离值达到7的前三只证券	10.13	-0.32	-8.23	-11.71	星期三
238	600712	南宁百货	20200603	实力游资买入成功率35.43	5.95	9.98	73	5212	5139	10350	100346	0.07	10.31	21.30	32	非ST、*ST和S证券连续三个交易日内收盘价格涨幅偏离值累计达到20的证券	4.03	-6.22	-9.92	-4.37	星期三
239	600768	宁波富邦	20200603	实力游资卖出成功率5.85	10.77	-9.57	341	1407	1066	2472	18577	1.83	13.31	12.53	14	有价格涨跌幅限制的日收盘价格跌幅偏离值达到7的前三只证券	-2.88	-4.83	-6.13	-9.38	星期三
240	600816	*ST安信	20200603	2家机构卖出成功率31.05	2.15	-4.87	-3240	977	4217	5194	5779	-56.05	89.87	0.10	113	ST、*ST和S证券连续三个交易日内收盘价格跌幅偏离值累计达到15的证券	-5.12	-7.44	-12.09	-6.98	星期三
241	600828	茂业商业	20200603	实力游资买入成功率47.19	4.95	10.00	678	3130	2452	5582	20932	3.24	26.67	1.00	32	非ST、*ST和S证券连续三个交易日内收盘价格涨幅偏离值累计达到20的证券	10.10	1.62	-7.07	-13.54	星期三
242	600865	百大集团	20200603	实力游资买入成功率38.77	8.17	9.96	-3029	5093	8122	13215	69340	-4.37	19.06	18.09	31	非ST、*ST和S证券连续三个交易日内收盘价格涨幅偏离值累计达到20的证券	10.04	-0.98	-15.79	-18.36	星期三
243	600918	N中泰证	20200603	买一主买成功率82.60	6.31	44.06	1698	1768	70	1838	1802	94.22	102.01	0.41	44	无价格涨跌幅限制的证券	9.98	20.92	60.86	123.14	星期三
244	600918	N中泰证	20200603	买一主买成功率82.60	6.31	44.06	1698	1768	70	1838	1802	94.22	102.01	0.41	44	当日无价格涨跌幅限制的A股，出现异常波动停牌的	9.98	20.92	60.86	123.14	星期三
245	601558	退市锐电	20200603	实力游资买入成功率21.46	0.22	4.76	90	700	610	1309	3713	2.42	35.26	2.79	13	退市整理的证券	-4.55	-9.09	0.00	4.55	星期三
246	601696	中银证券	20200603	实力游资买入成功率42.72	24.06	1.73	11104	30098	18994	49092	307606	3.61	15.96	45.15	67	有价格涨跌幅限制的日换手率达到20的前三只证券	1.00	1.08	-4.82	-7.73	星期三
247	603078	江化微	20200603	买一主买成功率25.80	49.39	9.98	7388	18034	10646	28679	230386	3.21	12.45	14.19	70	非ST、*ST和S证券连续三个交易日内收盘价格涨幅偏离值累计达到20的证券	-7.92	-9.96	-13.04	-16.16	星期三
248	603277	银都股份	20200603	实力游资买入成功率51.84	11.84	10.04	3420	6411	2990	9401	11509	29.72	81.69	1.70	19	非ST、*ST和S证券连续三个交易日内收盘价格涨幅偏离值累计达到20的证券	9.97	20.95	4.56	-1.10	星期三
249	603283	赛腾股份	20200603	2家机构买入成功率45.47	46.20	8.10	8861	20617	11756	32374	112970	7.84	28.66	24.55	19	非ST、*ST和S证券连续三个交易日内收盘价格涨幅偏离值累计达到20的证券	-0.43	-1.30	0.43	6.03	星期三
250	603439	贵州三力	20200603	实力游资买入成功率34.63	28.67	0.56	-140	2534	2674	5208	53682	-0.26	9.70	44.36	12	有价格涨跌幅限制的日换手率达到20的前三只证券	0.45	-3.94	6.10	48.55	星期三
251	603650	彤程新材	20200603	江苏资金买入成功率51.05	21.56	10.00	2051	16807	14756	31562	108663	1.89	29.05	24.67	28	非ST、*ST和S证券连续三个交易日内收盘价格涨幅偏离值累计达到20的证券	-3.76	-6.45	-3.43	7.72	星期三
252	603703	盛洋科技	20200603	浙江资金卖出成功率41.05	20.97	-10.00	-19666	8215	27880	36095	167753	-11.72	21.52	30.60	48	有价格涨跌幅限制的日价格振幅达到15的前三只证券	-10.01	-19.03	-30.57	-39.77	星期三
253	603703	盛洋科技	20200603	浙江资金卖出成功率41.05	20.97	-10.00	-19666	8215	27880	36095	167753	-11.72	21.52	30.60	48	有价格涨跌幅限制的日收盘价格跌幅偏离值达到7的前三只证券	-10.01	-19.03	-30.57	-39.77	星期三
254	603879	永悦科技	20200603	福建资金卖出成功率30.41	20.96	-10.00	998	13323	12326	25649	56256	1.77	45.59	23.90	24	有价格涨跌幅限制的日收盘价格跌幅偏离值达到7的前三只证券	-10.02	-19.04	-37.36	-40.12	星期三
255	603890	春秋电子	20200603	1家机构买入成功率38.36	16.19	9.99	4689	15580	10891	26471	102848	4.56	25.74	14.92	31	非ST、*ST和S证券连续三个交易日内收盘价格涨幅偏离值累计达到20的证券	-3.34	-5.19	-5.68	-1.11	星期三
256	605288	凯迪股份	20200603	实力游资卖出成功率17.25	139.53	-4.86	2576	5189	2613	7802	79308	3.25	9.84	43.30	17	有价格涨跌幅限制的日价格振幅达到15的前三只证券	-6.72	-12.05	-12.21	-9.95	星期三
257	605288	凯迪股份	20200603	实力游资卖出成功率17.25	139.53	-4.86	2576	5189	2613	7802	79308	3.25	9.84	43.30	17	有价格涨跌幅限制的日换手率达到20的前三只证券	-6.72	-12.05	-12.21	-9.95	星期三
258	688021	奥福环保	20200603	2家机构买入成功率42.30	79.40	19.99	3211	7688	4477	12166	29302	10.96	41.52	21.15	15	有价格涨跌幅限制的日收盘价格涨幅达到15的前五只证券	8.49	4.95	-3.41	-10.04	星期三
259	688026	洁特生物	20200603	买一主买成功率40.49	90.47	16.81	230	4430	4201	8631	56370	0.41	15.31	28.92	21	有价格涨跌幅限制的日收盘价格涨幅达到15的前五只证券	-2.50	-1.46	-9.30	-3.33	星期三
260	688268	华特气体	20200603	1家机构卖出成功率22.22	95.87	-0.65	-2992	4937	7929	12866	89219	-3.35	14.42	33.37	26	有价格涨跌幅限制的日换手率达到30的前五只证券	-6.02	-7.50	-10.52	-17.77	星期三
261	688365	光云科技	20200603	实力游资买入成功率35.95	73.67	5.24	1999	6668	4669	11337	87681	2.28	12.93	36.15	24	有价格涨跌幅限制的日换手率达到30的前五只证券	-7.72	-9.05	-6.50	-18.81	星期三
262	688588	凌志软件	20200603	实力游资卖出成功率36.46	48.00	-0.02	-1382	3434	4817	8251	66922	-2.07	12.33	37.88	17	有价格涨跌幅限制的日换手率达到30的前五只证券	1.77	0.08	-5.77	-8.48	星期三
263	688598	金博股份	20200603	实力游资买入成功率39.26	97.98	3.25	-748	2409	3157	5567	53557	-1.40	10.39	31.43	18	有价格涨跌幅限制的日换手率达到30的前五只证券	-5.31	-6.21	-9.37	-12.12	星期三
264	900921	丹科B股	20200603	实力游资卖出成功率37.65	0.16	-10.06	-6	19	25	44	40	-15.29	109.55	1.29	0	有价格涨跌幅限制的日收盘价格跌幅偏离值达到7的前三只证券	-4.35	-2.48	0.00	0.00	星期三
265	900956	东贝B股	20200603	买一主买成功率51.72	2.15	5.09	256	760	504	1264	3353	7.63	37.68	12.94	2	非ST、*ST和S证券连续三个交易日内收盘价格涨幅偏离值累计达到20的证券	-1.68	2.56	6.93	7.40	星期三
266	000030	富奥股份	20200602	1家机构买入成功率45.54	6.79	10.05	2158	7060	4903	11963	25422	8.49	47.06	2.19	119	日涨幅偏离值达到7的前五只证券	-3.53	-4.42	-15.91	-14.03	星期二
267	000541	佛山照明	20200602	实力游资卖出成功率26.60	5.75	-8.73	-1222	2932	4154	7085	52829	-2.31	13.41	8.36	62	日跌幅偏离值达到7的前五只证券	0.52	-1.57	-4.70	-6.49	星期二
268	000541	佛山照明	20200602	西藏自治区资金卖出成功率33.35	5.75	-8.73	-221	10059	10280	20338	156997	-0.14	12.95	8.36	62	连续三个交易日内，跌幅偏离值累计达到20的证券	0.52	-1.57	-4.70	-6.49	星期二
269	000564	供销大集	20200602	实力游资买入成功率45.78	4.76	9.93	-798	11053	11851	22905	78836	-1.01	29.05	8.26	95	日涨幅偏离值达到7的前五只证券	10.08	21.01	6.93	11.76	星期二
270	000567	海德股份	20200602	买一主买成功率48.65	13.84	10.02	244	6531	6287	12818	33794	0.72	37.93	1.11	30	连续三个交易日内，涨幅偏离值累计达到20的证券	9.97	1.01	-0.29	9.03	星期二
271	000613	大东海A	20200602	主力做T成功率32.84	9.69	9.99	-736	9102	9838	18940	80036	-0.92	23.66	31.40	26	日涨幅偏离值达到7的前五只证券	-4.23	-13.11	-14.76	-13.73	星期二
272	000613	大东海A	20200602	主力做T成功率31.02	9.69	9.99	-774	12028	12802	24830	131015	-0.59	18.95	31.40	26	连续三个交易日内，涨幅偏离值累计达到20的证券	-4.23	-13.11	-14.76	-13.73	星期二
273	000613	大东海A	20200602	主力做T成功率32.84	9.69	9.99	-736	9102	9838	18940	80036	-0.92	23.66	31.40	26	日换手率达到20的前五只证券	-4.23	-13.11	-14.76	-13.73	星期二
274	000616	海航投资	20200602	实力游资买入成功率28.97	3.05	10.11	3013	5356	2343	7699	35789	8.42	21.51	8.30	44	日涨幅偏离值达到7的前五只证券	6.89	-1.97	-3.61	-5.57	星期二
275	000735	罗牛山	20200602	实力游资买入成功率44.52	11.91	5.87	-20690	23428	44119	67547	364386	-5.68	18.54	26.49	137	日换手率达到20的前五只证券	-5.54	-5.71	-8.82	-11.08	星期二
276	000796	凯撒旅业	20200602	1家机构卖出成功率38.81	11.25	-7.94	-4938	8878	13816	22694	106739	-4.63	21.26	10.49	90	日振幅值达到15的前五只证券	-0.53	-6.58	-10.76	-8.98	星期二
277	000796	凯撒旅业	20200602	1家机构卖出成功率38.81	11.25	-7.94	-4938	8878	13816	22694	106739	-4.63	21.26	10.49	90	日跌幅偏离值达到7的前五只证券	-0.53	-6.58	-10.76	-8.98	星期二
278	000859	国风塑业	20200602	买一主买成功率42.75	5.56	10.10	2632	4691	2059	6750	29519	8.91	22.87	7.40	41	日涨幅偏离值达到7的前五只证券	-0.18	-1.62	0.00	2.16	星期二
279	002055	得润电子	20200602	买一主买成功率23.33	15.36	10.03	798	3010	2212	5222	49120	1.62	10.63	7.90	66	日涨幅偏离值达到7的前五只证券	-2.86	-2.02	-1.69	-6.51	星期二
280	002084	海鸥住工	20200602	2家机构卖出成功率43.40	8.63	-10.01	-7244	3781	11026	14807	36716	-19.73	40.33	8.32	42	日跌幅偏离值达到7的前五只证券	-2.55	-5.21	-0.64	11.18	星期二
281	002103	广博股份	20200602	实力游资买入成功率59.92	7.06	9.97	836	7936	7100	15036	75545	1.11	19.90	28.75	25	日涨幅偏离值达到7的前五只证券	10.06	21.10	0.42	-2.97	星期二
282	002137	麦达数字	20200602	主力做T成功率44.10	8.75	6.32	-5102	10593	15695	26288	180201	-2.83	14.59	37.74	32	连续三个交易日内，涨幅偏离值累计达到20的证券	-7.09	-10.06	-9.83	-13.03	星期二
283	002137	麦达数字	20200602	实力游资买入成功率42.83	8.75	6.32	-3857	6716	10573	17290	123564	-3.12	13.99	37.74	32	日换手率达到20的前五只证券	-7.09	-10.06	-9.83	-13.03	星期二
284	002163	中航三鑫	20200602	实力游资卖出成功率48.89	8.89	-5.93	-3103	7254	10357	17611	89248	-3.48	19.73	11.79	71	日振幅值达到15的前五只证券	3.37	13.72	6.64	16.42	星期二
285	002187	广百股份	20200602	买一主买成功率62.36	10.13	9.99	1086	4435	3349	7783	27362	3.97	28.45	0.77	35	连续三个交易日内，涨幅偏离值累计达到20的证券	9.97	20.93	31.89	-	星期二
286	002204	大连重工	20200602	江苏资金买入成功率55.19	5.42	9.94	2459	10587	8128	18714	77370	3.18	24.19	7.60	105	日涨幅偏离值达到7的前五只证券	-3.32	-7.20	-13.10	-18.47	星期二
287	002277	友阿股份	20200602	实力游资买入成功率31.26	4.91	10.09	6054	9772	3718	13490	52582	11.51	25.65	7.92	68	日涨幅偏离值达到7的前五只证券	-0.41	-1.83	-12.02	-12.00	星期二
288	002400	省广集团	20200602	实力游资卖出成功率39.47	9.55	-5.73	-39606	28726	68332	97059	678073	-5.84	14.31	39.13	160	日振幅值达到15的前五只证券	10.05	14.14	19.27	14.34	星期二
289	002400	省广集团	20200602	实力游资卖出成功率39.47	9.55	-5.73	-39606	28726	68332	97059	678073	-5.84	14.31	39.13	160	日换手率达到20的前五只证券	10.05	14.14	19.27	14.34	星期二
290	002568	百润股份	20200602	1家机构卖出成功率39.10	41.37	-10.01	-3257	10563	13820	24383	41960	-7.76	58.11	2.80	144	日跌幅偏离值达到7的前五只证券	1.09	0.89	2.39	7.88	星期二
291	002581	未名医药	20200602	浙江资金买入成功率41.43	31.05	9.99	5160	23942	18782	42724	243570	2.12	17.54	20.30	124	日涨幅偏离值达到7的前五只证券	5.93	1.06	-26.31	-10.27	星期二
292	002592	八菱科技	20200602	实力游资卖出成功率24.52	10.78	-10.02	-2441	2107	4548	6654	16976	-14.38	39.20	5.97	26	日跌幅偏离值达到7的前五只证券	-10.02	-12.71	-12.62	-14.38	星期二
293	002604	龙力退	20200602	卖一主卖成功率32.22	1.58	-10.23	0	1	1	1	1	0.00	200.00	0.00	8	退市整理期	-10.13	-18.99	-40.51	-64.56	星期二
294	002634	棒杰股份	20200602	2家机构卖出成功率47.63	5.75	-7.26	-166	4220	4386	8605	29987	-0.55	28.70	15.55	18	连续三个交易日内，跌幅偏离值累计达到20的证券	-4.00	-4.87	-3.30	-1.39	星期二
295	002911	佛燃能源	20200602	浙江资金卖出成功率26.50	17.96	-9.97	-4263	1592	5855	7447	28030	-15.21	26.57	5.67	49	日跌幅偏离值达到7的前五只证券	-5.07	-7.68	-12.42	-12.03	星期二
296	002920	德赛西威	20200602	2家机构卖出成功率49.71	51.70	-9.99	-1291	9407	10698	20105	44633	-2.89	45.05	6.79	63	日跌幅偏离值达到7的前五只证券	4.24	-0.10	-0.60	10.83	星期二
297	002980	华盛昌	20200602	主力做T成功率37.98	62.79	3.75	-8362	4469	12831	17300	76758	-10.89	22.54	36.48	21	日换手率达到20的前五只证券	-0.76	-6.64	-7.07	3.68	星期二
298	002981	朝阳科技	20200602	买一主买成功率45.61	44.95	10.01	3711	5655	1944	7599	36942	10.04	20.57	36.51	11	日换手率达到20的前五只证券	-2.94	-5.81	5.65	14.17	星期二
299	002986	宇新股份	20200602	1家机构买入成功率77.28	57.59	44.01	648	679	31	710	679	95.43	104.57	0.42	16	无价格涨跌幅限制的证券	10.00	8.49	-4.57	-6.89	星期二
300	002990	盛视科技	20200602	实力游资卖出成功率43.57	84.62	-0.88	-4849	7035	11883	18918	123241	-3.93	15.35	45.48	27	日换手率达到20的前五只证券	-4.51	-3.12	1.61	16.25	星期二
301	200613	大东海B	20200602	广东资金买入成功率25.76	2.88	9.92	-98	197	295	493	566	-17.33	87.00	2.45	2	日涨幅偏离值达到7的前五只证券	-4.51	-6.94	-1.04	-0.69	星期二
302	300008	天海防务	20200602	实力游资买入成功率30.07	3.21	9.93	2387	3291	904	4195	20353	11.73	20.61	8.31	25	日涨幅偏离值达到7的前五只证券	3.12	4.67	-1.25	3.74	星期二
303	300063	天龙集团	20200602	广东资金卖出成功率69.42	5.58	-8.82	-3411	2970	6381	9350	47981	-7.11	19.49	13.92	33	日跌幅偏离值达到7的前五只证券	6.81	4.12	27.42	45.16	星期二
304	300132	青松股份	20200602	3家机构卖出成功率64.64	17.85	-7.18	-2969	3649	6618	10268	36440	-8.15	28.18	4.34	82	日跌幅偏离值达到7的前五只证券	1.57	5.15	6.83	35.41	星期二
305	300171	东富龙	20200602	2家机构买入成功率49.87	13.64	10.00	6200	9683	3483	13166	43023	14.41	30.60	7.77	57	日涨幅偏离值达到7的前五只证券	0.95	4.20	-1.11	3.24	星期二
306	300242	佳云科技	20200602	湖北资金卖出成功率33.59	6.47	-4.15	-6754	5430	12184	17613	108211	-6.24	16.28	26.65	38	日振幅值达到15的前五只证券	10.05	21.02	39.88	16.07	星期二
307	300367	东方网力	20200602	卖一主卖成功率41.92	4.37	-8.19	1262	9741	8479	18220	86247	1.46	21.13	22.82	37	日跌幅偏离值达到7的前五只证券	1.60	-4.12	-10.30	-17.16	星期二
308	300431	暴风集团	20200602	实力游资买入成功率53.46	2.13	9.79	259	1054	795	1849	10491	2.47	17.63	20.89	5	日振幅值达到15的前五只证券	9.86	20.66	7.51	-12.21	星期二
309	300521	爱司凯	20200602	浙江资金买入成功率42.16	24.48	10.02	8489	11976	3487	15462	16438	51.64	94.06	2.38	35	连续三个交易日内，涨幅偏离值累计达到20的证券	4.82	-5.68	-13.77	-6.05	星期二
310	300572	安车检测	20200602	3家机构买入成功率52.63	59.35	10.01	-2250	9040	11290	20330	49580	-4.54	41.01	5.52	91	日涨幅偏离值达到7的前五只证券	-4.35	-0.96	4.11	-3.29	星期二
311	300740	御家汇	20200602	1家机构卖出成功率48.19	14.33	-6.40	-1996	5296	7291	12587	67533	-2.96	18.64	19.79	32	日振幅值达到15的前五只证券	-0.77	-4.82	-0.77	5.93	星期二
312	300790	宇瞳光学	20200602	江苏资金买入成功率46.42	25.37	10.02	1701	4605	2904	7509	41325	4.12	18.17	32.73	13	日涨幅偏离值达到7的前五只证券	2.17	-2.13	2.25	-5.48	星期二
313	300790	宇瞳光学	20200602	江苏资金买入成功率46.42	25.37	10.02	1701	4605	2904	7509	41325	4.12	18.17	32.73	13	日换手率达到20的前五只证券	2.17	-2.13	2.25	-5.48	星期二
314	300816	艾可蓝	20200602	1家机构买入成功率55.21	65.00	5.33	3653	11677	8025	19702	71973	5.08	27.37	32.63	13	连续三个交易日内，涨幅偏离值累计达到20的证券	10.00	21.00	35.23	35.08	星期二
315	300816	艾可蓝	20200602	上海资金买入成功率60.11	65.00	5.33	1818	6742	4923	11665	43018	4.23	27.12	32.63	13	日换手率达到20的前五只证券	10.00	21.00	35.23	35.08	星期二
316	300825	阿尔特	20200602	实力游资买入成功率33.04	19.69	10.00	1282	6292	5010	11302	45610	2.81	24.78	30.96	15	日涨幅偏离值达到7的前五只证券	-0.61	-3.40	-1.17	2.03	星期二
317	300830	金现代	20200602	主力做T成功率20.34	17.98	3.57	-1154	3023	4177	7200	55793	-2.07	12.91	37.34	15	日换手率达到20的前五只证券	-4.45	-7.51	-6.73	-5.12	星期二
318	300831	派瑞股份	20200602	实力游资买入成功率46.16	28.28	5.21	1936	13949	12014	25963	150728	1.28	17.23	66.82	23	日换手率达到20的前五只证券	-2.76	-9.51	-13.79	-15.28	星期二
319	300832	新产业	20200602	普通席位卖出成功率42.89	155.78	-4.55	-6225	18816	25040	43856	235476	-2.64	18.62	36.57	64	日换手率达到20的前五只证券	-4.35	-3.52	-7.29	7.21	星期二
320	300835	龙磁科技	20200602	实力游资买入成功率79.92	51.03	10.00	817	839	23	862	840	97.18	102.61	0.22	9	连续三个交易日内，涨幅偏离值累计达到20的证券	9.99	20.99	61.02	44.03	星期二
321	300836	佰奥智能	20200602	买一主买成功率53.52	54.01	10.00	247	267	20	287	267	92.51	107.49	0.21	7	连续三个交易日内，涨幅偏离值累计达到20的证券	10.00	21.00	26.42	38.51	星期二
322	600415	小商品城	20200602	1家机构买入成功率41.30	4.18	10.00	1284	5337	4053	9391	34780	3.69	27.00	0.26	228	非ST、*ST和S证券连续三个交易日内收盘价格涨幅偏离值累计达到20的证券	10.05	21.05	24.64	34.21	星期二
323	600418	江淮汽车	20200602	1家机构卖出成功率32.02	9.00	-9.73	-16851	14921	31771	46692	303179	-5.56	15.40	16.53	170	有价格涨跌幅限制的日价格振幅达到15的前三只证券	3.67	7.44	5.89	12.22	星期二
324	600556	天下秀	20200602	1家机构卖出成功率50.17	19.49	-9.98	-8624	7643	16266	23909	80806	-10.67	29.59	11.36	68	有价格涨跌幅限制的日收盘价格跌幅偏离值达到7的前三只证券	2.67	0.97	3.95	0.36	星期二
325	600859	王府井	20200602	2家机构卖出成功率33.76	25.02	-5.37	-5462	13039	18502	31541	89832	-6.08	35.11	6.07	142	有价格涨跌幅限制的日价格振幅达到15的前三只证券	4.92	3.44	9.43	69.26	星期二
326	601558	退市锐电	20200602	实力游资买入成功率36.86	0.21	10.53	280	605	324	929	2682	10.45	34.64	2.19	13	有价格涨跌幅限制的日收盘价格涨幅偏离值达到7的前三只证券	4.76	0.00	9.52	9.52	星期二
327	601558	退市锐电	20200602	实力游资买入成功率36.86	0.21	10.53	280	605	324	929	2682	10.45	34.64	2.19	13	退市整理的证券	4.76	0.00	9.52	9.52	星期二
328	601609	金田铜业	20200602	西藏自治区资金买入成功率23.03	13.10	5.31	-4261	6855	11116	17970	147434	-2.89	12.19	47.93	32	有价格涨跌幅限制的日换手率达到20的前三只证券	-4.66	-10.53	-14.43	-15.65	星期二
329	601696	中银证券	20200602	实力游资买入成功率40.15	23.65	4.60	-9097	17838	26934	44772	331849	-2.74	13.49	49.26	66	有价格涨跌幅限制的日换手率达到20的前三只证券	1.73	2.75	-3.17	-4.57	星期二
330	601908	京运通	20200602	实力游资买入成功率31.08	4.80	10.09	-2951	5312	8263	13575	107110	-2.76	12.67	11.76	96	有价格涨跌幅限制的日收盘价格涨幅偏离值达到7的前三只证券	-3.96	-7.71	-16.04	-14.58	星期二
331	603069	海汽集团	20200602	实力游资卖出成功率30.76	13.65	-7.77	-87	5252	5339	10591	60530	-0.14	17.50	13.06	43	有价格涨跌幅限制的日价格振幅达到15的前三只证券	-9.45	-9.30	-15.60	4.62	星期二
332	603208	江山欧派	20200602	3家机构卖出成功率41.43	149.85	-10.00	4829	13522	8693	22215	33566	14.39	66.18	2.71	121	有价格涨跌幅限制的日收盘价格跌幅偏离值达到7的前三只证券	-2.78	-6.53	-2.18	-0.97	星期二
333	603301	振德医疗	20200602	上海资金买入成功率56.13	48.37	10.01	9650	13987	4337	18324	88167	10.94	20.78	7.65	26	非ST、*ST和S证券连续三个交易日内收盘价格涨幅偏离值累计达到20的证券	10.01	15.09	7.29	34.19	星期二
334	603392	万泰生物	20200602	实力游资买入成功率90.00	93.30	10.00	5651	5790	139	5929	6117	92.38	96.93	0.74	41	非ST、*ST和S证券连续三个交易日内收盘价格涨幅偏离值累计达到20的证券	10.00	21.00	55.41	74.54	星期二
335	603439	贵州三力	20200602	实力游资买入成功率45.38	28.51	5.09	-218	2213	2431	4644	43877	-0.50	10.59	38.81	12	有价格涨跌幅限制的日换手率达到20的前三只证券	0.56	1.02	-3.02	35.81	星期二
336	603879	永悦科技	20200602	实力游资卖出成功率21.75	23.29	-10.01	-4364	10288	14652	24939	28079	-15.54	88.82	10.74	26	有价格涨跌幅限制的日收盘价格跌幅偏离值达到7的前三只证券	-10.00	-19.02	-40.06	-44.23	星期二
337	603879	永悦科技	20200602	福建资金卖出成功率22.88	23.29	-10.01	-10300	16401	26701	43102	67709	-15.21	63.66	10.74	26	非ST、*ST和S证券连续三个交易日内收盘价格跌幅偏离值累计达到20的证券	-10.00	-19.02	-40.06	-44.23	星期二
338	603969	银龙股份	20200602	买一主买成功率41.39	5.89	10.09	2334	3379	1045	4424	3659	63.78	120.90	0.74	50	有价格涨跌幅限制的日收盘价格涨幅偏离值达到7的前三只证券	-4.92	-13.41	-18.17	-22.75	星期二
339	603969	银龙股份	20200602	浙江资金买入成功率36.20	5.89	10.09	39	5840	5800	11640	39494	0.10	29.47	0.74	50	非ST、*ST和S证券连续三个交易日内收盘价格涨幅偏离值累计达到20的证券	-4.92	-13.41	-18.17	-22.75	星期二
340	605168	三人行	20200602	实力游资买入成功率64.74	116.18	10.00	1470	1557	87	1644	1557	94.41	105.59	0.25	20	非ST、*ST和S证券连续三个交易日内收盘价格涨幅偏离值累计达到20的证券	10.00	21.00	61.05	142.47	星期二
341	688268	华特气体	20200602	买一主买成功率35.48	96.50	8.50	-1427	5319	6747	12066	84494	-1.69	14.28	33.04	26	有价格涨跌幅限制的日换手率达到30的前五只证券	-0.65	-6.63	-6.91	-15.97	星期二
342	688516	奥特维	20200602	实力游资买入成功率21.76	60.13	3.91	16	3213	3198	6411	47604	0.03	13.47	40.19	12	有价格涨跌幅限制的日换手率达到30的前五只证券	-3.59	-3.33	-8.03	-11.86	星期二
343	688588	凌志软件	20200602	实力游资卖出成功率45.68	48.01	-3.21	-1406	3781	5187	8969	71552	-1.96	12.53	41.73	17	有价格涨跌幅限制的日换手率达到30的前五只证券	-0.02	1.75	2.27	-7.75	星期二
344	688598	金博股份	20200602	1家机构卖出成功率25.93	94.90	-0.11	-663	3352	4014	7366	61741	-1.07	11.93	34.33	17	有价格涨跌幅限制的日换手率达到30的前五只证券	3.25	-2.23	-6.45	-10.71	星期二
345	900951	*ST大化B	20200602	上海资金卖出成功率18.89	0.09	-5.26	-1	4	5	9	6	-25.02	166.00	0.46	0	ST、*ST和S证券连续三个交易日内收盘价格跌幅偏离值累计达到15的证券	-4.44	-8.89	-	-	星期二
346	900956	东贝B股	20200602	上海资金买入成功率63.70	2.04	10.01	21	68	47	114	79	26.53	145.44	0.33	2	有价格涨跌幅限制的日收盘价格涨幅偏离值达到7的前三只证券	5.09	3.33	12.37	12.81	星期二
347	000030	富奥股份	20200601	实力游资买入成功率51.80	6.17	9.98	8314	13833	5520	19353	69721	11.92	27.76	2.58	109	连续三个交易日内，涨幅偏离值累计达到20的证券	10.05	6.16	-2.59	-3.89	星期一
348	000551	创元科技	20200601	实力游资买入成功率35.45	11.88	1.89	-4016	7141	11157	18299	95567	-4.20	19.15	20.31	48	日换手率达到20的前五只证券	-3.45	0.17	-7.41	-14.14	星期一
349	000695	滨海能源	20200601	实力游资卖出成功率28.67	8.27	-4.39	950	1511	562	2073	4207	22.58	49.28	2.35	18	日跌幅偏离值达到7的前五只证券	0.12	-1.21	-1.81	-3.39	星期一
350	002071	长城影视	20200601	买一主买成功率44.10	2.50	10.13	245	2002	1757	3760	22180	1.10	16.95	13.62	13	连续三个交易日内，涨幅偏离值累计达到20的证券	10.00	21.20	23.20	2.80	星期一
351	002084	海鸥住工	20200601	4家机构买入成功率48.03	9.59	9.98	-3270	5076	8346	13422	38173	-8.57	35.16	8.75	47	日振幅值达到15的前五只证券	-10.01	-12.30	-13.67	-5.90	星期一
352	002466	天齐锂业	20200601	上海资金买入成功率55.44	21.88	10.01	49851	119439	69588	189027	760144	6.56	24.87	8.60	323	连续三个交易日内，涨幅偏离值累计达到20的证券	5.12	1.83	5.58	17.14	星期一
353	002541	鸿路钢构	20200601	2家机构买入成功率46.26	24.56	9.99	11468	21430	9962	31391	82633	13.88	37.99	2.92	91	连续三个交易日内，涨幅偏离值累计达到20的证券	-7.57	-8.88	-11.56	1.47	星期一
354	002604	龙力退	20200601	卖一主卖成功率20.00	1.76	-10.20	0	53	53	106	53	0.00	200.00	0.00	9	退市整理期	-10.23	-19.32	-40.91	-64.77	星期一
355	002634	棒杰股份	20200601	浙江资金卖出成功率15.87	6.20	-10.01	-566	212	779	991	1068	-53.02	92.81	0.55	20	日跌幅偏离值达到7的前五只证券	-7.26	-10.97	-10.48	-12.58	星期一
356	002745	木林森	20200601	4家机构卖出成功率43.98	13.07	-3.90	-1722	8892	10614	19507	49478	-3.48	39.43	5.25	96	日跌幅偏离值达到7的前五只证券	0.69	0.99	-1.38	2.17	星期一
357	002770	科迪乳业	20200601	实力游资买入成功率33.52	3.23	5.56	-7776	3912	11688	15599	66091	-11.77	23.60	34.53	19	日换手率达到20的前五只证券	-2.48	-6.19	-11.76	-12.69	星期一
358	002911	佛燃能源	20200601	浙江资金卖出成功率31.18	19.95	-4.68	-11054	6539	17592	24131	54763	-20.18	44.06	10.51	54	日跌幅偏离值达到7的前五只证券	-9.97	-14.54	-19.70	-22.91	星期一
359	002980	华盛昌	20200601	2家机构买入成功率45.28	60.52	3.70	5131	8818	3687	12505	57588	8.91	21.71	29.00	20	日换手率达到20的前五只证券	3.75	2.96	-1.88	9.73	星期一
360	002981	朝阳科技	20200601	1家机构买入成功率43.64	40.86	6.13	-297	2401	2698	5099	34113	-0.87	14.95	35.26	10	日换手率达到20的前五只证券	10.01	6.78	12.56	25.84	星期一
361	002988	豪美新材	20200601	实力游资卖出成功率24.14	21.74	-1.67	-1312	2607	3919	6525	40292	-3.26	16.20	32.54	13	日换手率达到20的前五只证券	-0.32	-3.77	-5.61	-6.81	星期一
362	002990	盛视科技	20200601	实力游资买入成功率24.18	85.37	10.00	14227	17990	3763	21753	138702	10.26	15.68	52.36	27	日换手率达到20的前五只证券	-0.88	-5.35	4.70	21.20	星期一
363	002990	盛视科技	20200601	实力游资买入成功率24.18	85.37	10.00	14227	17990	3763	21753	138702	10.26	15.68	52.36	27	连续三个交易日内，日均换手率与前五个交易日的日均换手率的比值达到30倍，且换手率累计达20的证券	-0.88	-5.35	4.70	21.20	星期一
364	300090	盛运环保	20200601	实力游资买入成功率19.02	0.32	10.34	-1184	369	1553	1922	5792	-20.44	33.19	17.25	4	日振幅值达到15的前五只证券	-	-	-	-	星期一
365	300211	亿通科技	20200601	浙江资金卖出成功率15.15	7.07	-7.46	-1553	1253	2806	4058	17482	-8.88	23.21	8.44	21	日跌幅偏离值达到7的前五只证券	-2.12	-3.68	-3.96	-9.48	星期一
366	300242	佳云科技	20200601	实力游资买入成功率51.24	6.75	9.93	-703	9387	10090	19477	92313	-0.76	21.10	3.81	40	连续三个交易日内，涨幅偏离值累计达到20的证券	-4.15	5.48	25.19	6.96	星期一
367	300367	东方网力	20200601	买一主买成功率33.52	4.76	9.93	3982	12209	8227	20436	100623	3.96	20.31	27.11	40	日换手率达到20的前五只证券	-8.19	-6.72	-17.23	-23.95	星期一
368	300431	暴风集团	20200601	买一主买成功率42.65	1.94	10.23	-409	662	1071	1733	11151	-3.67	15.54	24.69	5	日振幅值达到15的前五只证券	9.79	20.62	7.22	0.00	星期一
369	300469	信息发展	20200601	实力游资卖出成功率44.72	10.85	-0.91	-3562	4864	8426	13291	43749	-8.14	30.38	8.00	18	连续三个交易日内，跌幅偏离值累计达到20的证券	1.01	2.49	-1.20	6.82	星期一
370	300601	康泰生物	20200601	3家机构卖出成功率35.20	140.78	-3.58	-8433	32219	40652	72870	209450	-4.03	34.79	4.13	511	日跌幅偏离值达到7的前五只证券	-1.90	-2.88	-6.39	3.25	星期一
371	300680	隆盛科技	20200601	3家机构买入成功率52.28	16.19	4.45	3025	6704	3679	10383	36776	8.23	28.23	30.47	12	日换手率达到20的前五只证券	10.01	21.00	17.05	5.37	星期一
372	300830	金现代	20200601	实力游资卖出成功率23.80	17.36	-2.47	-3059	2201	5260	7460	47215	-6.48	15.80	31.92	15	日换手率达到20的前五只证券	3.57	-1.04	-0.69	-3.11	星期一
373	300831	派瑞股份	20200601	实力游资买入成功率49.37	26.88	2.13	5222	13655	8433	22088	161110	3.24	13.71	75.25	22	日振幅值达到15的前五只证券	5.21	2.31	-11.05	-10.04	星期一
374	300831	派瑞股份	20200601	实力游资买入成功率49.37	26.88	2.13	5222	13655	8433	22088	161110	3.24	13.71	75.25	22	日换手率达到20的前五只证券	5.21	2.31	-11.05	-10.04	星期一
375	300831	派瑞股份	20200601	实力游资买入成功率49.37	26.88	2.13	5222	13655	8433	22088	161110	3.24	13.71	75.25	22	连续三个交易日内，日均换手率与前五个交易日的日均换手率的比值达到30倍，且换手率累计达20的证券	5.21	2.31	-11.05	-10.04	星期一
376	300832	新产业	20200601	实力游资买入成功率45.65	163.20	4.57	-22089	25042	47131	72172	303931	-7.27	23.75	45.96	67	日换手率达到20的前五只证券	-4.55	-8.70	-12.41	-3.80	星期一
377	600185	格力地产	20200601	实力游资买入成功率46.70	9.39	9.95	-49571	17498	67069	84568	95894	-51.69	88.19	0.80	194	非ST、*ST和S证券连续三个交易日内收盘价格涨幅偏离值累计达到20的证券	10.01	20.98	24.49	23.54	星期一
378	600337	美克家居	20200601	实力游资买入成功率49.53	4.90	10.11	-2413	6517	8930	15447	32774	-7.36	47.13	3.96	85	有价格涨跌幅限制的日收盘价格涨幅偏离值达到7的前三只证券	-2.04	-1.43	4.08	-2.45	星期一
379	600415	小商品城	20200601	买一主买成功率34.80	3.80	10.14	549	3326	2777	6103	19383	2.83	31.49	0.98	207	有价格涨跌幅限制的日收盘价格涨幅偏离值达到7的前三只证券	10.00	21.05	49.74	37.11	星期一
380	600599	熊猫金控	20200601	实力游资买入成功率32.26	8.69	3.70	243	1296	1054	2350	24138	1.01	9.74	17.57	14	有价格涨跌幅限制的日价格振幅达到15的前三只证券	-2.19	-5.98	-13.23	-30.03	星期一
381	600768	宁波富邦	20200601	实力游资买入成功率27.86	12.30	4.24	-1443	917	2360	3277	29247	-4.93	11.20	18.30	16	有价格涨跌幅限制的日价格振幅达到15的前三只证券	-3.17	-12.44	-17.15	-21.14	星期一
382	600818	中路股份	20200601	上海资金买入成功率65.28	14.22	3.12	-2625	6200	8825	15025	61284	-4.28	24.52	9.65	34	非ST、*ST和S证券连续三个交易日内收盘价格涨幅偏离值累计达到20的证券	-4.92	-8.58	-9.07	-17.23	星期一
383	600834	申通地铁	20200601	买一主买成功率30.59	16.90	10.03	-6451	24449	30901	55350	434478	-1.48	12.74	19.70	81	非ST、*ST和S证券连续三个交易日内收盘价格涨幅偏离值累计达到20的证券	-9.94	-6.86	-16.86	-18.82	星期一
384	600986	科达股份	20200601	实力游资买入成功率40.41	4.90	10.11	3714	8088	4374	12462	45731	8.12	27.25	7.32	64	有价格涨跌幅限制的日收盘价格涨幅偏离值达到7的前三只证券	-1.43	6.12	0.20	-1.22	星期一
385	601558	退市锐电	20200601	实力游资买入成功率42.21	0.19	0.00	101	544	443	987	3128	3.22	31.56	2.71	11	退市整理的证券	10.53	15.79	15.79	21.05	星期一
386	601609	金田铜业	20200601	西藏自治区资金卖出成功率38.98	12.44	-2.05	1680	10147	8466	18613	123979	1.36	15.01	41.77	30	有价格涨跌幅限制的日换手率达到20的前三只证券	5.31	0.40	-5.79	-12.70	星期一
387	601908	京运通	20200601	实力游资买入成功率40.41	4.36	10.10	-1073	8252	9324	17576	100612	-1.07	17.47	7.95	87	非ST、*ST和S证券连续三个交易日内收盘价格涨幅偏离值累计达到20的证券	10.09	5.73	-8.26	-8.95	星期一
388	603316	诚邦股份	20200601	1家机构卖出成功率12.32	9.42	-5.33	-7369	5137	12506	17643	45535	-16.18	38.75	36.84	10	非ST、*ST和S证券连续三个交易日内收盘价格跌幅偏离值累计达到20的证券	-8.07	-8.07	-10.41	-11.79	星期一
389	603316	诚邦股份	20200601	1家机构卖出成功率18.22	9.42	-5.33	-6956	3842	10798	14640	34857	-19.95	42.00	36.84	10	有价格涨跌幅限制的日换手率达到20的前三只证券	-8.07	-8.07	-10.41	-11.79	星期一
390	603356	华菱精工	20200601	实力游资卖出成功率22.96	13.98	-5.48	-2377	2360	4737	7097	18996	-12.51	37.36	15.55	13	有价格涨跌幅限制的日收盘价格跌幅偏离值达到7的前三只证券	-4.65	-4.36	-4.36	5.01	星期一
391	603879	永悦科技	20200601	福建资金卖出成功率19.08	25.88	-10.01	-6265	12412	18677	31088	39630	-15.81	78.45	13.62	29	有价格涨跌幅限制的日收盘价格跌幅偏离值达到7的前三只证券	-10.01	-19.01	-40.07	-50.08	星期一
392	603950	长源东谷	20200601	实力游资卖出成功率42.74	27.20	-6.53	1644	4361	2718	7079	60174	2.73	11.76	37.99	16	有价格涨跌幅限制的日收盘价格跌幅偏离值达到7的前三只证券	0.77	-3.57	-1.88	-9.93	星期一
393	603950	长源东谷	20200601	实力游资卖出成功率42.74	27.20	-6.53	1644	4361	2718	7079	60174	2.73	11.76	37.99	16	有价格涨跌幅限制的日换手率达到20的前三只证券	0.77	-3.57	-1.88	-9.93	星期一
394	605288	N凯迪	20200601	买一主买成功率40.00	133.33	44.00	928	1029	101	1130	1029	90.15	109.85	0.62	17	无价格涨跌幅限制的证券	10.00	4.65	-7.16	-3.78	星期一
395	605288	N凯迪	20200601	买一主买成功率40.00	133.33	44.00	928	1029	101	1130	1029	90.15	109.85	0.62	17	当日无价格涨跌幅限制的A股，出现异常波动停牌的	10.00	4.65	-7.16	-3.78	星期一
396	688021	奥福环保	20200601	3家机构买入成功率43.94	64.75	16.16	1105	4243	3138	7381	19703	5.61	37.46	17.08	12	有价格涨跌幅限制的日收盘价格涨幅达到15的前五只证券	2.19	22.63	17.88	7.75	星期一
397	688021	奥福环保	20200601	1家机构买入成功率53.11	64.75	16.16	5269	9546	4276	13822	39434	13.36	35.05	17.08	12	有价格涨跌幅限制的连续3个交易日内收盘价格涨幅偏离值累计达到30的证券	2.19	22.63	17.88	7.75	星期一
398	688158	优刻得	20200601	上海资金买入成功率61.95	74.95	17.05	3086	7322	4237	11559	50034	6.17	23.10	15.62	33	有价格涨跌幅限制的日收盘价格涨幅达到15的前五只证券	-2.44	-2.80	-1.77	-7.34	星期一
399	688318	财富趋势	20200601	买一主买成功率40.10	250.85	20.00	4449	10930	6481	17411	75765	5.87	22.98	20.71	39	有价格涨跌幅限制的日收盘价格涨幅达到15的前五只证券	1.18	-1.22	1.65	6.12	星期一
400	688365	光云科技	20200601	实力游资买入成功率38.07	71.97	11.60	-1012	3891	4903	8794	89913	-1.13	9.78	40.14	23	有价格涨跌幅限制的日换手率达到30的前五只证券	-2.74	2.36	-0.31	-14.90	星期一
401	688516	奥特维	20200601	实力游资买入成功率46.74	57.87	7.21	-1036	2983	4018	7001	43197	-2.40	16.21	37.79	12	有价格涨跌幅限制的日换手率达到30的前五只证券	3.91	0.17	-1.14	-11.23	星期一
402	688588	凌志软件	20200601	浙江资金买入成功率44.96	49.60	20.01	2666	6579	3913	10492	97280	2.74	10.79	57.05	18	有价格涨跌幅限制的日收盘价格涨幅达到15的前五只证券	-3.21	-3.23	-4.31	-12.10	星期一
403	688588	凌志软件	20200601	浙江资金买入成功率44.96	49.60	20.01	2666	6579	3913	10492	97280	2.74	10.79	57.05	18	有价格涨跌幅限制的日换手率达到30的前五只证券	-3.21	-3.23	-4.31	-12.10	星期一
404	688598	金博股份	20200601	2家机构买入成功率49.21	95.00	7.83	1532	4294	2762	7056	55182	2.78	12.79	32.43	17	有价格涨跌幅限制的日换手率达到30的前五只证券	-0.11	3.14	-6.49	-14.40	星期一
405	900951	*ST大化B	20200601	卖一主卖成功率12.89	0.10	-5.00	-0	1	1	2	1	-15.35	184.65	0.11	0	有价格涨跌幅限制的日收盘价格跌幅偏离值达到7的前三只证券	-5.26	-9.47	-22.11	-	星期一
406	900956	东贝B股	20200601	买一主买成功率61.22	1.86	10.00	6	23	18	41	35	16.01	116.27	0.17	2	有价格涨跌幅限制的日收盘价格涨幅偏离值达到7的前三只证券	10.01	15.60	25.77	22.86	星期一
