1	000100	TCL科技	1家机构买入，成功率42.91	8.01	10.03	67430.87	170063.66	102632.79	272696.45	671880.67	10.04	40.59	6.83	1014	日涨幅偏离值达到7的前5只证券	20201202	星期三
2	000157	中联重科	买一主买，成功率36.91	10.36	9.98	54178.75	124760.37	70581.62	195341.99	497237.82	10.90	39.29	7.62	668	日涨幅偏离值达到7的前5只证券	20201202	星期三
3	000157	中联重科	买一主买，成功率38.74	10.36	9.98	62843.89	193505.40	130661.51	324166.91	916971.65	6.85	35.35	7.62	668	连续三个交易日内，涨幅偏离值累计达到20的证券	20201202	星期三
4	000413	东旭光电	实力游资买入，成功率41.92	2.93	10.15	8564.53	15321.63	6757.10	22078.73	86508.06	9.90	25.52	6.23	143	日涨幅偏离值达到7的前5只证券	20201202	星期三
5	000545	金浦钛业	实力游资卖出，成功率30.89	3.83	-4.96	-6666.27	4454.85	11121.13	15575.98	77806.84	-8.57	20.02	21.00	37	日换手率达到20的前5只证券	20201202	星期三
6	000655	金岭矿业	买一主买，成功率35.66	7.73	9.96	4228.38	6460.36	2231.98	8692.34	34851.73	12.13	24.94	7.75	46	日涨幅偏离值达到7的前5只证券	20201202	星期三
7	000798	中水渔业	实力游资买入，成功率26.98	8.92	9.99	-2554.24	2966.45	5520.69	8487.14	40357.61	-6.33	21.03	14.91	28	日振幅值达到15的前5只证券	20201202	星期三
8	000798	中水渔业	实力游资买入，成功率26.98	8.92	9.99	-2554.24	2966.45	5520.69	8487.14	40357.61	-6.33	21.03	14.91	28	日涨幅偏离值达到7的前5只证券	20201202	星期三
9	000939	凯迪退	主力做T，成功率25.45	0.14	-6.67	34.90	277.14	242.25	519.39	1038.49	3.36	50.01	2.37	4	退市整理期	20201202	星期三
10	002042	华孚时尚	主力做T，成功率43.53	7.01	-8.96	295.43	9382.59	9087.16	18469.75	32452.63	0.91	56.91	2.98	106	日振幅值达到15的前5只证券	20201202	星期三
11	002042	华孚时尚	主力做T，成功率43.53	7.01	-8.96	295.43	9382.59	9087.16	18469.75	32452.63	0.91	56.91	2.98	106	日跌幅偏离值达到7的前5只证券	20201202	星期三
12	002196	方正电机	2家机构买入，成功率38.73	8.07	9.95	2668.79	8944.27	6275.48	15219.75	69761.82	3.83	21.82	21.36	33	日涨幅偏离值达到7的前5只证券	20201202	星期三
13	002258	利尔化学	买一主买，成功率52.37	25.09	10.00	2997.70	15997.86	13000.16	28998.02	72896.51	4.11	39.78	5.63	131	日涨幅偏离值达到7的前5只证券	20201202	星期三
14	002488	金固股份	卖一主卖，成功率47.97	9.72	-9.24	-3951.65	9561.74	13513.39	23075.13	68681.33	-5.75	33.60	8.36	79	日跌幅偏离值达到7的前5只证券	20201202	星期三
15	002510	天汽模	西藏自治区资金买入，成功率26.31	6.93	10.00	-1902.47	14525.60	16428.07	30953.67	244052.69	-0.78	12.68	47.59	53	日涨幅偏离值达到7的前5只证券	20201202	星期三
16	002510	天汽模	西藏自治区资金买入，成功率26.31	6.93	10.00	-1902.47	14525.60	16428.07	30953.67	244052.69	-0.78	12.68	47.59	53	日换手率达到20的前5只证券	20201202	星期三
17	002647	仁东控股	卖一主卖，成功率36.63	31.98	-9.99	-376.72	263.52	640.24	903.75	640.24	-58.84	141.16	0.04	179	日跌幅偏离值达到7的前5只证券	20201202	星期三
18	002647	仁东控股	卖一主卖，成功率39.08	31.98	-9.99	-728.51	347.33	1075.84	1423.17	1075.84	-67.72	132.28	0.04	179	连续三个交易日内，跌幅偏离值累计达到20的证券	20201202	星期三
19	002670	国盛金控	实力游资买入，成功率46.95	14.98	9.99	-3443.97	25837.94	29281.91	55119.84	167989.80	-2.05	32.81	6.98	243	日涨幅偏离值达到7的前5只证券	20201202	星期三
20	002683	宏大爆破	1家机构卖出，成功率43.53	36.97	-10.00	-6989.88	6992.83	13982.71	20975.54	41416.86	-16.88	50.64	1.84	225	日跌幅偏离值达到7的前5只证券	20201202	星期三
21	002765	蓝黛科技	主力做T，成功率43.56	6.67	10.07	-1594.07	11172.05	12766.11	23938.16	91942.48	-1.73	26.04	19.46	18	连续三个交易日内，涨幅偏离值累计达到20的证券	20201202	星期三
22	002862	实丰文化	实力游资买入，成功率60.00	25.33	0.96	247.98	5059.54	4811.56	9871.10	24432.75	1.01	40.40	8.94	29	日振幅值达到15的前5只证券	20201202	星期三
23	002863	今飞凯达	浙江资金卖出，成功率61.11	9.01	-9.81	3345.65	26191.69	22846.04	49037.73	69487.23	4.81	70.57	19.00	36	日跌幅偏离值达到7的前5只证券	20201202	星期三
24	002863	今飞凯达	浙江资金卖出，成功率53.33	9.01	-9.81	-8660.91	48927.10	57588.01	106515.11	174400.39	-4.97	61.08	19.00	36	连续三个交易日内，跌幅偏离值累计达到20的证券	20201202	星期三
25	002945	华林证券	买一主买，成功率37.58	16.59	10.01	14405.95	20995.20	6589.25	27584.45	142786.45	10.09	19.32	11.63	125	日涨幅偏离值达到7的前5只证券	20201202	星期三
26	002948	青岛银行	实力游资买入，成功率41.04	6.55	10.08	6702.73	25311.86	18609.13	43920.99	196695.77	3.41	22.33	4.44	40	连续三个交易日内，涨幅偏离值累计达到20的证券	20201202	星期三
27	002996	顺博合金	2家机构买入，成功率46.51	17.95	9.99	3016.07	10661.63	7645.56	18307.19	99982.94	3.02	18.31	49.10	10	连续三个交易日内，涨幅偏离值累计达到20的证券	20201202	星期三
28	002996	顺博合金	主力做T，成功率55.12	17.95	9.99	1308.21	5521.87	4213.66	9735.53	45650.75	2.87	21.33	49.10	10	日换手率达到20的前5只证券	20201202	星期三
29	003015	日久光电	实力游资买入，成功率42.40	19.55	10.02	3269.67	6209.22	2939.55	9148.77	38731.99	8.44	23.62	29.30	14	日换手率达到20的前5只证券	20201202	星期三
30	003018	金富科技	1家机构买入，成功率47.15	15.65	6.61	294.19	1654.69	1360.50	3015.18	24649.81	1.19	12.23	24.57	10	日换手率达到20的前5只证券	20201202	星期三
31	003019	宸展光电	主力做T，成功率43.73	39.55	4.27	-3368.90	2187.48	5556.38	7743.86	32759.56	-10.28	23.64	26.08	13	日换手率达到20的前5只证券	20201202	星期三
32	200413	东旭B	广东资金买入，成功率55.11	1.47	9.70	84.46	190.90	106.44	297.34	487.96	17.31	60.94	1.60	3	日涨幅偏离值达到7的前5只证券	20201202	星期三
33	300221	银禧科技	主力做T，成功率24.57	8.26	20.06	1301.31	5054.91	3753.61	8808.52	89877.79	1.45	9.80	27.85	35	日涨幅达到15的前5只证券	20201202	星期三
34	300717	华信新材	实力游资买入，成功率41.62	24.91	19.99	3027.38	8369.58	5342.20	13711.79	44795.11	6.76	30.61	18.39	25	日涨幅达到15的前5只证券	20201202	星期三
35	300752	隆利科技	1家机构买入，成功率66.41	34.43	20.01	1153.46	5567.29	4413.83	9981.12	44626.80	2.58	22.37	40.72	11	日涨幅达到15的前5只证券	20201202	星期三
36	300752	隆利科技	1家机构买入，成功率66.41	34.43	20.01	1153.46	5567.29	4413.83	9981.12	44626.80	2.58	22.37	40.72	11	日换手率达到30的前5只证券	20201202	星期三
37	300819	聚杰微纤	1家机构卖出，成功率44.74	46.33	-3.46	826.37	4748.67	3922.30	8670.97	36850.49	2.24	23.53	31.82	12	日换手率达到30的前5只证券	20201202	星期三
38	300892	品渥食品	1家机构买入，成功率31.01	78.59	20.00	1418.26	8165.00	6746.73	14911.73	73240.59	1.94	20.36	41.82	19	日涨幅达到15的前5只证券	20201202	星期三
39	300892	品渥食品	1家机构买入，成功率31.01	78.59	20.00	1418.26	8165.00	6746.73	14911.73	73240.59	1.94	20.36	41.82	19	日换手率达到30的前5只证券	20201202	星期三
40	300892	品渥食品	2家机构买入，成功率33.54	78.59	20.00	6986.54	19613.98	12627.44	32241.42	158216.44	4.42	20.38	41.82	19	连续三个交易日内，涨幅偏离值累计达到30的证券	20201202	星期三
41	300898	熊猫乳品	主力做T，成功率31.20	58.49	14.78	-2178.99	3483.42	5662.41	9145.83	61888.59	-3.52	14.78	42.33	15	日换手率达到30的前5只证券	20201202	星期三
42	300907	康平科技	实力游资买入，成功率32.23	52.49	4.90	436.99	2526.72	2089.73	4616.46	44131.99	0.99	10.46	37.42	12	日换手率达到30的前5只证券	20201202	星期三
43	300915	海融科技	西藏自治区资金买入，成功率27.50	143.50	104.91	2507.09	6615.31	4108.22	10723.53	132472.99	1.89	8.09	57.53	22	无价格涨跌幅限制的证券	20201202	星期三
44	300916	朗特智能	实力游资买入，成功率42.82	164.85	191.67	5497.25	8348.99	2851.74	11200.73	116634.44	4.71	9.60	63.28	18	无价格涨跌幅限制的证券	20201202	星期三
45	600117	西宁特钢	实力游资买入，成功率41.86	3.80	10.14	2069.22	2996.50	927.28	3923.78	7852.93	26.35	49.97	2.01	40	有价格涨跌幅限制的日收盘价格涨幅偏离值达到7的前三只证券	20201202	星期三
46	600191	华资实业	浙江资金买入，成功率33.19	6.88	10.08	1487.78	2525.11	1037.32	3562.43	6938.77	21.44	51.34	2.08	33	有价格涨跌幅限制的日收盘价格涨幅偏离值达到7的前三只证券	20201202	星期三
47	600191	华资实业	实力游资买入，成功率34.27	6.88	10.08	2548.08	6618.22	4070.13	10688.35	38530.77	6.61	27.74	2.08	33	非ST、*ST和S证券连续三个交易日内收盘价格涨幅偏离值累计达到20的证券	20201202	星期三
48	600433	冠豪高新	实力游资买入，成功率31.52	4.57	10.12	1793.19	5368.42	3575.23	8943.64	36435.32	4.92	24.55	6.47	58	有价格涨跌幅限制的日收盘价格涨幅偏离值达到7的前三只证券	20201202	星期三
49	600552	凯盛科技	买一主买，成功率32.05	7.74	9.94	-356.32	8535.57	8891.89	17427.47	118393.39	-0.30	14.72	16.25	59	非ST、*ST和S证券连续三个交易日内收盘价格涨幅偏离值累计达到20的证券	20201202	星期三
50	600593	大连圣亚	卖一主卖，成功率34.44	34.07	-9.99	-108.00	116.18	224.18	340.36	224.18	-48.18	151.82	0.05	44	有价格涨跌幅限制的日收盘价格跌幅偏离值达到7的前三只证券	20201202	星期三
51	600593	大连圣亚	浙江资金卖出，成功率39.16	34.07	-9.99	-370.42	544.90	915.32	1460.22	915.32	-40.47	159.53	0.05	44	非ST、*ST和S证券连续三个交易日内收盘价格跌幅偏离值累计达到20的证券	20201202	星期三
52	600844	丹化科技	实力游资买入，成功率35.39	3.85	10.00	1322.62	4155.05	2832.44	6987.49	31321.54	4.22	22.31	7.59	32	非ST、*ST和S证券连续三个交易日内收盘价格涨幅偏离值累计达到20的证券	20201202	星期三
53	601127	小康股份	实力游资买入，成功率34.20	22.99	10.00	-2665.45	28868.01	31533.45	60401.46	397293.57	-0.67	15.20	4.19	215	非ST、*ST和S证券连续三个交易日内收盘价格涨幅偏离值累计达到20的证券	20201202	星期三
54	601187	厦门银行	买一主买，成功率46.93	14.15	10.03	-600.38	16093.89	16694.28	32788.17	219419.91	-0.27	14.94	60.63	37	有价格涨跌幅限制的日换手率达到20的前三只证券	20201202	星期三
55	601456	国联证券	实力游资买入，成功率36.55	22.77	10.00	-1037.58	22250.74	23288.32	45539.07	401688.38	-0.26	11.34	39.06	108	有价格涨跌幅限制的日换手率达到20的前三只证券	20201202	星期三
56	603185	上机数控	买一主买，成功率37.80	99.30	4.11	18358.62	56716.41	38357.79	95074.20	284511.54	6.45	33.42	21.16	58	非ST、*ST和S证券连续三个交易日内收盘价格涨幅偏离值累计达到20的证券	20201202	星期三
57	603650	彤程新材	实力游资卖出，成功率46.71	36.40	-4.84	-4142.71	11152.15	15294.87	26447.02	38801.60	-10.68	68.16	8.23	48	有价格涨跌幅限制的日价格振幅达到15的前三只证券	20201202	星期三
58	603655	朗博科技	卖一主卖，成功率36.67	50.75	-10.00	-521.71	323.28	844.99	1168.27	844.99	-61.74	138.26	0.49	17	有价格涨跌幅限制的日收盘价格跌幅偏离值达到7的前三只证券	20201202	星期三
59	603655	朗博科技	卖一主卖，成功率31.11	50.75	-10.00	-2077.68	562.20	2639.88	3202.08	2639.88	-78.70	121.30	0.49	17	非ST、*ST和S证券连续三个交易日内收盘价格跌幅偏离值累计达到20的证券	20201202	星期三
60	605007	五洲特纸	实力游资卖出，成功率30.42	26.95	-3.75	-664.84	2495.16	3160.01	5655.17	35447.98	-1.88	15.95	32.83	11	有价格涨跌幅限制的日换手率达到20的前三只证券	20201202	星期三
61	605008	长鸿高科	卖一主卖，成功率44.58	31.49	-10.00	-2722.15	4326.27	7048.42	11374.69	33059.95	-8.23	34.41	22.30	14	有价格涨跌幅限制的日收盘价格跌幅偏离值达到7的前三只证券	20201202	星期三
62	900921	丹科B股	实力游资买入，成功率45.98	0.20	3.72	12.16	39.23	27.07	66.30	148.64	8.18	44.60	1.80	0	非ST、*ST和S证券连续三个交易日内收盘价格涨幅偏离值累计达到20的证券	20201202	星期三
