1	000063	中兴通讯	1家机构买入，成功率49.60	33.63	10.01	38183.06	69679.89	31496.83	101176.73	530347.33	7.20	19.08	4.62	1169	日涨幅偏离值达到7的前5只证券	20201229	星期二
2	000155	川能动力	实力游资卖出，成功率44.98	7.52	-9.94	2069.20	9415.81	7346.61	16762.43	74737.39	2.77	22.43	7.64	96	日跌幅偏离值达到7的前5只证券	20201229	星期二
3	000421	南京公用	西藏自治区资金买入，成功率59.36	7.38	1.37	1116.94	3730.22	2613.28	6343.50	46522.12	2.40	13.64	11.21	42	日振幅值达到15的前5只证券	20201229	星期二
4	000521	长虹美菱	卖一主卖，成功率22.64	5.61	-5.71	-5670.08	9659.34	15329.42	24988.76	163948.52	-3.46	15.24	30.12	49	日振幅值达到15的前5只证券	20201229	星期二
5	000521	长虹美菱	卖一主卖，成功率22.64	5.61	-5.71	-5670.08	9659.34	15329.42	24988.76	163948.52	-3.46	15.24	30.12	49	日换手率达到20的前5只证券	20201229	星期二
6	000530	冰山冷热	1家机构买入，成功率59.35	4.81	10.07	-1211.62	3646.65	4858.27	8504.92	18598.20	-6.51	45.73	2.92	29	连续三个交易日内，涨幅偏离值累计达到20的证券	20201229	星期二
7	000536	*ST华映	1家机构卖出，成功率43.02	3.05	-2.87	5.03	6051.40	6046.37	12097.77	67278.44	0.01	17.98	4.17	84	连续三个交易日内，跌幅偏离值累计达到12的ST证券、*ST证券和未完成股改证券	20201229	星期二
8	000591	太阳能	主力做T，成功率46.18	6.42	-9.96	11125.47	39493.26	28367.78	67861.04	305550.00	3.64	22.21	22.43	131	日跌幅偏离值达到7的前5只证券	20201229	星期二
9	000591	太阳能	主力做T，成功率46.18	6.42	-9.96	11125.47	39493.26	28367.78	67861.04	305550.00	3.64	22.21	22.43	131	日换手率达到20的前5只证券	20201229	星期二
10	000713	丰乐种业	1家机构卖出，成功率33.12	16.62	-3.71	-11539.17	16872.38	28411.55	45283.92	305583.66	-3.78	14.82	41.93	66	日振幅值达到15的前5只证券	20201229	星期二
11	000713	丰乐种业	1家机构卖出，成功率33.12	16.62	-3.71	-11539.17	16872.38	28411.55	45283.92	305583.66	-3.78	14.82	41.93	66	日换手率达到20的前5只证券	20201229	星期二
12	000767	晋控电力	实力游资买入，成功率31.88	3.88	9.91	-150.06	4851.41	5001.47	9852.88	36038.11	-0.42	27.34	3.22	113	日涨幅偏离值达到7的前5只证券	20201229	星期二
13	000767	晋控电力	主力做T，成功率29.97	3.88	9.91	-2518.73	7132.46	9651.19	16783.64	68327.76	-3.69	24.56	3.22	113	连续三个交易日内，涨幅偏离值累计达到20的证券	20201229	星期二
14	000791	甘肃电投	北京资金卖出，成功率36.39	4.55	-9.90	-2619.31	1825.86	4445.17	6271.03	35511.80	-7.38	17.66	5.66	62	日跌幅偏离值达到7的前5只证券	20201229	星期二
15	000798	中水渔业	主力做T，成功率30.36	11.47	-9.97	975.80	3715.30	2739.50	6454.80	46077.37	2.12	14.01	12.10	37	日跌幅偏离值达到7的前5只证券	20201229	星期二
16	000816	智慧农业	1家机构卖出，成功率37.05	4.04	-2.42	-3885.50	8947.08	12832.58	21779.66	158806.33	-2.45	13.71	27.43	54	日换手率达到20的前5只证券	20201229	星期二
17	000821	京山轻机	实力游资卖出，成功率35.56	9.14	-10.04	1182.72	4493.63	3310.91	7804.54	49340.65	2.40	15.82	11.48	42	日跌幅偏离值达到7的前5只证券	20201229	星期二
18	000881	中广核技	实力游资买入，成功率47.79	10.73	10.05	-1808.42	4544.17	6352.59	10896.77	46214.63	-3.91	23.58	6.44	74	日涨幅偏离值达到7的前5只证券	20201229	星期二
19	000881	中广核技	主力做T，成功率49.76	10.73	10.05	2368.75	9405.81	7037.05	16442.86	64325.29	3.68	25.56	6.44	74	连续三个交易日内，涨幅偏离值累计达到20的证券	20201229	星期二
20	000993	闽东电力	实力游资买入，成功率41.23	8.99	10.04	464.65	7093.08	6628.43	13721.51	81734.14	0.57	16.79	24.76	34	日换手率达到20的前5只证券	20201229	星期二
21	000993	闽东电力	实力游资买入，成功率41.23	8.99	10.04	464.65	7093.08	6628.43	13721.51	81734.14	0.57	16.79	24.76	34	日涨幅偏离值达到7的前5只证券	20201229	星期二
22	000995	皇台酒业	浙江资金买入，成功率39.56	28.04	10.00	12504.29	17038.63	4534.33	21572.96	86805.82	14.40	24.85	19.73	50	日振幅值达到15的前5只证券	20201229	星期二
23	000995	皇台酒业	浙江资金买入，成功率39.56	28.04	10.00	12504.29	17038.63	4534.33	21572.96	86805.82	14.40	24.85	19.73	50	日涨幅偏离值达到7的前5只证券	20201229	星期二
24	001896	豫能控股	1家机构卖出，成功率41.20	9.79	-5.87	2197.89	17243.68	15045.79	32289.46	240077.88	0.92	13.45	20.26	113	日振幅值达到15的前5只证券	20201229	星期二
25	002021	ST中捷	买一主买，成功率24.76	1.86	5.08	466.55	753.34	286.79	1040.12	1253.91	37.21	82.95	0.22	13	连续三个交易日内，涨幅偏离值累计达到12的ST证券、*ST证券	20201229	星期二
26	002041	登海种业	2家机构卖出，成功率45.50	21.40	-10.01	-19647.48	9199.04	28846.52	38045.56	149647.49	-13.13	25.42	7.41	188	日跌幅偏离值达到7的前5只证券	20201229	星期二
27	002046	国机精工	1家机构买入，成功率38.75	10.61	0.47	-514.22	3489.10	4003.32	7492.42	61923.71	-0.83	12.10	14.38	43	日振幅值达到15的前5只证券	20201229	星期二
28	002074	国轩高科	1家机构卖出，成功率49.87	35.42	-10.01	-18340.22	30518.71	48858.93	79377.64	297803.27	-6.16	26.65	6.84	417	日跌幅偏离值达到7的前5只证券	20201229	星期二
29	002076	*ST雪莱	主力做T，成功率44.29	1.82	5.20	-33.06	790.93	823.99	1614.92	4677.00	-0.71	34.53	2.75	9	连续三个交易日内，涨幅偏离值累计达到12的ST证券、*ST证券	20201229	星期二
30	002177	御银股份	实力游资买入，成功率49.89	5.53	9.94	-842.96	5416.93	6259.88	11676.81	51149.38	-1.65	22.83	12.39	42	日涨幅偏离值达到7的前5只证券	20201229	星期二
31	002177	御银股份	主力做T，成功率42.56	5.53	9.94	3126.14	10401.88	7275.73	17677.61	64803.93	4.82	27.28	12.39	42	连续三个交易日内，涨幅偏离值累计达到20的证券	20201229	星期二
32	002245	蔚蓝锂芯	广东资金卖出，成功率51.13	12.90	-9.98	-7041.43	13744.28	20785.71	34529.99	149799.89	-4.70	23.05	12.12	118	日跌幅偏离值达到7的前5只证券	20201229	星期二
33	002460	赣锋锂业	2家机构卖出，成功率50.94	96.31	-10.00	-20364.88	62086.76	82451.63	144538.39	429516.62	-4.74	33.65	5.37	776	日跌幅偏离值达到7的前5只证券	20201229	星期二
34	002497	雅化集团	主力做T，成功率39.71	18.14	-10.02	10727.13	28301.18	17574.05	45875.23	163120.37	6.58	28.12	10.21	154	日跌幅偏离值达到7的前5只证券	20201229	星期二
35	002555	三七互娱	1家机构买入，成功率45.51	29.10	10.02	23045.20	38250.76	15205.56	53456.33	196155.19	11.75	27.25	4.67	431	日涨幅偏离值达到7的前5只证券	20201229	星期二
36	002606	大连电瓷	1家机构买入，成功率34.77	8.35	10.01	4910.23	7044.57	2134.33	9178.90	35860.66	13.69	25.60	10.66	34	日涨幅偏离值达到7的前5只证券	20201229	星期二
37	002612	朗姿股份	实力游资买入，成功率47.66	24.88	9.99	3830.38	14307.82	10477.44	24785.26	131797.13	2.91	18.81	20.78	65	日涨幅偏离值达到7的前5只证券	20201229	星期二
38	002612	朗姿股份	实力游资买入，成功率41.99	24.88	9.99	6973.96	22104.05	15130.08	37234.13	232438.27	3.00	16.02	20.78	65	连续三个交易日内，涨幅偏离值累计达到20的证券	20201229	星期二
39	002612	朗姿股份	实力游资买入，成功率47.66	24.88	9.99	3830.38	14307.82	10477.44	24785.26	131797.13	2.91	18.81	20.78	65	日换手率达到20的前5只证券	20201229	星期二
40	002624	完美世界	3家机构买入，成功率45.17	28.46	10.01	3712.33	47132.22	43419.89	90552.11	185147.65	2.01	48.91	3.71	509	日涨幅偏离值达到7的前5只证券	20201229	星期二
41	002647	仁东控股	实力游资卖出，成功率38.80	10.75	-8.04	-1395.48	10340.29	11735.76	22076.05	125018.72	-1.12	17.66	20.05	60	日换手率达到20的前5只证券	20201229	星期二
42	002674	兴业科技	北京资金买入，成功率48.08	12.33	1.23	984.74	4619.48	3634.75	8254.23	35690.38	2.76	23.13	4.71	36	连续三个交易日内，涨幅偏离值累计达到20的证券	20201229	星期二
43	002679	福建金森	主力做T，成功率39.25	12.77	9.99	500.69	5966.36	5465.67	11432.04	22250.14	2.25	51.38	5.10	30	连续三个交易日内，涨幅偏离值累计达到20的证券	20201229	星期二
44	002898	赛隆药业	实力游资卖出，成功率42.39	9.18	-9.91	-3743.39	3944.35	7687.73	11632.08	20251.15	-18.48	57.44	4.15	9	连续三个交易日内，跌幅偏离值累计达到20的证券	20201229	星期二
45	002996	顺博合金	1家机构卖出，成功率45.05	15.24	-9.98	-56.32	3415.67	3471.99	6887.66	22587.37	-0.25	30.49	26.68	8	日换手率达到20的前5只证券	20201229	星期二
46	003009	中天火箭	1家机构卖出，成功率39.23	63.71	-9.31	-1792.39	3948.51	5740.90	9689.41	69545.12	-2.58	13.93	27.07	25	日换手率达到20的前5只证券	20201229	星期二
47	003023	彩虹集团	卖一主卖，成功率28.11	40.78	-2.95	-5413.51	2248.01	7661.52	9909.52	43352.82	-12.49	22.86	48.97	8	日换手率达到20的前5只证券	20201229	星期二
48	003029	吉大正元	买一主买，成功率47.33	21.60	9.98	391.32	406.83	15.51	422.35	406.83	96.19	103.81	0.23	10	连续三个交易日内，涨幅偏离值累计达到20的证券	20201229	星期二
49	300182	捷成股份	主力做T，成功率43.41	3.23	-8.24	-6309.47	22129.99	28439.45	50569.44	149512.95	-4.22	33.82	8.05	64	连续三个交易日内，跌幅偏离值累计达到30的证券	20201229	星期二
50	300310	宜通世纪	买一主买，成功率39.83	5.56	15.59	-945.93	2073.75	3019.68	5093.44	40567.00	-2.33	12.56	10.96	38	日涨幅达到15的前5只证券	20201229	星期二
51	300318	博晖创新	1家机构卖出，成功率46.62	11.80	-15.35	-6214.53	5320.57	11535.10	16855.67	68404.80	-9.08	24.64	7.61	87	日跌幅达到15的前5只证券	20201229	星期二
52	300379	东方通	1家机构买入，成功率41.35	43.65	15.38	7265.33	18693.31	11427.98	30121.29	88906.01	8.17	33.88	8.17	115	日涨幅达到15的前5只证券	20201229	星期二
53	300490	华自科技	主力做T，成功率41.13	11.29	-15.11	999.10	2549.95	1550.85	4100.79	30573.14	3.27	13.41	10.58	28	日跌幅达到15的前5只证券	20201229	星期二
54	300590	移为通信	实力游资买入，成功率45.24	29.21	20.01	3907.69	7776.04	3868.35	11644.40	34558.97	11.31	33.69	7.33	50	日涨幅达到15的前5只证券	20201229	星期二
55	300917	特发服务	实力游资卖出，成功率26.90	43.45	-14.80	-8430.92	7801.07	16231.99	24033.06	63511.87	-13.27	37.84	64.10	9	日换手率达到30的前5只证券	20201229	星期二
56	300918	南山智尚	主力做T，成功率35.49	12.42	-9.67	1038.62	3497.03	2458.41	5955.43	34558.12	3.01	17.23	31.83	11	日换手率达到30的前5只证券	20201229	星期二
57	600081	东风科技	实力游资买入，成功率41.06	16.69	10.02	90.52	6822.84	6732.31	13555.15	83608.74	0.11	16.21	10.62	52	非ST、*ST和S证券连续三个交易日内收盘价格涨幅偏离值累计达到20的证券	20201229	星期二
58	600139	西部资源	西藏自治区资金卖出，成功率27.65	3.57	-10.08	133.20	1937.04	1803.84	3740.88	36214.66	0.37	10.33	15.08	24	有价格涨跌幅限制的日收盘价格跌幅偏离值达到7的前三只证券	20201229	星期二
59	600178	东安动力	实力游资卖出，成功率29.71	7.40	-9.31	-719.92	2871.92	3591.84	6463.75	74483.68	-0.97	8.68	6.24	34	非ST、*ST和S证券连续三个交易日内收盘价格跌幅偏离值累计达到20的证券	20201229	星期二
60	600189	泉阳泉	实力游资买入，成功率40.13	12.14	9.96	4143.15	12831.59	8688.44	21520.03	87458.85	4.74	24.61	9.83	68	非ST、*ST和S证券连续三个交易日内收盘价格涨幅偏离值累计达到20的证券	20201229	星期二
61	600191	华资实业	实力游资买入，成功率39.62	6.66	10.08	4290.38	8896.66	4606.28	13502.95	54089.74	7.93	24.96	17.24	32	有价格涨跌幅限制的日收盘价格涨幅偏离值达到7的前三只证券	20201229	星期二
62	600191	华资实业	实力游资买入，成功率39.62	6.66	10.08	6238.38	10927.27	4688.90	15616.17	62546.51	9.97	24.97	17.24	32	非ST、*ST和S证券连续三个交易日内收盘价格涨幅偏离值累计达到20的证券	20201229	星期二
63	600320	振华重工	四川资金买入，成功率41.73	3.26	10.14	3455.57	5573.27	2117.70	7690.97	12156.96	28.42	63.26	1.13	108	有价格涨跌幅限制的日收盘价格涨幅偏离值达到7的前三只证券	20201229	星期二
64	600333	长春燃气	西藏自治区资金买入，成功率22.83	8.43	10.05	-3452.25	6956.13	10408.38	17364.51	128727.97	-2.68	13.49	24.54	51	非ST、*ST和S证券连续三个交易日内收盘价格涨幅偏离值累计达到20的证券	20201229	星期二
65	600381	青海春天	实力游资买入，成功率41.36	7.12	10.05	4913.85	9773.96	4860.11	14634.07	53090.15	9.26	27.56	8.84	42	非ST、*ST和S证券连续三个交易日内收盘价格涨幅偏离值累计达到20的证券	20201229	星期二
66	600403	大有能源	实力游资买入，成功率31.94	6.18	9.77	-5706.44	5615.30	11321.74	16937.04	91840.01	-6.21	18.44	6.55	148	有价格涨跌幅限制的日价格振幅达到15的前三只证券	20201229	星期二
67	600403	大有能源	实力游资买入，成功率36.53	6.18	9.77	-5605.77	5756.62	11362.39	17119.00	93859.69	-5.97	18.24	6.55	148	非ST、*ST和S证券连续三个交易日内收盘价格涨幅偏离值累计达到20的证券	20201229	星期二
68	600415	小商品城	实力游资买入，成功率43.64	5.51	9.98	-11849.68	7819.45	19669.13	27488.58	106443.96	-11.13	25.82	2.48	300	非ST、*ST和S证券连续三个交易日内收盘价格涨幅偏离值累计达到20的证券	20201229	星期二
69	600686	金龙汽车	西藏自治区资金卖出，成功率28.56	8.16	-5.23	2022.10	10783.34	8761.24	19544.58	159733.12	1.27	12.24	7.79	50	非ST、*ST和S证券连续三个交易日内收盘价格跌幅偏离值累计达到20的证券	20201229	星期二
70	600744	华银电力	卖一主卖，成功率38.89	3.21	-10.08	-2290.67	1152.98	3443.65	4596.63	25039.26	-9.15	18.36	9.23	27	有价格涨跌幅限制的日收盘价格跌幅偏离值达到7的前三只证券	20201229	星期二
71	600967	内蒙一机	1家机构买入，成功率57.58	11.76	10.01	12315.88	24298.88	11982.99	36281.87	142005.79	8.67	25.55	6.33	199	非ST、*ST和S证券连续三个交易日内收盘价格涨幅偏离值累计达到20的证券	20201229	星期二
72	601016	节能风电	实力游资卖出，成功率44.32	3.22	-10.06	2296.52	7096.47	4799.95	11896.42	93270.53	2.46	12.75	6.81	134	有价格涨跌幅限制的日收盘价格跌幅偏离值达到7的前三只证券	20201229	星期二
73	601187	厦门银行	西藏自治区资金买入，成功率34.32	13.06	2.51	-1143.23	5590.87	6734.10	12324.97	109602.87	-1.04	11.25	32.16	34	有价格涨跌幅限制的日换手率达到20的前三只证券	20201229	星期二
74	601375	中原证券	实力游资买入，成功率51.51	6.43	6.99	-12965.20	27914.56	40879.76	68794.32	500027.73	-2.59	13.76	14.93	172	非ST、*ST和S证券连续三个交易日内收盘价格涨幅偏离值累计达到20的证券	20201229	星期二
75	601956	东贝集团	实力游资卖出，成功率18.35	10.85	-10.03	-137.57	6323.18	6460.75	12783.93	68453.04	-0.20	18.68	28.24	22	有价格涨跌幅限制的日价格振幅达到15的前三只证券	20201229	星期二
76	601956	东贝集团	实力游资卖出，成功率18.35	10.85	-10.03	-137.57	6323.18	6460.75	12783.93	68453.04	-0.20	18.68	28.24	22	有价格涨跌幅限制的日换手率达到20的前三只证券	20201229	星期二
77	603169	兰石重装	买一主买，成功率54.28	4.91	10.09	1624.35	5023.59	3399.24	8422.83	20502.39	7.92	41.08	4.08	52	有价格涨跌幅限制的日收盘价格涨幅偏离值达到7的前三只证券	20201229	星期二
78	603429	集友股份	1家机构卖出，成功率31.97	29.72	-3.82	-1713.22	7386.31	9099.52	16485.83	26707.95	-6.41	61.73	2.35	111	有价格涨跌幅限制的日价格振幅达到15的前三只证券	20201229	星期二
79	603665	康隆达	浙江资金卖出，成功率40.77	27.13	-9.99	323.93	19437.29	19113.36	38550.65	82809.10	0.39	46.55	0.52	43	非ST、*ST和S证券连续三个交易日内收盘价格跌幅偏离值累计达到20的证券	20201229	星期二
80	603906	龙蟠科技	1家机构买入，成功率45.18	31.65	10.01	3578.65	15682.73	12104.08	27786.81	80377.89	4.45	34.57	5.86	109	非ST、*ST和S证券连续三个交易日内收盘价格涨幅偏离值累计达到20的证券	20201229	星期二
81	605088	冠盛股份	实力游资买入，成功率35.80	22.54	7.18	304.41	3991.43	3687.02	7678.45	47297.75	0.64	16.23	21.70	9	非ST、*ST和S证券连续三个交易日内收盘价格涨幅偏离值累计达到20的证券	20201229	星期二
82	605186	健麾信息	上海资金买入，成功率43.89	32.95	10.02	6074.65	10847.14	4772.49	15619.63	23049.47	26.35	67.77	19.35	11	非ST、*ST和S证券连续三个交易日内收盘价格涨幅偏离值累计达到20的证券	20201229	星期二
83	605376	博迁新材	实力游资卖出，成功率50.97	40.55	-9.85	5388.20	17925.88	12537.68	30463.56	96027.84	5.61	31.72	33.85	27	有价格涨跌幅限制的日换手率达到20的前三只证券	20201229	星期二
84	688788	科思科技	3家机构卖出，成功率40.35	128.11	-12.49	-8921.35	9183.27	18104.62	27287.88	115808.98	-7.70	23.56	18.98	21	有价格涨跌幅限制的连续3个交易日内收盘价格跌幅偏离值累计达到30的证券	20201229	星期二
85	900947	振华Ｂ股	实力游资买入，成功率73.33	0.25	8.26	9.01	38.05	29.04	67.09	135.36	6.66	49.56	0.28	4	有价格涨跌幅限制的日收盘价格涨幅偏离值达到7的前三只证券	20201229	星期二
