1	000521	长虹美菱	买一主买，成功率42.49	3.74	10.00	5628.07	6802.93	1174.86	7977.79	19353.74	29.08	41.22	6.07	33	日涨幅偏离值达到7的前5只证券	20201209	星期三
2	000536	*ST华映	福建资金买入，成功率42.46	2.61	3.57	2019.46	7362.45	5342.99	12705.44	49428.02	4.09	25.70	3.03	72	连续三个交易日内，涨幅偏离值累计达到12的ST证券、*ST证券和未完成股改证券	20201209	星期三
3	000593	大通燃气	买一主买，成功率31.54	6.30	9.95	2782.42	4654.59	1872.17	6526.76	32195.42	8.64	20.27	14.48	23	日涨幅偏离值达到7的前5只证券	20201209	星期三
4	000737	ST南风	主力做T，成功率19.33	4.72	3.96	-283.67	965.39	1249.06	2214.46	12294.93	-2.31	18.01	2.02	26	连续三个交易日内，涨幅偏离值累计达到12的ST证券、*ST证券和未完成股改证券	20201209	星期三
5	000798	中水渔业	西藏自治区资金买入，成功率29.77	11.84	4.04	-615.99	4394.65	5010.65	9405.30	66691.90	-0.92	14.10	18.89	38	日振幅值达到15的前5只证券	20201209	星期三
6	000893	亚钾国际	1家机构卖出，成功率41.19	9.01	-1.10	-436.56	3228.27	3664.83	6893.11	19893.95	-2.19	34.65	5.30	36	日振幅值达到15的前5只证券	20201209	星期三
7	000923	河钢资源	2家机构买入，成功率49.73	25.75	7.29	1879.05	11471.00	9591.95	21062.95	59544.28	3.16	35.37	3.77	162	日涨幅偏离值达到7的前5只证券	20201209	星期三
8	000939	凯迪退	实力游资卖出，成功率31.21	0.15	-6.25	14.21	152.04	137.83	289.88	555.74	2.56	52.16	1.19	5	退市整理期	20201209	星期三
9	002123	梦网集团	实力游资卖出，成功率41.27	16.79	-10.02	-6091.19	6388.03	12479.22	18867.25	54847.51	-11.11	34.40	4.75	111	日跌幅偏离值达到7的前5只证券	20201209	星期三
10	002245	澳洋顺昌	1家机构卖出，成功率42.54	10.23	-10.03	-4469.07	3773.75	8242.82	12016.57	40640.72	-11.00	29.57	4.21	93	日跌幅偏离值达到7的前5只证券	20201209	星期三
11	002283	天润工业	4家机构卖出，成功率45.07	5.99	-10.06	-6236.76	2988.51	9225.27	12213.77	34961.40	-17.84	34.94	5.66	59	日跌幅偏离值达到7的前5只证券	20201209	星期三
12	002488	金固股份	浙江资金卖出，成功率43.54	8.26	-10.02	-306.58	7327.83	7634.42	14962.25	39593.75	-0.77	37.79	5.76	67	日跌幅偏离值达到7的前5只证券	20201209	星期三
13	002568	百润股份	4家机构买入，成功率48.98	87.89	10.00	1232.73	18236.74	17004.02	35240.76	57641.47	2.14	61.14	1.96	306	日涨幅偏离值达到7的前5只证券	20201209	星期三
14	002575	*ST群兴	实力游资买入，成功率21.90	3.49	5.12	102.21	1075.83	973.61	2049.44	4842.49	2.11	42.32	1.12	21	连续三个交易日内，涨幅偏离值累计达到12的ST证券、*ST证券	20201209	星期三
15	002612	朗姿股份	1家机构买入，成功率41.99	17.58	10.01	-4122.50	9305.53	13428.04	22733.57	78221.10	-5.27	29.06	17.30	46	日涨幅偏离值达到7的前5只证券	20201209	星期三
16	002636	金安国纪	实力游资卖出，成功率38.96	10.97	-10.01	-6626.89	5427.99	12054.88	17482.88	90908.26	-7.29	19.23	11.15	79	日跌幅偏离值达到7的前5只证券	20201209	星期三
17	002646	青青稞酒	实力游资买入，成功率40.79	19.06	9.98	-1311.34	8898.30	10209.64	19107.95	105283.69	-1.25	18.15	12.93	86	日涨幅偏离值达到7的前5只证券	20201209	星期三
18	002646	青青稞酒	1家机构买入，成功率38.16	19.06	9.98	465.40	11667.50	11202.10	22869.59	174582.03	0.27	13.10	12.93	86	连续三个交易日内，涨幅偏离值累计达到20的证券	20201209	星期三
19	002647	仁东控股	卖一主卖，成功率40.27	18.88	-10.01	-3512.18	535.94	4048.12	4584.07	4067.47	-86.35	112.70	0.21	106	连续三个交易日内，跌幅偏离值累计达到20的证券	20201209	星期三
20	002652	扬子新材	1家机构卖出，成功率34.62	3.82	-3.78	-2341.73	1488.66	3830.39	5319.05	28242.50	-8.29	18.83	5.23	17	连续三个交易日内，跌幅偏离值累计达到20的证券	20201209	星期三
21	002919	名臣健康	1家机构买入，成功率49.30	42.28	9.99	-665.85	3102.31	3768.16	6870.47	14061.16	-4.74	48.86	7.57	19	日涨幅偏离值达到7的前5只证券	20201209	星期三
22	002948	青岛银行	实力游资卖出，成功率33.93	6.02	-2.59	-8345.98	6264.61	14610.59	20875.19	102728.52	-8.12	20.32	27.74	36	日换手率达到20的前5只证券	20201209	星期三
23	002996	顺博合金	3家机构卖出，成功率44.45	15.86	-1.43	-204.93	2223.08	2428.01	4651.09	22090.74	-0.93	21.05	25.92	8	日换手率达到20的前5只证券	20201209	星期三
24	003004	声迅股份	西藏自治区资金卖出，成功率55.40	43.18	-9.99	157.42	2423.78	2266.36	4690.13	32629.65	0.48	14.37	35.56	9	日换手率达到20的前5只证券	20201209	星期三
25	003022	联泓新科	实力游资买入，成功率51.81	18.15	10.00	8601.23	11118.74	2517.51	13636.25	99759.98	8.62	13.67	37.83	27	日涨幅偏离值达到7的前5只证券	20201209	星期三
26	003022	联泓新科	实力游资买入，成功率51.81	18.15	10.00	8601.23	11118.74	2517.51	13636.25	99759.98	8.62	13.67	37.83	27	日换手率达到20的前5只证券	20201209	星期三
27	300064	ST金刚	西藏自治区资金买入，成功率32.99	5.35	7.43	636.71	9162.45	8525.74	17688.20	202886.37	0.31	8.72	26.88	37	连续三个交易日内，涨幅偏离值累计达到30的证券	20201209	星期三
28	300389	艾比森	1家机构买入，成功率45.39	12.35	20.02	2923.29	5486.33	2563.04	8049.38	37886.71	7.72	21.25	19.55	20	日涨幅达到15的前5只证券	20201209	星期三
29	300461	田中精机	1家机构买入，成功率43.66	20.59	19.99	1505.37	2766.35	1260.97	4027.32	16894.05	8.91	23.84	12.54	14	日涨幅达到15的前5只证券	20201209	星期三
30	300503	昊志机电	1家机构卖出，成功率16.90	12.72	-13.59	-31514.22	5919.75	37433.97	43353.71	84482.90	-37.30	51.32	35.94	24	日换手率达到30的前5只证券	20201209	星期三
31	300503	昊志机电	1家机构卖出，成功率22.77	12.72	-13.59	-31165.14	9151.84	40316.98	49468.82	112233.57	-27.77	44.08	35.94	24	连续三个交易日内，跌幅偏离值累计达到30的证券	20201209	星期三
32	300752	隆利科技	西藏自治区资金卖出，成功率26.02	40.75	-13.37	170.23	3603.33	3433.09	7036.42	56018.10	0.30	12.56	39.19	13	日换手率达到30的前5只证券	20201209	星期三
33	300793	佳禾智能	1家机构买入，成功率56.69	24.32	19.98	352.37	4976.98	4624.62	9601.60	46732.27	0.75	20.55	19.71	25	日涨幅达到15的前5只证券	20201209	星期三
34	300849	锦盛新材	1家机构卖出，成功率39.62	31.59	-2.74	-3070.09	1752.08	4822.17	6574.26	29510.82	-10.40	22.28	36.43	8	日换手率达到30的前5只证券	20201209	星期三
35	600098	广州发展	成功率90.00	6.04	-0.66	1484.51	1484.51	-	1484.51	2611.93	56.84	56.84	0.16	165	单只标的证券的当日融资买入数量达到当日该证券总交易量的50％以上	20201209	星期三
36	600363	联创光电	实力游资卖出，成功率40.08	24.40	-10.00	-9180.87	13654.30	22835.17	36489.48	92077.16	-9.97	39.63	8.28	108	有价格涨跌幅限制的日收盘价格跌幅偏离值达到7的前三只证券	20201209	星期三
37	600403	大有能源	实力游资买入，成功率55.44	4.36	10.10	1258.37	4687.68	3429.32	8117.00	26624.66	4.73	30.49	2.63	104	有价格涨跌幅限制的日收盘价格涨幅偏离值达到7的前三只证券	20201209	星期三
38	600509	天富能源	实力游资买入，成功率27.80	5.23	10.11	3914.86	5418.59	1503.73	6922.32	11134.00	35.16	62.17	1.85	60	有价格涨跌幅限制的日收盘价格涨幅偏离值达到7的前三只证券	20201209	星期三
39	600593	大连圣亚	卖一主卖，成功率35.05	24.50	-9.99	-2880.71	908.71	3789.41	4698.12	3801.66	-75.77	123.58	1.21	32	有价格涨跌幅限制的日收盘价格跌幅偏离值达到7的前三只证券	20201209	星期三
40	600792	云煤能源	实力游资买入，成功率40.80	3.71	10.09	2665.93	3435.81	769.88	4205.69	9343.66	28.53	45.01	2.58	37	有价格涨跌幅限制的日收盘价格涨幅偏离值达到7的前三只证券	20201209	星期三
41	600805	悦达投资	实力游资买入，成功率41.13	5.54	9.92	3584.59	6688.88	3104.29	9793.17	35636.13	10.06	27.48	3.02	47	非ST、*ST和S证券连续三个交易日内收盘价格涨幅偏离值累计达到20的证券	20201209	星期三
42	600844	丹化科技	西藏自治区资金买入，成功率26.04	4.43	3.99	-3798.85	3233.68	7032.53	10266.21	61840.63	-6.14	16.60	18.01	36	有价格涨跌幅限制的日价格振幅达到15的前三只证券	20201209	星期三
43	601015	陕西黑猫	实力游资买入，成功率30.62	4.21	9.92	-2692.42	2788.21	5480.63	8268.84	28147.10	-9.57	29.38	3.02	69	非ST、*ST和S证券连续三个交易日内收盘价格涨幅偏离值累计达到20的证券	20201209	星期三
44	603025	大豪科技	买一主买，成功率41.39	10.52	10.04	799.16	1683.48	884.33	2567.81	1683.48	47.47	152.53	0.04	97	非ST、*ST和S证券连续三个交易日内收盘价格涨幅偏离值累计达到20的证券	20201209	星期三
45	603655	朗博科技	卖一主卖，成功率34.59	29.97	-10.00	-6509.66	10602.53	17112.20	27714.73	49146.55	-13.25	56.39	47.61	10	有价格涨跌幅限制的日收盘价格跌幅偏离值达到7的前三只证券	20201209	星期三
46	603655	朗博科技	卖一主卖，成功率34.59	29.97	-10.00	-6509.66	10602.53	17112.20	27714.73	49146.55	-13.25	56.39	47.61	10	有价格涨跌幅限制的日换手率达到20的前三只证券	20201209	星期三
47	605183	确成股份	买一主买，成功率62.02	25.06	10.01	671.88	705.04	33.16	738.20	705.04	95.30	104.70	0.30	12	非ST、*ST和S证券连续三个交易日内收盘价格涨幅偏离值累计达到20的证券	20201209	星期三
48	605258	协和电子	实力游资买入，成功率39.28	54.51	7.05	1285.84	5516.39	4230.55	9746.94	75887.15	1.69	12.84	66.41	12	有价格涨跌幅限制的日价格振幅达到15的前三只证券	20201209	星期三
49	605258	协和电子	实力游资买入，成功率39.28	54.51	7.05	1285.84	5516.39	4230.55	9746.94	75887.15	1.69	12.84	66.41	12	有价格涨跌幅限制的日换手率达到20的前三只证券	20201209	星期三
50	605266	健之佳	实力游资卖出，成功率49.15	158.00	-6.54	-3983.09	6634.75	10617.84	17252.58	109536.50	-3.64	15.75	50.43	21	有价格涨跌幅限制的日换手率达到20的前三只证券	20201209	星期三
