1	000027	深圳能源	实力游资买入，成功率38.26	6.38	10.00	-17492.49	17571.04	35063.53	52634.57	124692.60	-14.03	42.21	4.18	304	日涨幅偏离值达到7的前5只证券	20201225	星期五
2	000521	长虹美菱	实力游资卖出，成功率35.29	5.41	-3.39	-3370.10	11745.06	15115.15	26860.21	152246.02	-2.21	17.64	29.55	47	日换手率达到20的前5只证券	20201225	星期五
3	000591	太阳能	浙江资金买入，成功率41.90	6.48	10.02	-11272.39	14839.22	26111.60	40950.82	170842.76	-6.60	23.97	13.46	132	日涨幅偏离值达到7的前5只证券	20201225	星期五
4	000593	大通燃气	买一主买，成功率50.27	6.70	10.02	2285.22	6220.11	3934.89	10154.99	47309.33	4.83	21.47	11.89	24	连续三个交易日内，涨幅偏离值累计达到20的证券	20201225	星期五
5	000713	丰乐种业	西藏自治区资金买入，成功率39.98	15.69	0.64	-2812.83	12369.20	15182.03	27551.23	217910.43	-1.29	12.64	35.71	63	日振幅值达到15的前5只证券	20201225	星期五
6	000713	丰乐种业	西藏自治区资金买入，成功率39.98	15.69	0.64	-2812.83	12369.20	15182.03	27551.23	217910.43	-1.29	12.64	35.71	63	日换手率达到20的前5只证券	20201225	星期五
7	000767	晋控电力	主力做T，成功率42.96	3.21	9.93	2046.71	7049.27	5002.57	12051.84	71654.46	2.86	16.82	1.67	93	连续三个交易日内，涨幅偏离值累计达到20的证券	20201225	星期五
8	000791	甘肃电投	买一主买，成功率47.41	4.98	9.93	1095.27	7472.80	6377.53	13850.33	67540.64	1.62	20.51	10.32	68	日涨幅偏离值达到7的前5只证券	20201225	星期五
9	000791	甘肃电投	1家机构买入，成功率56.25	4.98	9.93	-645.93	16033.64	16679.57	32713.21	168208.34	-0.38	19.45	10.32	68	连续三个交易日内，涨幅偏离值累计达到20的证券	20201225	星期五
10	000798	中水渔业	西藏自治区资金卖出，成功率31.09	13.30	-0.82	88.75	5716.21	5627.45	11343.66	87477.00	0.10	12.97	20.18	42	日振幅值达到15的前5只证券	20201225	星期五
11	000798	中水渔业	西藏自治区资金卖出，成功率31.09	13.30	-0.82	88.75	5716.21	5627.45	11343.66	87477.00	0.10	12.97	20.18	42	日换手率达到20的前5只证券	20201225	星期五
12	000813	德展健康	广东资金卖出，成功率56.79	4.86	-9.67	-3954.46	2567.36	6521.82	9089.18	21918.03	-18.04	41.47	1.94	108	日跌幅偏离值达到7的前5只证券	20201225	星期五
13	000899	赣能股份	实力游资买入，成功率32.13	7.26	10.00	-688.94	4551.98	5240.92	9792.90	47644.68	-1.45	20.55	6.82	71	日涨幅偏离值达到7的前5只证券	20201225	星期五
14	000927	*ST夏利	浙江资金买入，成功率39.11	5.33	4.92	-89.57	2297.09	2386.66	4683.74	21255.61	-0.42	22.04	0.67	85	连续三个交易日内，涨幅偏离值累计达到12的ST证券、*ST证券和未完成股改证券	20201225	星期五
15	000929	兰州黄河	卖一主卖，成功率35.71	10.53	-10.00	-2485.42	2185.26	4670.69	6855.95	27982.13	-8.88	24.50	14.17	20	日跌幅偏离值达到7的前5只证券	20201225	星期五
16	000995	皇台酒业	北京资金卖出，成功率39.30	24.54	-10.01	-33.81	7209.83	7243.64	14453.48	77448.62	-0.04	18.66	17.46	44	日跌幅偏离值达到7的前5只证券	20201225	星期五
17	000995	皇台酒业	1家机构卖出，成功率36.54	24.54	-10.01	-5483.40	15654.65	21138.05	36792.71	234765.93	-2.34	15.67	17.46	44	连续三个交易日内，跌幅偏离值累计达到20的证券	20201225	星期五
18	001896	豫能控股	1家机构买入，成功率47.91	9.45	10.01	6087.64	10833.75	4746.11	15579.86	89825.14	6.78	17.34	8.44	109	日涨幅偏离值达到7的前5只证券	20201225	星期五
19	001896	豫能控股	实力游资买入，成功率50.98	9.45	10.01	4713.21	14897.48	10184.27	25081.75	189300.15	2.49	13.25	8.44	109	连续三个交易日内，涨幅偏离值累计达到20的证券	20201225	星期五
20	002046	国机精工	主力做T，成功率42.16	10.29	10.05	1653.84	6554.29	4900.45	11454.74	52349.19	3.16	21.88	13.03	42	日涨幅偏离值达到7的前5只证券	20201225	星期五
21	002149	西部材料	2家机构卖出，成功率26.52	17.06	-1.56	-8553.55	9751.70	18305.25	28056.96	175089.71	-4.89	16.02	23.48	73	日振幅值达到15的前5只证券	20201225	星期五
22	002149	西部材料	2家机构卖出，成功率26.52	17.06	-1.56	-8553.55	9751.70	18305.25	28056.96	175089.71	-4.89	16.02	23.48	73	日换手率达到20的前5只证券	20201225	星期五
23	002245	蔚蓝锂芯	1家机构买入，成功率39.54	13.03	7.15	7070.11	16576.41	9506.30	26082.72	176337.49	4.01	14.79	15.71	119	日振幅值达到15的前5只证券	20201225	星期五
24	002355	兴民智通	1家机构卖出，成功率32.22	5.17	-6.51	-1958.48	1806.84	3765.32	5572.17	9896.48	-19.79	56.30	3.36	29	日跌幅偏离值达到7的前5只证券	20201225	星期五
25	002363	隆基机械	实力游资卖出，成功率47.96	6.79	-8.74	-3511.14	1555.08	5066.22	6621.31	33472.80	-10.49	19.78	11.82	28	日跌幅偏离值达到7的前5只证券	20201225	星期五
26	002389	航天彩虹	主力做T，成功率39.20	32.69	4.27	-3727.06	71141.60	74868.66	146010.27	592526.31	-0.63	24.64	13.91	206	连续三个交易日内，涨幅偏离值累计达到20的证券	20201225	星期五
27	002407	多氟多	1家机构买入，成功率44.48	20.31	10.02	6856.03	19636.11	12780.08	32416.20	197997.68	3.46	16.37	17.44	118	日涨幅偏离值达到7的前5只证券	20201225	星期五
28	002460	赣锋锂业	2家机构买入，成功率44.22	108.88	10.00	576.02	44237.69	43661.67	87899.36	368572.00	0.16	23.85	4.40	877	日涨幅偏离值达到7的前5只证券	20201225	星期五
29	002501	*ST利源	吉林资金买入，成功率37.78	2.51	5.02	983.67	2512.54	1528.87	4041.41	8427.53	11.67	47.95	0.93	28	连续三个交易日内，涨幅偏离值累计达到12的ST证券、*ST证券	20201225	星期五
30	002564	天沃科技	主力做T，成功率49.06	4.48	10.07	1328.77	6352.89	5024.12	11377.01	42106.63	3.16	27.02	8.16	39	连续三个交易日内，涨幅偏离值累计达到20的证券	20201225	星期五
31	002610	爱康科技	1家机构买入，成功率50.89	2.93	10.15	5674.20	17501.50	11827.30	29328.79	140905.88	4.03	20.81	11.30	129	日涨幅偏离值达到7的前5只证券	20201225	星期五
32	002612	朗姿股份	1家机构买入，成功率42.21	20.56	2.80	-894.20	7511.53	8405.73	15917.25	113175.27	-0.79	14.06	21.03	54	日换手率达到20的前5只证券	20201225	星期五
33	002646	青青稞酒	实力游资卖出，成功率45.97	20.60	-9.93	-9232.02	7999.24	17231.25	25230.49	123480.90	-7.48	20.43	12.95	93	日跌幅偏离值达到7的前5只证券	20201225	星期五
34	002646	青青稞酒	卖一主卖，成功率32.56	20.60	-9.93	-7020.54	15323.63	22344.17	37667.80	222343.22	-3.16	16.94	12.95	93	连续三个交易日内，跌幅偏离值累计达到20的证券	20201225	星期五
35	002647	仁东控股	主力做T，成功率32.52	12.32	-5.30	-13437.11	29428.17	42865.27	72293.44	498218.62	-2.70	14.51	19.51	69	连续三个交易日内，跌幅偏离值累计达到20的证券	20201225	星期五
36	002699	美盛文化	卖一主卖，成功率35.17	6.06	-9.96	-1472.46	2015.29	3487.75	5503.04	14187.74	-10.38	38.79	2.54	55	日跌幅偏离值达到7的前5只证券	20201225	星期五
37	002756	永兴材料	2家机构买入，成功率45.30	50.55	3.21	6666.06	17458.20	10792.14	28250.34	86964.67	7.67	32.48	7.72	119	日振幅值达到15的前5只证券	20201225	星期五
38	002778	高科石化	1家机构卖出，成功率38.00	24.82	-4.06	-473.80	2177.56	2651.36	4828.92	6485.64	-7.31	74.46	4.00	16	日振幅值达到15的前5只证券	20201225	星期五
39	002898	赛隆药业	实力游资卖出，成功率43.19	11.32	-4.15	-1205.63	3943.19	5148.82	9092.01	11047.09	-10.91	82.30	8.82	11	日振幅值达到15的前5只证券	20201225	星期五
40	002910	庄园牧场	1家机构卖出，成功率45.68	9.44	-9.49	53.21	1021.93	968.73	1990.66	9206.77	0.58	21.62	7.50	12	日跌幅偏离值达到7的前5只证券	20201225	星期五
41	003009	中天火箭	实力游资买入，成功率48.65	66.33	10.00	2651.98	9140.28	6488.30	15628.58	99868.26	2.66	15.65	39.72	26	日涨幅偏离值达到7的前5只证券	20201225	星期五
42	003009	中天火箭	实力游资买入，成功率52.18	66.33	10.00	5353.24	13064.90	7711.66	20776.56	153142.96	3.50	13.57	39.72	26	连续三个交易日内，涨幅偏离值累计达到20的证券	20201225	星期五
43	003009	中天火箭	实力游资买入，成功率48.65	66.33	10.00	2651.98	9140.28	6488.30	15628.58	99868.26	2.66	15.65	39.72	26	日换手率达到20的前5只证券	20201225	星期五
44	003015	日久光电	主力做T，成功率32.65	15.75	7.07	-3334.79	4750.01	8084.80	12834.82	26350.78	-12.66	48.71	23.82	11	日换手率达到20的前5只证券	20201225	星期五
45	003023	彩虹集团	买一主买，成功率56.11	38.20	4.14	1246.76	2693.75	1446.99	4140.74	24632.05	5.06	16.81	31.34	8	日换手率达到20的前5只证券	20201225	星期五
46	300038	数知科技	1家机构卖出，成功率24.94	3.79	-12.67	1379.62	5372.49	3992.87	9365.37	56841.51	2.43	16.48	11.51	44	连续三个交易日内，跌幅偏离值累计达到30的证券	20201225	星期五
47	300182	捷成股份	2家机构卖出，成功率40.90	3.70	-20.09	-5536.79	4326.57	9863.36	14189.93	36139.96	-15.32	39.26	4.66	73	日跌幅达到15的前5只证券	20201225	星期五
48	300392	腾信股份	1家机构买入，成功率38.73	9.94	20.05	2490.52	3774.76	1284.24	5059.00	12528.39	19.88	40.38	4.51	29	日涨幅达到15的前5只证券	20201225	星期五
49	300609	汇纳科技	1家机构买入，成功率43.39	18.25	16.09	-137.25	2488.97	2626.22	5115.19	20720.66	-0.66	24.69	13.04	16	日涨幅达到15的前5只证券	20201225	星期五
50	300618	寒锐钴业	1家机构买入，成功率45.82	90.48	19.38	2615.90	21069.32	18453.42	39522.75	234314.61	1.12	16.87	14.79	170	日涨幅达到15的前5只证券	20201225	星期五
51	300920	润阳科技	买一主买，成功率29.80	44.86	66.58	7237.10	8862.15	1625.05	10487.19	71800.77	10.08	14.61	63.71	11	无价格涨跌幅限制的证券	20201225	星期五
52	300922	天秦装备	实力游资买入，成功率32.86	37.30	132.40	2699.40	4168.15	1468.75	5636.90	72349.13	3.73	7.79	67.40	10	无价格涨跌幅限制的证券	20201225	星期五
53	600059	古越龙山	实力游资卖出，成功率23.31	13.53	-9.98	-3626.83	12808.38	16435.20	29243.58	211218.04	-1.72	13.85	14.12	109	非ST、*ST和S证券连续三个交易日内收盘价格跌幅偏离值累计达到20的证券	20201225	星期五
54	600197	伊力特	1家机构卖出，成功率44.02	26.62	-3.97	3434.68	40138.06	36703.38	76841.45	519292.44	0.66	14.80	10.61	116	非ST、*ST和S证券连续三个交易日内收盘价格跌幅偏离值累计达到20的证券	20201225	星期五
55	600199	金种子酒	实力游资买入，成功率46.03	19.77	1.02	6468.02	26016.90	19548.89	45565.79	303822.26	2.13	15.00	26.10	120	有价格涨跌幅限制的日价格振幅达到15的前三只证券	20201225	星期五
56	600292	远达环保	实力游资买入，成功率63.99	8.50	9.96	4859.39	10356.42	5497.03	15853.45	67227.73	7.23	23.58	7.47	66	非ST、*ST和S证券连续三个交易日内收盘价格涨幅偏离值累计达到20的证券	20201225	星期五
57	600333	长春燃气	实力游资买入，成功率46.35	6.96	9.95	3956.14	6740.85	2784.72	9525.57	71659.79	5.52	13.29	3.53	42	非ST、*ST和S证券连续三个交易日内收盘价格涨幅偏离值累计达到20的证券	20201225	星期五
58	600403	大有能源	浙江资金买入，成功率45.30	5.12	10.11	-15662.21	8227.95	23890.16	32118.11	73173.06	-21.40	43.89	2.13	122	非ST、*ST和S证券连续三个交易日内收盘价格涨幅偏离值累计达到20的证券	20201225	星期五
59	600537	亿晶光电	买一主买，成功率44.63	5.67	10.10	2310.32	11753.43	9443.11	21196.55	155531.53	1.49	13.63	21.53	67	非ST、*ST和S证券连续三个交易日内收盘价格涨幅偏离值累计达到20的证券	20201225	星期五
60	600543	莫高股份	卖一主卖，成功率34.70	9.40	-9.96	-4634.06	5985.00	10619.06	16604.06	91430.40	-5.07	18.16	18.85	30	非ST、*ST和S证券连续三个交易日内收盘价格跌幅偏离值累计达到20的证券	20201225	星期五
61	600617	国新能源	实力游资买入，成功率52.63	4.90	10.11	-4154.07	3464.44	7618.51	11082.95	17765.99	-23.38	62.38	3.75	48	有价格涨跌幅限制的日收盘价格涨幅偏离值达到7的前三只证券	20201225	星期五
62	600731	湖南海利	卖一主卖，成功率41.11	9.98	-10.01	-229.37	12147.34	12376.71	24524.05	32860.26	-0.70	74.63	10.07	33	有价格涨跌幅限制的日收盘价格跌幅偏离值达到7的前三只证券	20201225	星期五
63	600731	湖南海利	实力游资卖出，成功率43.33	9.98	-10.01	253.21	13432.23	13179.03	26611.26	47826.18	0.53	55.64	10.07	33	非ST、*ST和S证券连续三个交易日内收盘价格跌幅偏离值累计达到20的证券	20201225	星期五
64	600798	宁波海运	实力游资买入，成功率26.39	4.46	10.12	-601.90	4507.35	5109.25	9616.60	45066.06	-1.34	21.34	10.44	46	有价格涨跌幅限制的日收盘价格涨幅偏离值达到7的前三只证券	20201225	星期五
65	600844	丹化科技	实力游资买入，成功率35.58	4.03	10.11	-4217.57	3057.36	7274.94	10332.30	43206.31	-9.76	23.91	13.59	33	有价格涨跌幅限制的日收盘价格涨幅偏离值达到7的前三只证券	20201225	星期五
66	600956	新天绿能	实力游资买入，成功率28.67	10.69	9.98	2598.11	6623.62	4025.52	10649.14	81708.30	3.18	13.03	25.22	14	非ST、*ST和S证券连续三个交易日内收盘价格涨幅偏离值累计达到20的证券	20201225	星期五
67	601187	厦门银行	买一主买，成功率36.18	12.70	2.42	-25.39	7394.27	7419.66	14813.93	105701.05	-0.02	14.01	31.71	34	有价格涨跌幅限制的日换手率达到20的前三只证券	20201225	星期五
68	601579	会稽山	实力游资卖出，成功率31.38	12.37	-9.97	-4571.94	4510.82	9082.75	13593.57	79444.09	-5.75	17.11	10.23	62	非ST、*ST和S证券连续三个交易日内收盘价格跌幅偏离值累计达到20的证券	20201225	星期五
69	601956	N东贝	买一主买，成功率57.78	13.40	37.15	15.38	5768.05	5752.66	11520.71	35524.16	0.04	32.43	13.32	28	无价格涨跌幅限制的证券	20201225	星期五
70	601956	N东贝	买一主买，成功率57.78	13.40	37.15	15.38	5768.05	5752.66	11520.71	35524.16	0.04	32.43	13.32	28	当日无价格涨跌幅限制的A股，出现异常波动停牌的	20201225	星期五
71	603066	音飞储存	买一主买，成功率43.85	9.26	4.28	1264.78	2621.35	1356.57	3977.92	14890.12	8.49	26.72	5.24	28	有价格涨跌幅限制的日价格振幅达到15的前三只证券	20201225	星期五
72	603110	东方材料	买一主买，成功率42.74	29.57	10.01	1189.23	6108.79	4919.56	11028.35	33939.85	3.50	32.49	8.44	43	有价格涨跌幅限制的日价格振幅达到15的前三只证券	20201225	星期五
73	603110	东方材料	实力游资买入，成功率44.82	29.57	10.01	-11253.98	9665.25	20919.23	30584.48	86482.42	-13.01	35.36	8.44	43	非ST、*ST和S证券连续三个交易日内收盘价格涨幅偏离值累计达到20的证券	20201225	星期五
74	603185	上机数控	上海资金买入，成功率41.20	148.00	9.17	4910.05	36138.60	31228.55	67367.15	326429.05	1.50	20.64	13.21	86	非ST、*ST和S证券连续三个交易日内收盘价格涨幅偏离值累计达到20的证券	20201225	星期五
75	603222	济民制药	卖一主卖，成功率52.29	17.99	-10.01	-509.66	304.21	813.87	1118.08	813.87	-62.62	137.38	0.14	58	有价格涨跌幅限制的日收盘价格跌幅偏离值达到7的前三只证券	20201225	星期五
76	603332	苏州龙杰	广东资金卖出，成功率50.90	17.61	-9.04	-1199.87	2700.09	3899.97	6600.06	23527.86	-5.10	28.05	44.18	5	有价格涨跌幅限制的日换手率达到20的前三只证券	20201225	星期五
77	603386	广东骏亚	实力游资卖出，成功率35.83	15.35	-10.02	177.49	1107.75	930.27	2038.02	9220.60	1.92	22.10	2.81	32	有价格涨跌幅限制的日收盘价格跌幅偏离值达到7的前三只证券	20201225	星期五
78	603429	集友股份	实力游资卖出，成功率39.80	32.44	-9.99	1809.98	16698.35	14888.37	31586.72	70558.48	2.57	44.77	1.97	121	非ST、*ST和S证券连续三个交易日内收盘价格跌幅偏离值累计达到20的证券	20201225	星期五
79	603822	嘉澳环保	卖一主卖，成功率47.33	18.76	-9.98	-1039.98	194.58	1234.56	1429.14	1235.31	-84.19	115.69	0.42	14	非ST、*ST和S证券连续三个交易日内收盘价格跌幅偏离值累计达到20的证券	20201225	星期五
80	603896	寿仙谷	浙江资金卖出，成功率65.07	34.87	-7.92	-2319.80	8469.20	10789.00	19258.21	53493.15	-4.34	36.00	5.16	50	非ST、*ST和S证券连续三个交易日内收盘价格跌幅偏离值累计达到20的证券	20201225	星期五
81	605151	西上海	实力游资卖出，成功率28.69	22.84	-3.79	-3592.01	2425.42	6017.43	8442.86	33701.35	-10.66	25.05	41.97	8	有价格涨跌幅限制的日换手率达到20的前三只证券	20201225	星期五
82	605186	健麾信息	实力游资买入，成功率71.51	27.23	10.02	2652.63	3486.10	833.47	4319.58	5089.85	52.12	84.87	3.70	9	非ST、*ST和S证券连续三个交易日内收盘价格涨幅偏离值累计达到20的证券	20201225	星期五
83	688390	固德威	2家机构买入，成功率46.88	247.40	20.00	4781.18	14444.08	9662.90	24106.98	49592.23	9.64	48.61	10.67	50	有价格涨跌幅限制的日收盘价格涨幅达到15的前五只证券	20201225	星期五
84	688567	孚能科技	2家机构买入，成功率49.07	45.38	15.18	7541.09	19094.35	11553.27	30647.62	102745.16	7.34	29.83	16.42	66	有价格涨跌幅限制的日收盘价格涨幅达到15的前五只证券	20201225	星期五
85	688598	金博股份	1家机构买入，成功率40.35	200.01	13.00	7213.93	21754.65	14540.73	36295.38	161457.55	4.47	22.48	14.48	38	有价格涨跌幅限制的连续3个交易日内收盘价格涨幅偏离值累计达到30的证券	20201225	星期五
