1	000521	长虹美菱	实力游资买入，成功率39.95	4.52	9.98	-2184.60	7892.41	10077.01	17969.42	112539.06	-1.94	15.97	29.13	39	日涨幅偏离值达到7的前5只证券	20201211	星期五
2	000521	长虹美菱	实力游资买入，成功率39.95	4.52	9.98	-2184.60	7892.41	10077.01	17969.42	112539.06	-1.94	15.97	29.13	39	日换手率达到20的前5只证券	20201211	星期五
3	000538	云南白药	3家机构买入，成功率48.69	109.80	6.06	35887.87	66451.34	30563.46	97014.80	257375.72	13.94	37.69	3.91	661	日涨幅偏离值达到7的前5只证券	20201211	星期五
4	000615	奥园美谷	实力游资买入，成功率36.49	6.22	10.09	5054.43	8977.74	3923.31	12901.04	41012.48	12.32	31.46	8.79	48	日涨幅偏离值达到7的前5只证券	20201211	星期五
5	000779	甘咨询	1家机构买入，成功率38.83	11.00	10.00	1091.65	2174.06	1082.41	3256.48	9261.96	11.79	35.16	4.83	19	日涨幅偏离值达到7的前5只证券	20201211	星期五
6	000798	中水渔业	西藏自治区资金卖出，成功率33.95	9.59	-10.04	855.58	4316.68	3461.09	7777.77	43992.78	1.94	17.68	13.81	31	日跌幅偏离值达到7的前5只证券	20201211	星期五
7	000936	华西股份	浙江资金买入，成功率39.84	8.97	8.86	12878.15	16343.26	3465.11	19808.36	60490.31	21.29	32.75	7.83	79	日涨幅偏离值达到7的前5只证券	20201211	星期五
8	000939	凯迪退	实力游资买入，成功率39.03	0.15	0.00	-52.75	119.78	172.54	292.32	617.90	-8.54	47.31	1.41	5	退市整理期	20201211	星期五
9	002027	分众传媒	3家机构卖出，成功率48.37	9.43	-10.02	20676.84	88764.68	68087.84	156852.51	306957.23	6.74	51.10	2.19	1384	日跌幅偏离值达到7的前5只证券	20201211	星期五
10	002096	南岭民爆	实力游资卖出，成功率43.33	12.44	-9.99	15486.47	16935.21	1448.75	18383.96	24091.72	64.28	76.31	5.22	46	日跌幅偏离值达到7的前5只证券	20201211	星期五
11	002162	悦心健康	买一主买，成功率47.63	3.95	10.03	3725.10	5945.34	2220.25	8165.59	22235.44	16.75	36.72	6.89	34	日涨幅偏离值达到7的前5只证券	20201211	星期五
12	002292	奥飞娱乐	1家机构卖出，成功率40.65	7.22	-9.98	-1265.33	1958.08	3223.41	5181.49	22657.07	-5.58	22.87	3.73	59	日跌幅偏离值达到7的前5只证券	20201211	星期五
13	002316	亚联发展	实力游资买入，成功率25.78	5.59	10.04	795.59	1508.20	712.61	2220.82	1794.64	44.33	123.75	1.09	16	日涨幅偏离值达到7的前5只证券	20201211	星期五
14	002316	亚联发展	实力游资买入，成功率37.87	5.59	10.04	1620.71	2793.29	1172.57	3965.86	4464.84	36.30	88.82	1.09	16	连续三个交易日内，涨幅偏离值累计达到20的证券	20201211	星期五
15	002428	云南锗业	2家机构卖出，成功率75.00	14.55	-5.27	-5481.96	9945.37	15427.32	25372.69	100067.50	-5.48	25.36	10.47	94	日振幅值达到15的前5只证券	20201211	星期五
16	002488	金固股份	主力做T，成功率43.20	6.69	-9.96	-1296.65	7791.15	9087.80	16878.95	48627.55	-2.67	34.71	0.79	54	连续三个交易日内，跌幅偏离值累计达到20的证券	20201211	星期五
17	002549	凯美特气	主力做T，成功率40.99	9.09	1.68	-1910.67	8528.19	10438.85	18967.04	106134.58	-1.80	17.87	9.17	56	连续三个交易日内，涨幅偏离值累计达到20的证券	20201211	星期五
18	002553	南方轴承	主力做T，成功率54.59	9.80	2.73	-2280.61	8968.50	11249.11	20217.61	87224.53	-2.61	23.18	36.39	23	日换手率达到20的前5只证券	20201211	星期五
19	002612	朗姿股份	实力游资买入，成功率43.61	21.27	9.98	-2219.46	10343.49	12562.95	22906.45	125902.87	-1.76	18.19	24.20	56	日涨幅偏离值达到7的前5只证券	20201211	星期五
20	002612	朗姿股份	实力游资买入，成功率43.61	21.27	9.98	-2219.46	10343.49	12562.95	22906.45	125902.87	-1.76	18.19	24.20	56	日换手率达到20的前5只证券	20201211	星期五
21	002636	金安国纪	主力做T，成功率37.32	9.28	-5.98	-6499.31	11421.71	17921.01	29342.72	201465.33	-3.23	14.56	6.50	67	连续三个交易日内，跌幅偏离值累计达到20的证券	20201211	星期五
22	002696	百洋股份	1家机构买入，成功率48.64	6.90	10.05	5089.41	6605.56	1516.15	8121.71	11513.84	44.20	70.54	4.88	24	日涨幅偏离值达到7的前5只证券	20201211	星期五
23	002699	美盛文化	1家机构卖出，成功率41.48	7.02	-10.00	-606.02	2619.26	3225.28	5844.54	21392.64	-2.83	27.32	3.29	64	日跌幅偏离值达到7的前5只证券	20201211	星期五
24	002746	仙坛股份	2家机构买入，成功率47.37	12.68	5.75	2107.46	3437.34	1329.88	4767.22	19294.92	10.92	24.71	4.24	46	日涨幅偏离值达到7的前5只证券	20201211	星期五
25	002996	顺博合金	实力游资卖出，成功率33.88	14.84	-10.01	-2415.87	1382.31	3798.18	5180.50	24564.27	-9.83	21.09	29.94	8	日跌幅偏离值达到7的前5只证券	20201211	星期五
26	002996	顺博合金	实力游资卖出，成功率33.88	14.84	-10.01	-2415.87	1382.31	3798.18	5180.50	24564.27	-9.83	21.09	29.94	8	日换手率达到20的前5只证券	20201211	星期五
27	003004	声迅股份	1家机构卖出，成功率32.79	38.15	-3.98	-508.58	1106.83	1615.41	2722.24	17322.52	-2.94	15.72	21.70	8	日换手率达到20的前5只证券	20201211	星期五
28	003022	联泓新科	实力游资卖出，成功率34.59	19.28	-3.46	3138.32	12726.15	9587.84	22313.99	141134.26	2.22	15.81	47.32	28	日换手率达到20的前5只证券	20201211	星期五
29	003023	彩虹集团	浙江资金买入，成功率63.33	34.40	43.99	894.00	932.54	38.55	971.09	932.54	95.87	104.13	1.34	7	无价格涨跌幅限制的证券	20201211	星期五
30	003025	思进智能	主力做T，成功率61.90	30.73	44.00	585.98	614.25	28.27	642.52	614.25	95.40	104.60	0.99	6	无价格涨跌幅限制的证券	20201211	星期五
31	300307	慈星股份	1家机构卖出，成功率47.08	5.78	-17.66	-484.25	2545.35	3029.60	5574.95	17784.19	-2.72	31.35	3.71	45	日跌幅达到15的前5只证券	20201211	星期五
32	300313	天山生物	买一主买，成功率49.64	25.68	20.00	4824.11	10024.63	5200.52	15225.16	100907.80	4.78	15.09	22.26	47	日涨幅达到15的前5只证券	20201211	星期五
33	300589	江龙船艇	主力做T，成功率32.12	38.21	1.08	-6063.53	4133.25	10196.78	14330.03	111094.64	-5.46	12.90	30.22	36	日换手率达到30的前5只证券	20201211	星期五
34	300603	立昂技术	1家机构买入，成功率39.82	15.40	20.03	2840.73	6288.82	3448.09	9736.91	31008.66	9.16	31.40	9.13	35	日涨幅达到15的前5只证券	20201211	星期五
35	300752	隆利科技	1家机构买入，成功率45.92	50.77	20.00	6069.75	11696.09	5626.34	17322.43	78028.35	7.78	22.20	51.74	17	日涨幅达到15的前5只证券	20201211	星期五
36	300752	隆利科技	1家机构买入，成功率45.92	50.77	20.00	6069.75	11696.09	5626.34	17322.43	78028.35	7.78	22.20	51.74	17	日换手率达到30的前5只证券	20201211	星期五
37	300881	盛德鑫泰	1家机构卖出，成功率37.11	43.32	-6.76	-555.01	3768.06	4323.07	8091.13	39396.44	-1.41	20.54	37.94	10	日换手率达到30的前5只证券	20201211	星期五
38	300893	松原股份	1家机构买入，成功率55.19	48.21	12.77	1296.44	3994.27	2697.83	6692.10	46255.74	2.80	14.47	40.99	11	日换手率达到30的前5只证券	20201211	星期五
39	600336	澳柯玛	西藏自治区资金买入，成功率33.68	10.08	3.92	-1229.97	12659.22	13889.20	26548.42	279023.26	-0.44	9.51	16.03	79	非ST、*ST和S证券连续三个交易日内收盘价格涨幅偏离值累计达到20的证券	20201211	星期五
40	600381	青海春天	卖一主卖，成功率51.35	6.17	-10.06	-1474.89	1234.79	2709.67	3944.46	24023.03	-6.14	16.42	6.42	36	有价格涨跌幅限制的日收盘价格跌幅偏离值达到7的前三只证券	20201211	星期五
41	600382	广东明珠	实力游资买入，成功率54.37	6.44	10.09	-2816.36	6200.45	9016.81	15217.26	58906.03	-4.78	25.83	11.61	51	有价格涨跌幅限制的日收盘价格涨幅偏离值达到7的前三只证券	20201211	星期五
42	600382	广东明珠	实力游资买入，成功率54.13	6.44	10.09	-2217.01	7906.18	10123.19	18029.38	80966.99	-2.74	22.27	11.61	51	非ST、*ST和S证券连续三个交易日内收盘价格涨幅偏离值累计达到20的证券	20201211	星期五
43	600509	天富能源	浙江资金卖出，成功率30.89	4.93	-8.19	-1145.60	3998.18	5143.78	9141.96	63416.57	-1.81	14.42	10.51	57	有价格涨跌幅限制的日价格振幅达到15的前三只证券	20201211	星期五
44	600511	国药股份	西藏自治区资金买入，成功率31.41	61.37	4.55	-1754.17	60329.84	62084.01	122413.85	1068112.76	-0.16	11.46	11.37	340	非ST、*ST和S证券连续三个交易日内收盘价格涨幅偏离值累计达到20的证券	20201211	星期五
45	600791	京能置业	实力游资买入，成功率25.44	4.90	10.11	444.22	1645.79	1201.57	2847.35	11907.06	3.73	23.91	5.62	22	有价格涨跌幅限制的日收盘价格涨幅偏离值达到7的前三只证券	20201211	星期五
46	601966	N玲珑	4家机构买入，成功率45.60	32.65	0.28	13066.60	29344.86	16278.26	45623.12	52622.24	24.83	86.70	1.19	444	无价格涨跌幅限制的证券	20201211	星期五
47	603025	大豪科技	买一主买，成功率55.56	12.73	10.03	1430.07	2858.12	1428.04	4286.16	2858.12	50.04	149.96	0.24	117	有价格涨跌幅限制的日收盘价格涨幅偏离值达到7的前三只证券	20201211	星期五
48	603025	大豪科技	浙江资金买入，成功率52.22	12.73	10.03	2252.65	3683.85	1431.21	5115.06	3683.85	61.15	138.85	0.24	117	非ST、*ST和S证券连续三个交易日内收盘价格涨幅偏离值累计达到20的证券	20201211	星期五
49	603038	华立股份	实力游资卖出，成功率30.33	11.16	-0.89	-1299.58	892.04	2191.61	3083.65	10925.38	-11.90	28.22	5.08	21	有价格涨跌幅限制的日价格振幅达到15的前三只证券	20201211	星期五
50	603218	日月股份	4家机构卖出，成功率43.58	25.44	-10.01	-4471.19	8215.30	12686.48	20901.78	42507.24	-10.52	49.17	1.92	210	有价格涨跌幅限制的日收盘价格跌幅偏离值达到7的前三只证券	20201211	星期五
51	603655	朗博科技	实力游资卖出，成功率49.84	25.32	-6.12	-2544.32	4553.13	7097.45	11650.58	46508.72	-5.47	25.05	53.48	9	有价格涨跌幅限制的日换手率达到20的前三只证券	20201211	星期五
52	605183	确成股份	卖一主卖，成功率36.89	24.81	-10.01	-449.72	2070.66	2520.38	4591.05	10420.65	-4.32	44.06	8.06	12	有价格涨跌幅限制的日价格振幅达到15的前三只证券	20201211	星期五
53	605183	确成股份	卖一主卖，成功率36.89	24.81	-10.01	-449.72	2070.66	2520.38	4591.05	10420.65	-4.32	44.06	8.06	12	有价格涨跌幅限制的日收盘价格跌幅偏离值达到7的前三只证券	20201211	星期五
54	605258	协和电子	卖一主卖，成功率26.11	44.15	-10.01	-278.80	2517.41	2796.21	5313.62	38979.95	-0.72	13.63	39.37	10	有价格涨跌幅限制的日换手率达到20的前三只证券	20201211	星期五
55	605266	健之佳	实力游资买入，成功率43.33	143.00	0.56	-1841.99	4581.32	6423.31	11004.63	53416.49	-3.45	20.60	28.40	19	有价格涨跌幅限制的日换手率达到20的前三只证券	20201211	星期五
56	900938	海科B	卖一主卖，成功率47.27	0.25	-9.64	-2.22	28.03	30.25	58.28	110.84	-2.00	52.58	1.33	1	有价格涨跌幅限制的日收盘价格跌幅偏离值达到7的前三只证券	20201211	星期五
