1	000155	川能动力	主力做T，成功率56.44	6.81	10.02	323.92	8212.58	7888.66	16101.24	52221.92	0.62	30.83	6.22	86	日涨幅偏离值达到7的前5只证券	20201217	星期四
2	000571	*ST大洲	主力做T，成功率23.33	2.54	-4.87	51.95	1744.79	1692.84	3437.64	4905.14	1.06	70.08	0.54	20	连续三个交易日内，跌幅偏离值累计达到12的ST证券、*ST证券和未完成股改证券	20201217	星期四
3	000611	ST天首	实力游资卖出，成功率37.67	2.70	-4.26	-9.26	825.39	834.65	1660.05	4005.67	-0.23	41.44	2.20	9	异常期间价格跌幅偏离值累计达到-15.23	20201217	星期四
4	000611	ST天首	实力游资卖出，成功率37.67	2.70	-4.26	-9.26	825.39	834.65	1660.05	4006.00	-0.23	41.44	2.20	9	连续三个交易日内，跌幅偏离值累计达到12的ST证券、*ST证券和未完成股改证券	20201217	星期四
5	000687	*ST华讯	卖一主卖，成功率36.62	1.54	-4.94	-165.47	627.80	793.26	1421.06	2648.08	-6.25	53.66	0.44	12	异常期间价格跌幅偏离值累计达到-15.97	20201217	星期四
6	000687	*ST华讯	卖一主卖，成功率36.62	1.54	-4.94	-165.47	627.80	793.26	1421.06	2648.00	-6.25	53.67	0.44	12	连续三个交易日内，跌幅偏离值累计达到12的ST证券、*ST证券和未完成股改证券	20201217	星期四
7	000816	智慧农业	实力游资买入，成功率34.17	4.28	10.03	-6585.26	6519.46	13104.72	19624.18	109187.13	-6.03	17.97	19.61	57	日涨幅偏离值达到7的前5只证券	20201217	星期四
8	000923	河钢资源	1家机构买入，成功率48.73	28.27	10.00	4046.53	12917.92	8871.39	21789.31	53902.58	7.51	40.42	3.17	178	日涨幅偏离值达到7的前5只证券	20201217	星期四
9	000995	皇台酒业	买一主买，成功率29.60	34.10	10.00	2156.48	21246.15	19089.67	40335.82	124813.46	1.73	32.32	20.68	60	日涨幅偏离值达到7的前5只证券	20201217	星期四
10	000995	皇台酒业	买一主买，成功率29.60	34.10	10.00	2156.48	21246.15	19089.67	40335.82	124813.46	1.73	32.32	20.68	60	日换手率达到20的前5只证券	20201217	星期四
11	001896	豫能控股	实力游资买入，成功率40.18	5.51	9.98	-4030.66	5527.60	9558.27	15085.87	83821.40	-4.81	18.00	14.49	63	日振幅值达到15的前5只证券	20201217	星期四
12	001896	豫能控股	实力游资买入，成功率40.18	5.51	9.98	-4030.66	5527.60	9558.27	15085.87	83821.40	-4.81	18.00	14.49	63	日涨幅偏离值达到7的前5只证券	20201217	星期四
13	002042	华孚时尚	1家机构卖出，成功率47.58	4.55	-2.99	216.12	22335.64	22119.52	44455.17	84914.10	0.25	52.35	4.16	69	连续三个交易日内，跌幅偏离值累计达到20的证券	20201217	星期四
14	002058	威尔泰	实力游资买入，成功率32.44	14.58	5.50	-1143.03	1312.51	2455.54	3768.05	6528.84	-17.51	57.71	3.29	21	日振幅值达到15的前5只证券	20201217	星期四
15	002072	ST凯瑞	实力游资卖出，成功率25.39	4.07	-1.45	367.68	1226.37	858.69	2085.07	5391.19	6.82	38.68	1.86	6	连续三个交易日内，跌幅偏离值累计达到12的ST证券、*ST证券	20201217	星期四
16	002074	国轩高科	1家机构买入，成功率46.03	35.04	10.02	9660.50	51003.91	41343.41	92347.32	354565.42	2.72	26.05	8.86	413	日涨幅偏离值达到7的前5只证券	20201217	星期四
17	002173	创新医疗	广东资金卖出，成功率32.28	6.66	-10.00	-731.06	1030.90	1761.96	2792.87	9034.90	-8.09	30.91	3.59	25	日跌幅偏离值达到7的前5只证券	20201217	星期四
18	002175	ST东网	实力游资卖出，成功率3.33	1.06	-5.36	-619.22	467.98	1087.20	1555.19	4263.43	-14.52	36.48	2.43	8	连续三个交易日内，跌幅偏离值累计达到12的ST证券、*ST证券	20201217	星期四
19	002242	九阳股份	3家机构买入，成功率46.99	35.45	9.99	5356.55	10937.72	5581.17	16518.90	36401.15	14.72	45.38	1.39	271	日涨幅偏离值达到7的前5只证券	20201217	星期四
20	002447	*ST晨鑫	实力游资卖出，成功率46.19	2.23	-1.76	117.52	4970.43	4852.91	9823.34	24985.48	0.47	39.32	4.72	30	连续三个交易日内，跌幅偏离值累计达到12的ST证券、*ST证券	20201217	星期四
21	002470	*ST金正	卖一主卖，成功率39.51	1.05	-1.87	-3045.45	1902.61	4948.06	6850.66	27301.37	-11.15	25.09	2.93	30	连续三个交易日内，跌幅偏离值累计达到12的ST证券、*ST证券	20201217	星期四
22	002496	*ST辉丰	江苏资金卖出，成功率53.33	2.38	-4.80	-886.60	1590.23	2476.83	4067.06	9948.00	-8.91	40.88	1.27	23	连续三个交易日内，跌幅偏离值累计达到12的ST证券、*ST证券	20201217	星期四
23	002496	*ST辉丰	江苏资金卖出，成功率53.33	2.38	-4.80	-886.60	1590.23	2476.83	4067.06	9947.92	-8.91	40.88	1.27	23	异常期间价格跌幅偏离值累计达到-15.28	20201217	星期四
24	002510	天汽模	买一主买，成功率42.35	5.46	10.08	1157.88	8528.06	7370.19	15898.25	59804.47	1.94	26.58	15.09	42	日涨幅偏离值达到7的前5只证券	20201217	星期四
25	002513	*ST蓝丰	卖一主卖，成功率48.00	3.65	-1.88	-168.69	882.33	1051.02	1933.35	3679.63	-4.58	52.54	1.13	11	连续三个交易日内，跌幅偏离值累计达到12的ST证券、*ST证券	20201217	星期四
26	002537	海联金汇	实力游资买入，成功率51.55	7.87	10.07	4161.33	8445.84	4284.51	12730.35	34817.19	11.95	36.56	3.73	97	日涨幅偏离值达到7的前5只证券	20201217	星期四
27	002612	朗姿股份	1家机构卖出，成功率43.71	22.02	-7.28	4951.48	18047.17	13095.69	31142.86	157624.89	3.14	19.76	27.45	58	日换手率达到20的前5只证券	20201217	星期四
28	002618	丹邦科技	实力游资卖出，成功率30.33	5.47	-10.03	-458.37	641.09	1099.46	1740.54	6782.47	-6.76	25.66	2.26	30	日跌幅偏离值达到7的前5只证券	20201217	星期四
29	002618	丹邦科技	实力游资卖出，成功率40.95	5.47	-10.03	-597.65	5184.40	5782.05	10966.44	50878.46	-1.17	21.55	2.26	30	连续三个交易日内，跌幅偏离值累计达到20的证券	20201217	星期四
30	002634	棒杰股份	实力游资卖出，成功率59.28	7.58	-4.05	-472.89	2841.52	3314.41	6155.93	23539.35	-2.01	26.15	9.42	25	日振幅值达到15的前5只证券	20201217	星期四
31	002646	青青稞酒	1家机构卖出，成功率29.96	20.88	-2.16	-2551.79	10245.48	12797.27	23042.75	141637.93	-1.80	16.27	14.71	94	日振幅值达到15的前5只证券	20201217	星期四
32	002647	仁东控股	主力做T，成功率34.51	14.00	2.71	-57264.73	15999.84	73264.56	89264.40	278422.96	-20.57	32.06	38.45	78	日振幅值达到15的前5只证券	20201217	星期四
33	002647	仁东控股	主力做T，成功率34.51	14.00	2.71	-57264.73	15999.84	73264.56	89264.40	278422.96	-20.57	32.06	38.45	78	日换手率达到20的前5只证券	20201217	星期四
34	002674	兴业科技	卖一主卖，成功率28.89	12.55	-9.97	-770.44	498.99	1269.43	1768.42	1322.52	-58.26	133.72	0.36	36	日跌幅偏离值达到7的前5只证券	20201217	星期四
35	002731	萃华珠宝	实力游资卖出，成功率35.51	7.78	-4.89	-521.06	3057.23	3578.29	6635.52	21811.46	-2.39	30.42	12.13	17	日振幅值达到15的前5只证券	20201217	星期四
36	002756	永兴材料	3家机构买入，成功率49.78	38.04	10.01	10675.59	24686.68	14011.09	38697.77	76885.58	13.89	50.33	9.66	82	日涨幅偏离值达到7的前5只证券	20201217	星期四
37	002781	奇信股份	实力游资卖出，成功率40.00	15.05	-9.99	-457.28	3637.87	4095.15	7733.02	7901.94	-5.79	97.86	0.14	31	连续三个交易日内，跌幅偏离值累计达到20的证券	20201217	星期四
38	002795	永和智控	卖一主卖，成功率41.67	11.95	-10.02	-402.24	117.11	519.35	636.46	519.35	-77.45	122.55	0.24	21	日跌幅偏离值达到7的前5只证券	20201217	星期四
39	002795	永和智控	广东资金卖出，成功率43.87	11.95	-10.02	-1255.34	682.73	1938.07	2620.80	3211.45	-39.09	81.61	0.24	21	连续三个交易日内，跌幅偏离值累计达到20的证券	20201217	星期四
40	002858	力盛赛车	浙江资金卖出，成功率30.00	14.21	-10.01	-275.25	1278.19	1553.43	2831.62	3525.93	-7.81	80.31	2.50	14	日跌幅偏离值达到7的前5只证券	20201217	星期四
41	002862	实丰文化	买一主买，成功率27.26	12.49	3.82	1102.89	4677.76	3574.87	8252.63	18712.51	5.89	44.10	13.37	14	日换手率达到20的前5只证券	20201217	星期四
42	002996	顺博合金	2家机构买入，成功率49.74	15.80	10.03	1830.74	3691.30	1860.57	5551.87	25000.48	7.32	22.21	31.07	8	日换手率达到20的前5只证券	20201217	星期四
43	003023	彩虹集团	主力做T，成功率21.97	40.30	-9.96	365.12	3067.80	2702.68	5770.48	35582.51	1.03	16.22	42.88	8	日换手率达到20的前5只证券	20201217	星期四
44	300290	荣科科技	实力游资卖出，成功率32.84	5.01	-19.97	-4062.35	8634.99	12697.35	21332.34	53154.02	-7.64	40.13	19.95	26	日跌幅达到15的前5只证券	20201217	星期四
45	300290	荣科科技	实力游资卖出，成功率32.84	5.01	-19.97	-4932.62	8943.22	13875.84	22819.06	72366.11	-6.82	31.53	19.95	26	连续三个交易日内，跌幅偏离值累计达到30的证券	20201217	星期四
46	300340	科恒股份	2家机构买入，成功率47.95	12.90	16.22	1269.93	4683.37	3413.44	8096.81	43209.90	2.94	18.74	20.55	22	日涨幅达到15的前5只证券	20201217	星期四
47	300364	中文在线	2家机构买入，成功率44.99	8.24	15.24	1491.31	5838.82	4347.52	10186.34	36617.43	4.07	27.82	7.28	52	日涨幅达到15的前5只证券	20201217	星期四
48	300913	兆龙互连	2家机构买入，成功率44.11	39.01	6.29	3196.76	6389.18	3192.41	9581.59	38527.76	8.30	24.87	34.77	11	日换手率达到30的前5只证券	20201217	星期四
49	300916	朗特智能	实力游资买入，成功率45.42	136.92	20.00	2663.80	6166.71	3502.91	9669.62	59154.20	4.50	16.35	42.92	15	日涨幅达到15的前5只证券	20201217	星期四
50	300916	朗特智能	实力游资买入，成功率45.42	136.92	20.00	2663.80	6166.71	3502.91	9669.62	59154.20	4.50	16.35	42.92	15	日换手率达到30的前5只证券	20201217	星期四
51	600091	ST明科	实力游资卖出，成功率43.33	1.85	-5.13	-6.02	646.86	652.88	1299.74	2183.87	-0.28	59.52	0.58	8	ST、*ST和S证券连续三个交易日内收盘价格跌幅偏离值累计达到15的证券	20201217	星期四
52	600131	国网信通	3家机构卖出，成功率42.90	14.22	-7.84	-5562.35	6854.91	12417.26	19272.17	72104.14	-7.71	26.73	4.95	70	非ST、*ST和S证券连续三个交易日内收盘价格跌幅偏离值累计达到20的证券	20201217	星期四
53	600145	*ST新亿	卖一主卖，成功率31.98	1.24	-5.34	-113.77	492.55	606.31	1098.86	2829.28	-4.02	38.84	0.40	18	ST、*ST和S证券连续三个交易日内收盘价格跌幅偏离值累计达到15的证券	20201217	星期四
54	600146	*ST环球	实力游资卖出，成功率31.60	1.22	-4.69	-558.82	771.01	1329.83	2100.84	8708.64	-6.42	24.12	6.16	6	ST、*ST和S证券连续三个交易日内收盘价格跌幅偏离值累计达到15的证券	20201217	星期四
55	600189	泉阳泉	卖一主卖，成功率39.35	11.20	-4.68	-1298.54	11212.17	12510.71	23722.88	130774.65	-0.99	18.14	19.92	63	有价格涨跌幅限制的日价格振幅达到15的前三只证券	20201217	星期四
56	600225	*ST松江	天津资金卖出，成功率40.93	1.35	-4.93	-245.81	371.70	617.51	989.22	2651.12	-9.27	37.31	0.29	13	ST、*ST和S证券连续三个交易日内收盘价格跌幅偏离值累计达到15的证券	20201217	星期四
57	600247	*ST成城	实力游资卖出，成功率45.65	1.29	-5.15	-59.00	375.88	434.88	810.76	2110.25	-2.80	38.42	3.79	4	ST、*ST和S证券连续三个交易日内收盘价格跌幅偏离值累计达到15的证券	20201217	星期四
58	600327	大东方	实力游资买入，成功率42.35	4.59	10.07	1421.07	2790.82	1369.75	4160.58	12629.40	11.25	32.94	3.21	41	有价格涨跌幅限制的日收盘价格涨幅偏离值达到7的前三只证券	20201217	星期四
59	600393	粤泰股份	广东资金卖出，成功率21.74	2.18	-9.54	-6368.42	3597.26	9965.69	13562.95	42735.59	-14.90	31.74	14.81	22	非ST、*ST和S证券连续三个交易日内收盘价格跌幅偏离值累计达到20的证券	20201217	星期四
60	600555	*ST海创	卖一主卖，成功率30.15	1.36	-4.90	-573.46	241.93	815.39	1057.32	1593.21	-35.99	66.36	0.33	13	ST、*ST和S证券连续三个交易日内收盘价格跌幅偏离值累计达到15的证券	20201217	星期四
61	600595	*ST中孚	河南资金卖出，成功率47.78	2.47	-5.00	-593.33	503.43	1096.76	1600.19	1761.09	-33.69	90.86	0.19	43	ST、*ST和S证券连续三个交易日内收盘价格跌幅偏离值累计达到15的证券	20201217	星期四
62	600616	金枫酒业	西藏自治区资金买入，成功率24.00	9.13	0.11	-18.86	6355.75	6374.61	12730.35	113380.54	-0.02	11.23	18.39	61	有价格涨跌幅限制的日价格振幅达到15的前三只证券	20201217	星期四
63	600687	*ST刚泰	实力游资卖出，成功率28.51	0.56	-5.08	-40.52	58.24	98.76	157.00	181.88	-22.28	86.32	0.15	8	ST、*ST和S证券连续三个交易日内收盘价格跌幅偏离值累计达到15的证券	20201217	星期四
64	600798	宁波海运	买一主买，成功率38.60	3.80	10.14	3804.66	4561.48	756.83	5318.31	8774.76	43.36	60.61	2.29	39	有价格涨跌幅限制的日收盘价格涨幅偏离值达到7的前三只证券	20201217	星期四
65	601187	厦门银行	实力游资买入，成功率52.15	12.60	10.04	9126.17	17291.02	8164.85	25455.87	128517.35	7.10	19.81	40.54	33	有价格涨跌幅限制的日换手率达到20的前三只证券	20201217	星期四
66	601798	蓝科高新	实力游资卖出，成功率41.48	6.29	-7.36	-1037.50	2593.47	3630.97	6224.44	19204.09	-5.40	32.41	2.39	22	非ST、*ST和S证券连续三个交易日内收盘价格跌幅偏离值累计达到20的证券	20201217	星期四
67	603222	济民制药	卖一主卖，成功率58.33	33.85	-10.00	-260.64	92.75	353.39	446.14	353.39	-73.75	126.25	0.03	108	有价格涨跌幅限制的日收盘价格跌幅偏离值达到7的前三只证券	20201217	星期四
68	603222	济民制药	实力游资卖出，成功率56.71	33.85	-10.00	-505.91	1927.09	2433.00	4360.08	4904.81	-10.31	88.89	0.03	108	非ST、*ST和S证券连续三个交易日内收盘价格跌幅偏离值累计达到20的证券	20201217	星期四
69	603332	苏州龙杰	实力游资卖出，成功率50.00	32.04	-10.00	566.27	1225.67	659.40	1885.08	2321.46	24.39	81.20	2.28	10	有价格涨跌幅限制的日收盘价格跌幅偏离值达到7的前三只证券	20201217	星期四
70	603377	东方时尚	1家机构卖出，成功率49.80	17.27	-9.96	-697.03	5372.47	6069.50	11441.97	15815.71	-4.41	72.35	1.48	105	有价格涨跌幅限制的日收盘价格跌幅偏离值达到7的前三只证券	20201217	星期四
71	603520	司太立	5家机构卖出，成功率48.12	65.80	-9.80	-11953.64	20674.74	32628.38	53303.12	74179.78	-16.11	71.86	4.61	154	有价格涨跌幅限制的日价格振幅达到15的前三只证券	20201217	星期四
72	603655	朗博科技	实力游资卖出，成功率54.16	27.55	-0.11	-497.94	3428.49	3926.43	7354.92	37650.48	-1.32	19.53	41.38	9	有价格涨跌幅限制的日换手率达到20的前三只证券	20201217	星期四
73	603993	洛阳钼业	1家机构买入，成功率43.71	5.12	10.11	-28967.82	63974.52	92942.34	156916.85	398170.44	-7.28	39.41	4.53	904	有价格涨跌幅限制的日收盘价格涨幅偏离值达到7的前三只证券	20201217	星期四
74	605358	立昂微	实力游资买入，成功率37.70	135.61	6.78	-11777.01	10381.43	22158.44	32539.87	179936.98	-6.55	18.08	33.56	55	有价格涨跌幅限制的日换手率达到20的前三只证券	20201217	星期四
75	900917	海欣Ｂ股	买一主买，成功率36.68	0.34	9.03	26.53	47.47	20.94	68.41	102.01	26.01	67.05	0.65	1	有价格涨跌幅限制的日收盘价格涨幅偏离值达到7的前三只证券	20201217	星期四
76	900955	*ST海创B	实力游资卖出，成功率43.33	0.12	-4.76	-0.93	2.14	3.07	5.22	3.07	-30.22	169.79	0.02	0	ST、*ST和S证券连续三个交易日内收盘价格跌幅偏离值累计达到15的证券	20201217	星期四
