1	000509	*ST华塑	1家机构买入，成功率66.16	2.53	4.98	229.65	1256.16	1026.51	2282.67	7757.33	2.96	29.43	1.14	21	连续三个交易日内，涨幅偏离值累计达到12的ST证券、*ST证券和未完成股改证券	20201207	星期一
2	000633	合金投资	买一主买，成功率32.74	5.15	10.04	-68.96	3263.09	3332.05	6595.15	36367.58	-0.19	18.13	18.67	20	日涨幅偏离值达到7的前5只证券	20201207	星期一
3	000711	京蓝科技	买一主买，成功率36.19	3.44	9.90	2976.63	5111.58	2134.95	7246.52	15033.96	19.80	48.20	5.40	28	日涨幅偏离值达到7的前5只证券	20201207	星期一
4	000766	通化金马	实力游资买入，成功率40.62	4.94	4.66	-1849.74	3384.55	5234.29	8618.84	55397.42	-3.34	15.56	15.70	35	日振幅值达到15的前5只证券	20201207	星期一
5	000766	通化金马	主力做T，成功率41.74	4.94	4.66	-669.62	5075.22	5744.85	10820.07	72151.25	-0.93	15.00	15.70	35	连续三个交易日内，涨幅偏离值累计达到20的证券	20201207	星期一
6	000798	中水渔业	实力游资买入，成功率9.97	11.55	10.00	2368.95	5017.29	2648.34	7665.63	43569.44	5.44	17.59	12.91	37	日振幅值达到15的前5只证券	20201207	星期一
7	000798	中水渔业	实力游资买入，成功率9.97	11.55	10.00	2368.95	5017.29	2648.34	7665.63	43569.44	5.44	17.59	12.91	37	日涨幅偏离值达到7的前5只证券	20201207	星期一
8	000835	*ST长动	实力游资买入，成功率29.45	1.77	4.73	-73.03	445.30	518.33	963.63	4162.50	-1.75	23.15	6.85	5	连续三个交易日内，涨幅偏离值累计达到12的ST证券、*ST证券和未完成股改证券	20201207	星期一
9	000850	华茂股份	福建资金买入，成功率38.65	4.62	10.00	4156.71	5240.58	1083.86	6324.44	15725.23	26.43	40.22	3.78	44	日涨幅偏离值达到7的前5只证券	20201207	星期一
10	000869	张裕A	主力做T，成功率42.24	42.68	10.00	-1006.95	8254.06	9261.02	17515.08	67633.34	-1.49	25.90	3.62	194	日涨幅偏离值达到7的前5只证券	20201207	星期一
11	000939	凯迪退	实力游资买入，成功率8.33	0.15	0.00	-55.87	457.04	512.90	969.94	1610.70	-3.47	60.22	3.46	5	退市整理期	20201207	星期一
12	002176	*ST江特	买一主买，成功率46.67	3.01	4.88	2651.91	5790.04	3138.13	8928.17	35369.09	7.50	25.24	1.61	51	连续三个交易日内，涨幅偏离值累计达到12的ST证券、*ST证券	20201207	星期一
13	002196	方正电机	实力游资买入，成功率63.35	8.97	10.06	2369.25	4596.10	2226.85	6822.95	17561.07	13.49	38.85	4.74	37	日涨幅偏离值达到7的前5只证券	20201207	星期一
14	002321	华英农业	实力游资买入，成功率39.77	4.94	10.02	6062.56	11143.00	5080.43	16223.43	71844.40	8.44	22.58	28.95	26	日振幅值达到15的前5只证券	20201207	星期一
15	002321	华英农业	实力游资买入，成功率39.77	4.94	10.02	6062.56	11143.00	5080.43	16223.43	71844.40	8.44	22.58	28.95	26	日涨幅偏离值达到7的前5只证券	20201207	星期一
16	002321	华英农业	买一主买，成功率39.91	4.94	10.02	6389.27	14380.37	7991.10	22371.48	110676.16	5.77	20.21	28.95	26	连续三个交易日内，涨幅偏离值累计达到20的证券	20201207	星期一
17	002321	华英农业	实力游资买入，成功率39.77	4.94	10.02	6062.56	11143.00	5080.43	16223.43	71844.40	8.44	22.58	28.95	26	日换手率达到20的前5只证券	20201207	星期一
18	002571	德力股份	3家机构买入，成功率44.55	11.45	7.41	7683.12	23821.14	16138.02	39959.16	99182.72	7.75	40.29	12.75	34	连续三个交易日内，涨幅偏离值累计达到20的证券	20201207	星期一
19	002610	爱康科技	1家机构买入，成功率41.45	2.55	9.91	-1697.00	15564.93	17261.93	32826.86	108027.15	-1.57	30.39	9.98	112	日涨幅偏离值达到7的前5只证券	20201207	星期一
20	002612	朗姿股份	1家机构买入，成功率46.62	14.53	9.99	1521.24	5783.79	4262.54	10046.33	33002.95	4.61	30.44	8.94	38	日涨幅偏离值达到7的前5只证券	20201207	星期一
21	002619	艾格拉斯	实力游资卖出，成功率46.04	1.98	-10.00	-1088.78	1617.48	2706.25	4323.73	18698.33	-5.82	23.12	6.47	28	日跌幅偏离值达到7的前5只证券	20201207	星期一
22	002631	德尔未来	买一主买，成功率51.10	7.94	9.97	1577.23	4162.58	2585.35	6747.94	26572.81	5.94	25.39	5.16	52	日涨幅偏离值达到7的前5只证券	20201207	星期一
23	002652	扬子新材	卖一主卖，成功率63.50	4.41	-10.00	-911.72	504.33	1416.05	1920.38	1593.07	-57.23	120.55	0.81	20	日跌幅偏离值达到7的前5只证券	20201207	星期一
24	002863	今飞凯达	卖一主卖，成功率28.91	6.57	-10.00	-1715.04	2048.68	3763.72	5812.40	35343.11	-4.85	16.45	13.06	27	日跌幅偏离值达到7的前5只证券	20201207	星期一
25	002948	青岛银行	主力做T，成功率40.01	6.84	2.09	-9577.97	11581.51	21159.49	32741.00	164670.23	-5.82	19.88	40.51	41	日换手率达到20的前5只证券	20201207	星期一
26	002996	顺博合金	1家机构卖出，成功率38.78	16.85	-8.57	-408.86	4370.36	4779.22	9149.58	39954.23	-1.02	22.90	43.38	9	日换手率达到20的前5只证券	20201207	星期一
27	003003	天元股份	买一主买，成功率44.67	18.17	4.49	2012.28	3126.32	1114.04	4240.36	21644.52	9.30	19.59	27.08	8	日换手率达到20的前5只证券	20201207	星期一
28	003004	声迅股份	实力游资卖出，成功率40.59	46.51	-10.00	-613.88	1913.26	2527.14	4440.40	7972.58	-7.70	55.70	7.69	10	日振幅值达到15的前5只证券	20201207	星期一
29	003004	声迅股份	实力游资卖出，成功率40.59	46.51	-10.00	-613.88	1913.26	2527.14	4440.40	7972.58	-7.70	55.70	7.69	10	日跌幅偏离值达到7的前5只证券	20201207	星期一
30	003021	兆威机电	主力做T，成功率33.45	97.35	-10.00	3034.35	6147.73	3113.38	9261.11	95691.96	3.17	9.68	35.27	26	日振幅值达到15的前5只证券	20201207	星期一
31	003021	兆威机电	主力做T，成功率33.45	97.35	-10.00	3034.35	6147.73	3113.38	9261.11	95691.96	3.17	9.68	35.27	26	日跌幅偏离值达到7的前5只证券	20201207	星期一
32	003021	兆威机电	主力做T，成功率33.45	97.35	-10.00	3034.35	6147.73	3113.38	9261.11	95691.96	3.17	9.68	35.27	26	日换手率达到20的前5只证券	20201207	星期一
33	300094	国联水产	1家机构买入，成功率43.74	6.78	20.00	4396.24	15009.58	10613.35	25622.93	112837.98	3.90	22.71	20.14	59	日涨幅达到15的前5只证券	20201207	星期一
34	300142	沃森生物	1家机构卖出，成功率38.23	36.53	-20.00	-18044.24	82078.88	100123.12	182201.99	995225.39	-1.81	18.31	18.06	542	日跌幅达到15的前5只证券	20201207	星期一
35	300819	聚杰微纤	西藏自治区资金买入，成功率31.60	52.09	3.64	-2461.11	2503.45	4964.56	7468.01	48814.03	-5.04	15.30	38.55	13	日换手率达到30的前5只证券	20201207	星期一
36	300849	锦盛新材	实力游资买入，成功率41.15	34.37	6.11	1425.91	5410.07	3984.16	9394.23	40798.19	3.50	23.03	46.03	9	日换手率达到30的前5只证券	20201207	星期一
37	300898	熊猫乳品	1家机构买入，成功率55.67	59.84	0.83	1328.39	6671.10	5342.71	12013.81	72759.83	1.83	16.51	44.71	16	日换手率达到30的前5只证券	20201207	星期一
38	300912	凯龙高科	上海资金买入，成功率54.64	63.03	257.72	13673.83	16020.38	2346.55	18366.92	112586.28	12.15	16.31	74.57	17	无价格涨跌幅限制的证券	20201207	星期一
39	300913	兆龙互连	实力游资买入，成功率30.95	42.02	218.09	664.67	3975.56	3310.89	7286.46	91290.98	0.73	7.98	70.78	12	无价格涨跌幅限制的证券	20201207	星期一
40	600191	华资实业	实力游资买入，成功率44.22	7.50	9.97	1706.63	5637.41	3930.78	9568.19	68176.65	2.50	14.03	20.16	36	有价格涨跌幅限制的日价格振幅达到15的前三只证券	20201207	星期一
41	600295	鄂尔多斯	1家机构买入，成功率36.04	12.07	10.03	-618.37	9055.54	9673.91	18729.44	60287.36	-1.03	31.07	7.73	79	有价格涨跌幅限制的日收盘价格涨幅偏离值达到7的前三只证券	20201207	星期一
42	600333	长春燃气	实力游资买入，成功率24.91	5.89	4.25	-1052.91	3850.33	4903.24	8753.58	53820.16	-1.96	16.26	15.53	36	有价格涨跌幅限制的日价格振幅达到15的前三只证券	20201207	星期一
43	600360	华微电子	1家机构买入，成功率49.80	9.85	7.07	20179.75	37975.36	17795.61	55770.97	367082.39	5.50	15.19	26.05	95	非ST、*ST和S证券连续三个交易日内收盘价格涨幅偏离值累计达到20的证券	20201207	星期一
44	600593	大连圣亚	四川资金卖出，成功率40.00	24.83	-10.00	-425.59	1138.21	1563.79	2702.00	1563.79	-27.21	172.79	0.49	32	有价格涨跌幅限制的日收盘价格跌幅偏离值达到7的前三只证券	20201207	星期一
45	600593	大连圣亚	四川资金卖出，成功率37.50	24.83	-10.00	-676.05	1161.78	1837.83	2999.62	1982.85	-34.10	151.28	0.49	32	非ST、*ST和S证券连续三个交易日内收盘价格跌幅偏离值累计达到20的证券	20201207	星期一
46	600707	彩虹股份	实力游资卖出，成功率43.15	6.97	-9.95	-6156.88	8348.51	14505.38	22853.89	139226.93	-4.42	16.41	8.00	173	有价格涨跌幅限制的日收盘价格跌幅偏离值达到7的前三只证券	20201207	星期一
47	600746	江苏索普	买一主买，成功率44.04	8.78	10.03	3396.95	5130.54	1733.58	6864.12	22392.64	15.17	30.65	8.95	27	有价格涨跌幅限制的日收盘价格涨幅偏离值达到7的前三只证券	20201207	星期一
48	600826	兰生股份	买一主买，成功率17.46	9.75	0.10	698.49	698.49	-	698.49	1192.08	58.59	58.59	0.29	41	单只标的证券的当日融资买入数量达到当日该证券总交易量的50％以上	20201207	星期一
49	600844	丹化科技	实力游资买入，成功率42.74	4.73	10.00	-467.01	8251.92	8718.93	16970.86	111769.59	-0.42	15.18	8.88	39	非ST、*ST和S证券连续三个交易日内收盘价格涨幅偏离值累计达到20的证券	20201207	星期一
50	601127	小康股份	实力游资卖出，成功率33.26	17.46	-6.23	-10585.68	15933.05	26518.73	42451.78	382896.92	-2.76	11.09	8.21	165	非ST、*ST和S证券连续三个交易日内收盘价格跌幅偏离值累计达到20的证券	20201207	星期一
51	601187	厦门银行	实力游资买入，成功率39.07	13.08	1.71	818.46	8639.64	7821.18	16460.82	106771.56	0.77	15.42	31.85	35	有价格涨跌幅限制的日换手率达到20的前三只证券	20201207	星期一
52	601686	友发集团	3家机构卖出，成功率32.57	16.95	-8.48	5445.41	8833.53	3388.12	12221.65	99422.66	5.48	12.29	40.41	24	有价格涨跌幅限制的日换手率达到20的前三只证券	20201207	星期一
53	601717	郑煤机	1家机构买入，成功率43.48	10.65	10.02	7007.00	15697.63	8690.63	24388.26	51162.09	13.70	47.67	3.33	159	有价格涨跌幅限制的日收盘价格涨幅偏离值达到7的前三只证券	20201207	星期一
54	603439	贵州三力	实力游资卖出，成功率38.91	25.66	-3.71	-694.87	3169.82	3864.70	7034.52	39424.99	-1.76	17.84	35.96	10	有价格涨跌幅限制的日换手率达到20的前三只证券	20201207	星期一
55	603519	立霸股份	卖一主卖，成功率23.78	15.01	-6.19	-3331.91	2062.86	5394.77	7457.62	15575.44	-21.39	47.88	4.62	33	有价格涨跌幅限制的日价格振幅达到15的前三只证券	20201207	星期一
56	603555	*ST贵人	实力游资买入，成功率37.78	2.61	4.82	-235.20	784.26	1019.46	1803.73	3873.36	-6.07	46.57	0.43	16	ST、*ST和S证券连续三个交易日内收盘价格涨幅偏离值累计达到15的证券	20201207	星期一
57	603655	朗博科技	卖一主卖，成功率60.00	37.00	-10.00	-160.21	52.17	212.38	264.55	212.38	-75.44	124.56	0.17	13	有价格涨跌幅限制的日收盘价格跌幅偏离值达到7的前三只证券	20201207	星期一
58	603655	朗博科技	卖一主卖，成功率18.66	37.00	-10.00	-610.15	235.02	845.17	1080.19	845.17	-72.19	127.81	0.17	13	非ST、*ST和S证券连续三个交易日内收盘价格跌幅偏离值累计达到20的证券	20201207	星期一
59	605183	N确成	买一主买，成功率62.22	20.71	44.02	882.26	924.31	42.04	966.35	924.31	95.45	104.55	0.92	10	无价格涨跌幅限制的证券	20201207	星期一
60	605183	N确成	买一主买，成功率62.22	20.71	44.02	882.26	924.31	42.04	966.35	924.31	95.45	104.55	0.92	10	当日无价格涨跌幅限制的A股，出现异常波动停牌的	20201207	星期一
61	605258	协和电子	实力游资买入，成功率54.51	46.29	10.00	795.85	856.41	60.56	916.97	856.41	92.93	107.07	0.46	10	非ST、*ST和S证券连续三个交易日内收盘价格涨幅偏离值累计达到20的证券	20201207	星期一
62	605266	健之佳	实力游资买入，成功率58.94	153.68	10.00	3975.47	6301.23	2325.76	8626.99	9457.29	42.04	91.22	2.78	20	非ST、*ST和S证券连续三个交易日内收盘价格涨幅偏离值累计达到20的证券	20201207	星期一
63	900921	丹科B股	买一主买，成功率26.98	0.20	7.14	2.59	14.68	12.09	26.76	36.18	7.15	73.96	0.97	0	有价格涨跌幅限制的日收盘价格涨幅偏离值达到7的前三只证券	20201207	星期一
