1	000150	宜华健康	买一主买，成功率50.74	3.14	10.18	1966.72	2688.94	722.23	3411.17	5252.99	37.44	64.94	2.13	25	日涨幅偏离值达到7的前5只证券	20201204	星期五
2	000633	合金投资	实力游资买入，成功率43.49	4.68	10.12	2094.84	2696.56	601.71	3298.27	7814.24	26.81	42.21	4.47	18	日涨幅偏离值达到7的前5只证券	20201204	星期五
3	000766	通化金马	实力游资买入，成功率63.76	4.72	10.02	757.84	1103.58	345.74	1449.32	2895.86	26.17	50.05	0.87	33	日涨幅偏离值达到7的前5只证券	20201204	星期五
4	000830	鲁西化工	买一主买，成功率51.38	13.25	7.99	16483.72	27952.28	11468.56	39420.84	99251.38	16.61	39.72	5.22	194	日涨幅偏离值达到7的前5只证券	20201204	星期五
5	000923	河钢资源	实力游资买入，成功率51.41	25.32	9.99	-1217.23	14350.62	15567.86	29918.48	57451.48	-2.12	52.08	3.78	159	日振幅值达到15的前5只证券	20201204	星期五
6	000923	河钢资源	实力游资买入，成功率51.41	25.32	9.99	-1217.23	14350.62	15567.86	29918.48	57451.48	-2.12	52.08	3.78	159	日涨幅偏离值达到7的前5只证券	20201204	星期五
7	000939	凯迪退	实力游资买入，成功率18.89	0.15	7.14	-18.62	95.81	114.43	210.24	501.44	-3.71	41.93	1.14	5	退市整理期	20201204	星期五
8	002196	方正电机	1家机构卖出，成功率38.65	8.15	-8.22	24.72	10856.28	10831.56	21687.85	100944.66	0.02	21.48	28.16	34	日振幅值达到15的前5只证券	20201204	星期五
9	002196	方正电机	1家机构卖出，成功率38.65	8.15	-8.22	24.72	10856.28	10831.56	21687.85	100944.66	0.02	21.48	28.16	34	日换手率达到20的前5只证券	20201204	星期五
10	002219	*ST恒康	主力做T，成功率53.58	1.93	4.89	369.99	1591.02	1221.03	2812.04	7230.52	5.12	38.89	1.62	36	连续三个交易日内，涨幅偏离值累计达到12的ST证券、*ST证券	20201204	星期五
11	002245	澳洋顺昌	1家机构买入，成功率38.19	10.01	10.00	2998.72	11078.68	8079.96	19158.64	78442.30	3.82	24.42	8.99	91	日涨幅偏离值达到7的前5只证券	20201204	星期五
12	002321	华英农业	主力做T，成功率41.94	4.49	10.05	643.50	4997.30	4353.79	9351.09	22588.98	2.85	41.40	9.48	24	日涨幅偏离值达到7的前5只证券	20201204	星期五
13	002510	天汽模	主力做T，成功率34.17	5.63	-9.78	-2797.31	8586.82	11384.13	19970.95	135535.16	-2.06	14.73	30.61	43	日跌幅偏离值达到7的前5只证券	20201204	星期五
14	002510	天汽模	实力游资卖出，成功率28.73	5.63	-9.78	-5770.24	17473.63	23243.87	40717.51	308484.12	-1.87	13.20	30.61	43	连续三个交易日内，跌幅偏离值累计达到20的证券	20201204	星期五
15	002510	天汽模	主力做T，成功率34.17	5.63	-9.78	-2797.31	8586.82	11384.13	19970.95	135535.16	-2.06	14.73	30.61	43	日换手率达到20的前5只证券	20201204	星期五
16	002618	丹邦科技	1家机构卖出，成功率36.73	7.31	-9.98	-456.85	3994.07	4450.92	8445.00	61019.95	-0.75	13.84	15.12	40	日跌幅偏离值达到7的前5只证券	20201204	星期五
17	002622	融钰集团	卖一主卖，成功率35.79	3.44	-5.23	-9253.90	5672.63	14926.54	20599.17	62919.77	-14.71	32.74	20.40	29	日振幅值达到15的前5只证券	20201204	星期五
18	002636	金安国纪	实力游资买入，成功率37.70	10.07	10.05	5494.04	8256.37	2762.33	11018.70	28031.46	19.60	39.31	3.92	73	日涨幅偏离值达到7的前5只证券	20201204	星期五
19	002636	金安国纪	买一主买，成功率41.22	10.07	10.05	7316.19	10508.62	3192.43	13701.05	39827.25	18.37	34.40	3.92	73	连续三个交易日内，涨幅偏离值累计达到20的证券	20201204	星期五
20	002647	仁东控股	卖一主卖，成功率46.12	25.90	-10.01	-500.39	159.03	659.41	818.44	659.41	-75.88	124.12	0.04	145	日跌幅偏离值达到7的前5只证券	20201204	星期五
21	002647	仁东控股	卖一主卖，成功率43.03	25.90	-10.01	-875.25	232.07	1107.32	1339.39	1108.09	-78.99	120.87	0.04	145	连续三个交易日内，跌幅偏离值累计达到20的证券	20201204	星期五
22	002652	扬子新材	实力游资买入，成功率42.95	4.90	3.16	-382.40	4330.17	4712.57	9042.74	31091.68	-1.23	29.08	13.91	22	日振幅值达到15的前5只证券	20201204	星期五
23	002670	国盛金控	上海资金卖出，成功率39.26	15.50	-2.94	-10273.02	29357.38	39630.40	68987.78	354371.44	-2.90	19.47	13.69	252	日振幅值达到15的前5只证券	20201204	星期五
24	002750	龙津药业	实力游资买入，成功率36.06	11.42	10.02	-817.02	5128.26	5945.28	11073.53	50278.58	-1.62	22.02	11.29	45	日涨幅偏离值达到7的前5只证券	20201204	星期五
25	002756	永兴材料	1家机构买入，成功率41.02	29.93	10.00	4158.15	8578.67	4420.52	12999.19	21625.68	19.23	60.11	3.49	65	日涨幅偏离值达到7的前5只证券	20201204	星期五
26	002765	蓝黛科技	卖一主卖，成功率44.86	6.61	-9.95	-3340.47	1874.40	5214.87	7089.27	23228.97	-14.38	30.52	12.64	18	日跌幅偏离值达到7的前5只证券	20201204	星期五
27	002863	今飞凯达	浙江资金卖出，成功率33.08	7.30	-9.99	-4087.69	1268.00	5355.69	6623.69	25879.64	-15.79	25.59	8.66	30	日跌幅偏离值达到7的前5只证券	20201204	星期五
28	002863	今飞凯达	浙江资金卖出，成功率30.09	7.30	-9.99	-31309.72	7633.65	38943.37	46577.02	91556.46	-34.20	50.87	8.66	30	连续三个交易日内，跌幅偏离值累计达到20的证券	20201204	星期五
29	002948	青岛银行	实力游资卖出，成功率41.39	6.70	-7.07	6713.45	25890.13	19176.68	45066.81	262626.59	2.56	17.16	60.16	41	日换手率达到20的前5只证券	20201204	星期五
30	002996	顺博合金	1家机构买入，成功率40.53	18.43	4.42	116.73	5393.27	5276.54	10669.81	56035.39	0.21	19.04	58.24	10	日振幅值达到15的前5只证券	20201204	星期五
31	002996	顺博合金	1家机构买入，成功率40.53	18.43	4.42	116.73	5393.27	5276.54	10669.81	56035.39	0.21	19.04	58.24	10	日换手率达到20的前5只证券	20201204	星期五
32	003004	声迅股份	实力游资买入，成功率51.83	51.68	10.00	1233.75	1265.22	31.47	1296.70	1272.48	96.96	101.90	0.45	11	连续三个交易日内，涨幅偏离值累计达到20的证券	20201204	星期五
33	003015	日久光电	上海资金卖出，成功率41.56	18.29	-4.44	3933.84	6552.35	2618.52	9170.87	38663.00	10.17	23.72	30.40	13	日换手率达到20的前5只证券	20201204	星期五
34	003021	兆威机电	1家机构买入，成功率43.35	108.17	44.00	2052.16	2239.12	186.96	2426.08	6576.76	31.20	36.89	2.29	29	无价格涨跌幅限制的证券	20201204	星期五
35	300076	GQY视讯	实力游资买入，成功率36.17	7.08	15.31	-628.08	6992.56	7620.63	14613.19	64507.43	-0.97	22.65	23.86	27	日涨幅达到15的前5只证券	20201204	星期五
36	300752	隆利科技	1家机构卖出，成功率18.47	39.39	-4.67	-307.61	3847.64	4155.25	8002.88	49623.53	-0.62	16.13	38.22	13	日换手率达到30的前5只证券	20201204	星期五
37	300819	聚杰微纤	1家机构卖出，成功率47.90	50.26	-0.93	2121.19	5403.32	3282.13	8685.45	41620.30	5.10	20.87	34.23	12	日换手率达到30的前5只证券	20201204	星期五
38	300858	科拓生物	实力游资买入，成功率55.95	72.95	20.00	-715.82	3108.74	3824.57	6933.31	31230.14	-2.29	22.20	22.58	15	日涨幅达到15的前5只证券	20201204	星期五
39	300892	品渥食品	4家机构买入，成功率58.20	83.50	5.66	-2567.73	7410.88	9978.61	17389.48	63726.92	-4.03	27.29	32.90	20	日换手率达到30的前5只证券	20201204	星期五
40	300898	熊猫乳品	主力做T，成功率45.22	59.35	3.20	2.99	4576.81	4573.82	9150.63	62954.03	0.00	14.54	40.44	16	日换手率达到30的前5只证券	20201204	星期五
41	300908	仲景食品	西藏自治区资金买入，成功率31.72	108.50	9.05	-1529.91	4706.98	6236.89	10943.87	89429.78	-1.71	12.24	36.31	26	日换手率达到30的前5只证券	20201204	星期五
42	600076	康欣新材	实力游资买入，成功率52.91	3.92	10.11	2372.42	4405.61	2033.19	6438.80	18103.76	13.10	35.57	4.49	41	有价格涨跌幅限制的日收盘价格涨幅偏离值达到7的前三只证券	20201204	星期五
43	600117	西宁特钢	实力游资买入，成功率19.87	4.29	2.63	990.41	3875.48	2885.07	6760.54	46006.96	2.15	14.69	10.35	45	有价格涨跌幅限制的日价格振幅达到15的前三只证券	20201204	星期五
44	600333	长春燃气	实力游资买入，成功率39.96	5.65	9.92	334.96	5633.35	5298.39	10931.74	43843.17	0.76	24.93	9.55	34	非ST、*ST和S证券连续三个交易日内收盘价格涨幅偏离值累计达到20的证券	20201204	星期五
45	600360	华微电子	实力游资买入，成功率39.35	9.20	10.05	14850.59	17934.76	3084.17	21018.94	60906.96	24.38	34.51	7.00	88	有价格涨跌幅限制的日收盘价格涨幅偏离值达到7的前三只证券	20201204	星期五
46	600460	士兰微	2家机构买入，成功率42.46	20.41	10.03	69549.15	101906.87	32357.72	134264.59	778137.04	8.94	17.25	14.68	268	非ST、*ST和S证券连续三个交易日内收盘价格涨幅偏离值累计达到20的证券	20201204	星期五
47	600543	莫高股份	实力游资买入，成功率57.09	9.64	10.05	2961.47	6437.39	3475.92	9913.31	28951.04	10.23	34.24	9.66	31	有价格涨跌幅限制的日收盘价格涨幅偏离值达到7的前三只证券	20201204	星期五
48	600593	大连圣亚	1家机构卖出，成功率51.43	27.59	-10.01	-210.79	51.59	262.38	313.97	262.38	-80.34	119.66	0.07	36	有价格涨跌幅限制的日收盘价格跌幅偏离值达到7的前三只证券	20201204	星期五
49	600746	江苏索普	浙江资金卖出，成功率66.67	7.98	-2.44	-941.24	3459.57	4400.81	7860.39	35228.71	-2.67	22.31	13.77	24	有价格涨跌幅限制的日价格振幅达到15的前三只证券	20201204	星期五
50	600844	丹化科技	实力游资买入，成功率36.74	4.30	1.42	-1381.70	5706.65	7088.35	12794.99	71640.71	-1.93	17.86	20.35	35	有价格涨跌幅限制的日价格振幅达到15的前三只证券	20201204	星期五
51	601127	小康股份	上海资金卖出，成功率43.50	18.62	-10.00	-2861.65	4677.53	7539.18	12216.72	34601.64	-8.27	35.31	1.97	176	有价格涨跌幅限制的日收盘价格跌幅偏离值达到7的前三只证券	20201204	星期五
52	601187	厦门银行	实力游资卖出，成功率31.83	12.86	-10.01	-2916.53	9952.03	12868.56	22820.58	162675.21	-1.79	14.03	47.00	34	有价格涨跌幅限制的日收盘价格跌幅偏离值达到7的前三只证券	20201204	星期五
53	601187	厦门银行	实力游资卖出，成功率31.83	12.86	-10.01	-2916.53	9952.03	12868.56	22820.58	162675.21	-1.79	14.03	47.00	34	有价格涨跌幅限制的日换手率达到20的前三只证券	20201204	星期五
54	601686	N友发	实力游资买入，成功率35.00	18.52	44.01	1883.32	2196.27	312.94	2509.21	8895.16	21.17	28.21	3.38	26	无价格涨跌幅限制的证券	20201204	星期五
55	601686	N友发	实力游资买入，成功率35.00	18.52	44.01	1883.32	2196.27	312.94	2509.21	8895.16	21.17	28.21	3.38	26	当日无价格涨跌幅限制的A股，出现异常波动停牌的	20201204	星期五
56	605007	五洲特纸	实力游资卖出，成功率31.99	27.04	-3.33	-724.89	3292.12	4017.01	7309.13	35972.42	-2.02	20.32	33.56	11	有价格涨跌幅限制的日换手率达到20的前三只证券	20201204	星期五
57	605199	葫芦娃	西藏自治区资金买入，成功率33.98	28.03	0.29	-878.48	1879.98	2758.47	4638.45	34831.62	-2.52	13.32	29.53	11	有价格涨跌幅限制的日换手率达到20的前三只证券	20201204	星期五
58	900921	丹科B股	实力游资卖出，成功率45.10	0.18	-7.61	0.69	19.02	18.32	37.34	64.54	1.07	57.86	1.79	0	有价格涨跌幅限制的日收盘价格跌幅偏离值达到7的前三只证券	20201204	星期五
