1	000521	长虹美菱	实力游资买入，成功率32.04	4.63	9.98	1619.46	6639.05	5019.58	11658.63	59675.10	2.71	19.54	15.25	40	日涨幅偏离值达到7的前5只证券	20201222	星期二
2	000536	*ST华映	福建资金买入，成功率32.89	3.15	5.00	-2736.69	6677.86	9414.55	16092.41	57333.05	-4.77	28.07	2.69	87	连续三个交易日内，涨幅偏离值累计达到12的ST证券、*ST证券和未完成股改证券	20201222	星期二
3	000668	荣丰控股	浙江资金卖出，成功率55.05	13.74	-10.02	-2751.13	2769.17	5520.30	8289.47	8446.28	-32.57	98.14	4.13	20	日跌幅偏离值达到7的前5只证券	20201222	星期二
4	000713	丰乐种业	主力做T，成功率35.89	13.93	10.03	-3285.55	10882.43	14167.98	25050.42	203060.37	-1.62	12.34	37.04	56	日涨幅偏离值达到7的前5只证券	20201222	星期二
5	000713	丰乐种业	主力做T，成功率42.45	13.93	10.03	4587.15	19142.71	14555.56	33698.26	360722.03	1.27	9.34	37.04	56	连续三个交易日内，涨幅偏离值累计达到20的证券	20201222	星期二
6	000713	丰乐种业	主力做T，成功率35.89	13.93	10.03	-3285.55	10882.43	14167.98	25050.42	203060.37	-1.62	12.34	37.04	56	日换手率达到20的前5只证券	20201222	星期二
7	000798	中水渔业	实力游资买入，成功率37.80	11.08	10.03	1612.48	4944.15	3331.67	8275.82	58754.82	2.74	14.09	17.51	35	日涨幅偏离值达到7的前5只证券	20201222	星期二
8	000816	智慧农业	1家机构卖出，成功率36.24	4.05	-6.90	-1275.87	10223.96	11499.83	21723.79	128193.44	-1.00	16.95	23.65	54	日换手率达到20的前5只证券	20201222	星期二
9	000835	*ST长动	实力游资买入，成功率62.22	1.83	5.17	29.77	546.82	517.05	1063.87	3497.00	0.85	30.42	1.01	6	连续三个交易日内，涨幅偏离值累计达到12的ST证券、*ST证券和未完成股改证券	20201222	星期二
10	000899	赣能股份	主力做T，成功率39.86	5.45	2.06	-5027.26	5142.95	10170.20	15313.15	64752.54	-7.76	23.65	6.00	53	连续三个交易日内，涨幅偏离值累计达到20的证券	20201222	星期二
11	000929	兰州黄河	买一主买，成功率46.86	12.46	9.97	-1302.35	9029.15	10331.49	19360.64	51989.35	-2.51	37.24	23.14	23	日振幅值达到15的前5只证券	20201222	星期二
12	000929	兰州黄河	买一主买，成功率46.86	12.46	9.97	-1302.35	9029.15	10331.49	19360.64	51989.35	-2.51	37.24	23.14	23	日涨幅偏离值达到7的前5只证券	20201222	星期二
13	000929	兰州黄河	1家机构买入，成功率44.54	12.46	9.97	-706.44	10287.29	10993.73	21281.02	101449.26	-0.70	20.98	23.14	23	连续三个交易日内，涨幅偏离值累计达到20的证券	20201222	星期二
14	000929	兰州黄河	买一主买，成功率46.86	12.46	9.97	-1302.35	9029.15	10331.49	19360.64	51989.35	-2.51	37.24	23.14	23	日换手率达到20的前5只证券	20201222	星期二
15	000933	神火股份	2家机构卖出，成功率43.50	7.50	-9.86	409.25	13865.26	13456.01	27321.27	86466.00	0.47	31.60	5.86	143	日跌幅偏离值达到7的前5只证券	20201222	星期二
16	001896	豫能控股	主力做T，成功率44.31	7.10	10.08	-6408.18	8297.86	14706.04	23003.91	116069.65	-5.52	19.82	14.40	82	日涨幅偏离值达到7的前5只证券	20201222	星期二
17	002030	达安基因	买一主买，成功率46.31	35.46	9.99	31081.64	50017.29	18935.65	68952.94	310436.86	10.01	22.21	10.32	304	日涨幅偏离值达到7的前5只证券	20201222	星期二
18	002096	南岭民爆	卖一主卖，成功率30.00	8.70	-10.03	-537.83	62.03	599.87	661.90	599.87	-89.66	110.34	0.19	32	日跌幅偏离值达到7的前5只证券	20201222	星期二
19	002227	奥特迅	实力游资卖出，成功率30.38	15.71	-8.77	-283.34	988.85	1272.20	2261.05	16463.60	-1.72	13.73	4.56	35	日跌幅偏离值达到7的前5只证券	20201222	星期二
20	002245	蔚蓝锂芯	1家机构买入，成功率48.29	11.72	10.05	4405.10	10896.45	6491.35	17387.81	87258.72	5.05	19.93	8.50	107	日涨幅偏离值达到7的前5只证券	20201222	星期二
21	002499	*ST科林	主力做T，成功率68.89	5.38	5.08	344.42	1057.34	712.92	1770.26	3182.05	10.82	55.63	1.29	10	连续三个交易日内，涨幅偏离值累计达到12的ST证券、*ST证券	20201222	星期二
22	002553	南方轴承	2家机构卖出，成功率36.71	9.74	-4.13	-4972.61	7234.68	12207.30	19441.98	74431.77	-6.68	26.12	30.63	23	日换手率达到20的前5只证券	20201222	星期二
23	002612	朗姿股份	卖一主卖，成功率33.67	21.36	-9.99	-3633.39	5052.90	8686.29	13739.19	48873.31	-7.43	28.11	8.72	56	日跌幅偏离值达到7的前5只证券	20201222	星期二
24	002646	青青稞酒	主力做T，成功率34.89	23.10	10.00	-2712.22	8726.13	11438.35	20164.48	133911.95	-2.03	15.06	13.65	104	日涨幅偏离值达到7的前5只证券	20201222	星期二
25	002647	仁东控股	西藏自治区资金买入，成功率31.64	15.05	1.55	-10412.05	14567.72	24979.77	39547.49	260912.31	-3.99	15.16	31.83	84	日换手率达到20的前5只证券	20201222	星期二
26	002838	道恩股份	实力游资买入，成功率47.47	25.85	10.00	4720.16	8975.81	4255.65	13231.47	49409.18	9.55	26.78	5.79	87	日涨幅偏离值达到7的前5只证券	20201222	星期二
27	002967	广电计量	3家机构买入，成功率46.80	30.61	9.99	-418.82	11912.79	12331.60	24244.39	47133.25	-0.89	51.44	8.26	58	日涨幅偏离值达到7的前5只证券	20201222	星期二
28	003023	彩虹集团	主力做T，成功率35.83	38.55	1.53	-79.86	1566.20	1646.06	3212.27	23622.74	-0.34	13.60	30.32	8	日换手率达到20的前5只证券	20201222	星期二
29	003025	思进智能	2家机构卖出，成功率20.84	41.62	-6.56	677.49	2921.52	2244.03	5165.55	41455.66	1.63	12.46	49.30	8	日换手率达到20的前5只证券	20201222	星期二
30	003025	思进智能	实力游资卖出，成功率13.38	41.62	-6.56	-249.27	3595.38	3844.65	7440.03	47770.75	-0.52	15.57	49.30	8	连续三个交易日内，日均换手率与前五个交易日的日均换手率的比值达到30倍，且换手率累计达20的证券	20201222	星期二
31	003027	同兴环保	1家机构卖出，成功率21.16	47.04	-9.50	827.50	2604.61	1777.11	4381.72	39419.38	2.10	11.12	38.26	10	日跌幅偏离值达到7的前5只证券	20201222	星期二
32	003027	同兴环保	1家机构卖出，成功率21.16	47.04	-9.50	827.50	2604.61	1777.11	4381.72	39419.38	2.10	11.12	38.26	10	日换手率达到20的前5只证券	20201222	星期二
33	300013	新宁物流	实力游资买入，成功率29.04	7.69	19.97	4116.69	6680.78	2564.09	9244.86	32664.39	12.60	28.30	10.58	32	日涨幅达到15的前5只证券	20201222	星期二
34	300658	延江股份	买一主买，成功率31.43	29.34	20.00	443.89	3284.71	2840.82	6125.53	38689.37	1.15	15.83	15.53	26	日涨幅达到15的前5只证券	20201222	星期二
35	300752	隆利科技	实力游资买入，成功率25.65	47.20	7.25	975.40	5891.93	4916.53	10808.46	63207.44	1.54	17.10	39.33	16	日换手率达到30的前5只证券	20201222	星期二
36	300898	熊猫乳品	主力做T，成功率25.05	58.95	2.01	-3560.99	3487.86	7048.84	10536.70	62097.59	-5.73	16.97	39.53	16	日换手率达到30的前5只证券	20201222	星期二
37	300918	南山智尚	实力游资买入，成功率35.21	17.60	254.12	2523.32	4895.54	2372.22	7267.75	96499.98	2.61	7.53	66.26	15	无价格涨跌幅限制的证券	20201222	星期二
38	300921	南凌科技	买一主买，成功率34.57	61.40	88.69	3951.29	5751.20	1799.91	7551.11	58273.10	6.78	12.96	49.16	11	无价格涨跌幅限制的证券	20201222	星期二
39	600059	古越龙山	实力游资买入，成功率45.30	16.89	10.03	-5687.06	16755.00	22442.06	39197.05	254878.72	-2.23	15.38	12.84	137	非ST、*ST和S证券连续三个交易日内收盘价格涨幅偏离值累计达到20的证券	20201222	星期二
40	600223	鲁商发展	1家机构卖出，成功率22.59	10.15	-10.02	-4157.70	3349.93	7507.63	10857.56	43821.61	-9.49	24.78	4.09	102	有价格涨跌幅限制的日收盘价格跌幅偏离值达到7的前三只证券	20201222	星期二
41	600238	ST椰岛	实力游资买入，成功率45.00	7.39	4.97	41.13	1947.39	1906.26	3853.65	10475.21	0.39	36.79	0.35	33	ST、*ST和S证券连续三个交易日内收盘价格涨幅偏离值累计达到15的证券	20201222	星期二
42	600289	*ST信通	实力游资买入，成功率35.00	4.75	5.09	-386.49	804.73	1191.22	1995.96	5423.09	-7.13	36.80	1.42	27	ST、*ST和S证券连续三个交易日内收盘价格涨幅偏离值累计达到15的证券	20201222	星期二
43	600290	*ST华仪	实力游资买入，成功率54.94	2.34	4.93	-356.74	567.23	923.97	1491.19	4512.31	-7.91	33.05	0.19	18	ST、*ST和S证券连续三个交易日内收盘价格涨幅偏离值累计达到15的证券	20201222	星期二
44	600292	远达环保	实力游资买入，成功率48.29	6.39	9.98	1404.42	5084.87	3680.45	8765.33	25963.57	5.41	33.76	4.54	50	非ST、*ST和S证券连续三个交易日内收盘价格涨幅偏离值累计达到20的证券	20201222	星期二
45	600365	ST通葡	实力游资买入，成功率36.78	2.82	4.83	-561.80	1130.22	1692.03	2822.25	15314.52	-3.67	18.43	7.32	11	ST、*ST和S证券连续三个交易日内收盘价格涨幅偏离值累计达到15的证券	20201222	星期二
46	600573	惠泉啤酒	实力游资买入，成功率47.68	12.27	10.04	1264.62	6485.38	5220.76	11706.14	44818.74	2.82	26.12	15.11	31	有价格涨跌幅限制的日收盘价格涨幅偏离值达到7的前三只证券	20201222	星期二
47	600616	金枫酒业	实力游资买入，成功率44.64	11.94	10.05	2735.87	9267.55	6531.68	15799.23	70649.26	3.87	22.36	9.18	80	有价格涨跌幅限制的日收盘价格涨幅偏离值达到7的前三只证券	20201222	星期二
48	600616	金枫酒业	实力游资买入，成功率64.69	11.94	10.05	491.35	14053.32	13561.97	27615.28	192907.92	0.25	14.32	9.18	80	非ST、*ST和S证券连续三个交易日内收盘价格涨幅偏离值累计达到20的证券	20201222	星期二
49	600649	城投控股	成功率61.11	5.50	-0.18	2127.24	2127.24	-	2127.24	4699.23	45.27	45.27	0.34	139	单只标的证券的当日融资买入数量达到当日该证券总交易量的50％以上	20201222	星期二
50	600686	金龙汽车	实力游资买入，成功率29.15	8.76	10.05	1393.60	5138.00	3744.40	8882.40	35797.57	3.89	24.81	7.12	53	有价格涨跌幅限制的日收盘价格涨幅偏离值达到7的前三只证券	20201222	星期二
51	600702	ST舍得	买一主买，成功率44.65	91.77	5.00	-2363.16	24052.28	26415.44	50467.72	251174.14	-0.94	20.09	2.96	304	ST、*ST和S证券连续三个交易日内收盘价格涨幅偏离值累计达到15的证券	20201222	星期二
52	600877	ST电能	实力游资买入，成功率57.22	8.33	5.04	905.55	1524.97	619.42	2144.39	2086.24	43.41	102.79	0.20	57	ST、*ST和S证券连续三个交易日内收盘价格涨幅偏离值累计达到15的证券	20201222	星期二
53	600971	恒源煤电	实力游资卖出，成功率34.76	6.19	-10.03	217.00	6717.50	6500.50	13218.00	81954.09	0.26	16.13	10.55	74	有价格涨跌幅限制的日收盘价格跌幅偏离值达到7的前三只证券	20201222	星期二
54	601579	会稽山	实力游资买入，成功率49.92	15.05	10.01	2739.31	18269.29	15529.98	33799.28	119434.58	2.29	28.30	10.12	75	非ST、*ST和S证券连续三个交易日内收盘价格涨幅偏离值累计达到20的证券	20201222	星期二
55	603110	东方材料	买一主买，成功率43.33	23.87	10.00	202.65	2027.62	1824.97	3852.59	2949.24	6.87	130.63	0.49	34	非ST、*ST和S证券连续三个交易日内收盘价格涨幅偏离值累计达到20的证券	20201222	星期二
56	603959	百利科技	实力游资卖出，成功率41.33	10.23	-10.03	-3704.00	7255.54	10959.53	18215.07	15664.62	-23.65	116.28	3.10	50	有价格涨跌幅限制的日收盘价格跌幅偏离值达到7的前三只证券	20201222	星期二
57	605151	西上海	西藏自治区资金卖出，成功率27.07	22.44	-4.92	1731.29	5552.57	3821.28	9373.84	85791.32	2.02	10.93	26.25	7	非ST、*ST和S证券连续三个交易日内收盘价格跌幅偏离值累计达到20的证券	20201222	星期二
58	605186	N健麾	买一主买，成功率44.44	20.45	44.01	644.54	686.22	41.68	727.91	686.22	93.93	106.07	0.99	7	无价格涨跌幅限制的证券	20201222	星期二
59	605299	舒华体育	浙江资金卖出，成功率40.25	13.80	-9.98	1684.71	3585.84	1901.13	5486.97	38128.30	4.42	14.39	53.88	7	有价格涨跌幅限制的日换手率达到20的前三只证券	20201222	星期二
60	605358	立昂微	1家机构卖出，成功率29.17	118.00	-8.88	-9202.68	11410.06	20612.74	32022.79	155357.54	-5.92	20.61	31.60	48	有价格涨跌幅限制的日换手率达到20的前三只证券	20201222	星期二
61	605376	博迁新材	实力游资买入，成功率30.90	37.49	4.23	-6678.48	10141.59	16820.07	26961.66	140234.59	-4.76	19.23	55.31	25	有价格涨跌幅限制的日换手率达到20的前三只证券	20201222	星期二
62	605500	N森林	实力游资买入，成功率36.09	27.32	44.02	2267.51	3739.52	1472.01	5211.52	55661.47	4.07	9.36	41.55	14	无价格涨跌幅限制的证券	20201222	星期二
63	605500	N森林	实力游资买入，成功率36.09	27.32	44.02	2267.51	3739.52	1472.01	5211.52	55661.47	4.07	9.36	41.55	14	当日无价格涨跌幅限制的A股，出现异常波动停牌的	20201222	星期二
