1	000010	美丽生态	实力游资卖出，成功率33.33	3.59	-8.18	-901.24	1242.20	2143.44	3385.63	7365.62	-12.24	45.97	3.88	19	日跌幅偏离值达到7的前5只证券	20201228	星期一
2	000046	泛海控股	广东资金卖出，成功率60.00	3.21	-10.08	-4932.32	3771.04	8703.35	12474.39	13462.07	-36.64	92.66	0.79	166	日跌幅偏离值达到7的前5只证券	20201228	星期一
3	000421	南京公用	主力做T，成功率40.03	7.28	9.97	-1252.16	5096.43	6348.59	11445.02	78483.04	-1.60	14.58	11.06	42	连续三个交易日内，涨幅偏离值累计达到20的证券	20201228	星期一
4	000591	太阳能	实力游资买入，成功率40.13	7.13	10.03	-40370.10	30452.50	70822.61	101275.11	439879.17	-9.18	23.02	30.62	145	日涨幅偏离值达到7的前5只证券	20201228	星期一
5	000591	太阳能	实力游资买入，成功率40.13	7.13	10.03	-40370.10	30452.50	70822.61	101275.11	439879.17	-9.18	23.02	30.62	145	日换手率达到20的前5只证券	20201228	星期一
6	000593	大通燃气	西藏自治区资金买入，成功率34.23	7.01	4.63	-3087.61	3155.04	6242.65	9397.70	53708.22	-5.75	17.50	21.16	25	日换手率达到20的前5只证券	20201228	星期一
7	000662	*ST天夏	实力游资买入，成功率31.90	0.93	4.49	-96.94	936.62	1033.56	1970.17	11718.00	-0.83	16.81	5.64	10	连续三个交易日内，涨幅偏离值累计达到12的ST证券、*ST证券和未完成股改证券	20201228	星期一
8	000713	丰乐种业	1家机构买入，成功率46.03	17.26	10.01	11187.59	21669.14	10481.55	32150.70	175862.40	6.36	18.28	26.17	69	日涨幅偏离值达到7的前5只证券	20201228	星期一
9	000713	丰乐种业	1家机构买入，成功率46.03	17.26	10.01	11187.59	21669.14	10481.55	32150.70	175862.40	6.36	18.28	26.17	69	日换手率达到20的前5只证券	20201228	星期一
10	000757	浩物股份	1家机构卖出，成功率15.95	4.44	-7.88	-641.64	597.60	1239.24	1836.84	7784.52	-8.24	23.60	3.82	20	日跌幅偏离值达到7的前5只证券	20201228	星期一
11	000798	中水渔业	西藏自治区资金卖出，成功率25.39	12.74	-4.21	-227.88	4977.17	5205.06	10182.23	65718.62	-0.35	15.49	15.80	41	日振幅值达到15的前5只证券	20201228	星期一
12	000799	酒鬼酒	买一主买，成功率43.00	140.34	10.00	6750.19	27539.72	20789.52	48329.24	164673.56	4.10	29.35	3.64	456	日涨幅偏离值达到7的前5只证券	20201228	星期一
13	000813	德展健康	广东资金卖出，成功率44.29	4.37	-10.08	-5041.59	6015.24	11056.82	17072.06	24343.57	-20.71	70.13	2.48	97	日跌幅偏离值达到7的前5只证券	20201228	星期一
14	000813	德展健康	广东资金卖出，成功率47.78	4.37	-10.08	-5658.46	6175.38	11833.84	18009.21	46261.60	-12.23	38.93	2.48	97	连续三个交易日内，跌幅偏离值累计达到20的证券	20201228	星期一
15	000816	智慧农业	1家机构买入，成功率47.86	4.14	10.11	3503.15	10825.39	7322.25	18147.64	96565.67	3.63	18.79	18.02	55	日涨幅偏离值达到7的前5只证券	20201228	星期一
16	000990	诚志股份	主力做T，成功率51.67	11.61	-9.15	-2387.30	2846.99	5234.29	8081.28	16981.89	-14.06	47.59	1.70	97	日跌幅偏离值达到7的前5只证券	20201228	星期一
17	000993	闽东电力	实力游资买入，成功率46.08	8.17	9.96	-535.02	4669.87	5204.89	9874.76	67899.53	-0.79	14.54	6.66	30	连续三个交易日内，涨幅偏离值累计达到20的证券	20201228	星期一
18	001896	豫能控股	1家机构买入，成功率36.51	10.40	10.05	-801.19	10049.68	10850.87	20900.56	129492.80	-0.62	16.14	10.93	120	日涨幅偏离值达到7的前5只证券	20201228	星期一
19	002046	国机精工	实力游资买入，成功率39.09	10.56	2.62	-3702.18	3987.54	7689.72	11677.26	67617.74	-5.48	17.27	15.79	43	日振幅值达到15的前5只证券	20201228	星期一
20	002046	国机精工	主力做T，成功率38.99	10.56	2.62	883.87	10557.88	9674.01	20231.89	150535.59	0.59	13.44	15.79	43	连续三个交易日内，涨幅偏离值累计达到20的证券	20201228	星期一
21	002108	沧州明珠	实力游资买入，成功率46.92	5.26	10.04	3824.97	7594.12	3769.15	11363.27	52574.24	7.28	21.61	7.43	75	日涨幅偏离值达到7的前5只证券	20201228	星期一
22	002160	常铝股份	西藏自治区资金买入，成功率33.43	5.09	3.46	-2157.36	5654.67	7812.03	13466.70	109478.54	-1.97	12.30	28.85	37	日换手率达到20的前5只证券	20201228	星期一
23	002174	游族网络	实力游资卖出，成功率44.51	11.97	-10.00	559.03	5903.41	5344.38	11247.79	39318.78	1.42	28.61	4.66	83	日跌幅偏离值达到7的前5只证券	20201228	星期一
24	002225	濮耐股份	2家机构卖出，成功率46.73	4.67	-10.02	-716.04	1752.30	2468.33	4220.63	17127.05	-4.18	24.64	4.33	38	日跌幅偏离值达到7的前5只证券	20201228	星期一
25	002245	蔚蓝锂芯	实力游资买入，成功率51.82	14.33	9.98	4988.26	19452.19	14463.93	33916.12	225221.54	2.21	15.06	18.20	131	日涨幅偏离值达到7的前5只证券	20201228	星期一
26	002286	保龄宝	实力游资买入，成功率51.49	11.00	10.00	946.29	3951.86	3005.58	6957.44	29048.10	3.26	23.95	7.47	41	日涨幅偏离值达到7的前5只证券	20201228	星期一
27	002416	爱施德	广东资金卖出，成功率34.42	7.34	-10.05	-1542.45	4740.21	6282.66	11022.87	30706.06	-5.02	35.90	3.30	90	日跌幅偏离值达到7的前5只证券	20201228	星期一
28	002470	*ST金正	实力游资买入，成功率32.22	1.19	5.31	371.79	1216.78	844.99	2061.77	4898.00	7.59	42.09	0.13	34	连续三个交易日内，涨幅偏离值累计达到12的ST证券、*ST证券	20201228	星期一
29	002499	*ST科林	北京资金买入，成功率73.33	6.37	4.94	416.60	1612.57	1195.97	2808.55	4261.00	9.78	65.91	1.36	12	连续三个交易日内，涨幅偏离值累计达到12的ST证券、*ST证券	20201228	星期一
30	002564	天沃科技	西藏自治区资金买入，成功率41.19	4.93	10.04	-1514.94	4801.99	6316.93	11118.92	69431.38	-2.18	16.01	17.07	43	日涨幅偏离值达到7的前5只证券	20201228	星期一
31	002612	朗姿股份	实力游资买入，成功率46.67	22.62	10.02	7357.10	13424.94	6067.84	19492.78	100641.14	7.31	19.37	17.93	59	日涨幅偏离值达到7的前5只证券	20201228	星期一
32	002699	美盛文化	卖一主卖，成功率27.37	5.45	-10.07	-841.65	1230.37	2072.03	3302.40	6559.12	-12.83	50.35	1.31	50	日跌幅偏离值达到7的前5只证券	20201228	星期一
33	002699	美盛文化	卖一主卖，成功率24.32	5.45	-10.07	-2412.95	2388.47	4801.42	7189.89	20746.86	-11.63	34.66	1.31	50	连续三个交易日内，跌幅偏离值累计达到20的证券	20201228	星期一
34	002898	赛隆药业	卖一主卖，成功率28.70	10.19	-9.98	-1763.49	657.63	2421.12	3078.75	5282.04	-33.39	58.29	5.10	10	日跌幅偏离值达到7的前5只证券	20201228	星期一
35	002996	顺博合金	2家机构买入，成功率41.45	16.93	6.08	561.15	5983.42	5422.27	11405.69	35217.99	1.59	32.39	40.05	9	日换手率达到20的前5只证券	20201228	星期一
36	003009	中天火箭	西藏自治区资金买入，成功率30.82	70.25	5.91	-6178.00	6601.50	12779.51	19381.01	122396.84	-5.05	15.83	46.02	27	日换手率达到20的前5只证券	20201228	星期一
37	003023	彩虹集团	实力游资买入，成功率32.53	42.02	10.00	3090.17	4864.35	1774.18	6638.52	22242.08	13.89	29.85	26.51	9	日换手率达到20的前5只证券	20201228	星期一
38	003026	中晶科技	1家机构买入，成功率86.19	35.43	10.00	2042.29	2082.58	40.29	2122.87	2151.00	94.95	98.69	1.52	9	连续三个交易日内，涨幅偏离值累计达到20的证券	20201228	星期一
39	003028	振邦智能	买一主买，成功率36.67	31.32	44.00	755.83	790.74	34.92	825.66	791.01	95.55	104.38	0.92	9	无价格涨跌幅限制的证券	20201228	星期一
40	200613	大东海B	广东资金卖出，成功率36.67	1.77	-7.33	-19.40	22.95	42.35	65.30	57.73	-33.59	113.11	0.43	1	日跌幅偏离值达到7的前5只证券	20201228	星期一
41	300917	特发服务	实力游资买入，成功率30.94	51.00	15.80	2677.08	14716.07	12038.99	26755.06	70790.98	3.78	37.79	70.38	11	日涨幅达到15的前5只证券	20201228	星期一
42	300917	特发服务	实力游资买入，成功率30.94	51.00	15.80	2677.08	14716.07	12038.99	26755.06	70790.98	3.78	37.79	70.38	11	日换手率达到30的前5只证券	20201228	星期一
43	600121	郑州煤电	西藏自治区资金买入，成功率26.87	8.57	10.01	1415.28	21484.47	20069.20	41553.67	425066.85	0.33	9.78	15.13	104	非ST、*ST和S证券连续三个交易日内收盘价格涨幅偏离值累计达到20的证券	20201228	星期一
44	600139	西部资源	西藏自治区资金买入，成功率39.80	3.97	3.66	1047.87	8343.26	7295.38	15638.64	119234.82	0.88	13.12	24.03	26	非ST、*ST和S证券连续三个交易日内收盘价格涨幅偏离值累计达到20的证券	20201228	星期一
45	600185	格力地产	1家机构卖出，成功率62.97	6.50	-8.45	-23242.17	17754.52	40996.69	58751.22	204748.70	-11.35	28.69	4.21	134	非ST、*ST和S证券连续三个交易日内收盘价格跌幅偏离值累计达到20的证券	20201228	星期一
46	600219	南山铝业	买一主买，成功率49.07	3.26	10.14	25716.51	37855.49	12138.97	49994.46	150198.07	17.12	33.29	3.92	390	有价格涨跌幅限制的日收盘价格涨幅偏离值达到7的前三只证券	20201228	星期一
47	600292	远达环保	实力游资卖出，成功率35.34	8.31	-2.24	-5944.05	4667.80	10611.85	15279.65	105854.84	-5.62	14.43	15.78	65	有价格涨跌幅限制的日价格振幅达到15的前三只证券	20201228	星期一
48	600379	宝光股份	实力游资买入，成功率51.12	7.11	10.06	-2392.69	3498.58	5891.27	9389.85	48248.80	-4.96	19.46	15.67	23	非ST、*ST和S证券连续三个交易日内收盘价格涨幅偏离值累计达到20的证券	20201228	星期一
49	600415	小商品城	实力游资买入，成功率46.63	5.01	10.11	-4611.55	6285.05	10896.60	17181.64	32743.88	-14.08	52.47	1.24	273	有价格涨跌幅限制的日收盘价格涨幅偏离值达到7的前三只证券	20201228	星期一
50	600556	天下秀	1家机构买入，成功率54.66	12.29	2.42	-75.56	3964.78	4040.34	8005.12	15229.04	-0.50	52.56	3.60	43	有价格涨跌幅限制的日价格振幅达到15的前三只证券	20201228	星期一
51	600798	宁波海运	浙江资金买入，成功率35.27	4.91	10.09	2478.79	8766.74	6287.96	15054.70	93745.38	2.64	16.06	5.71	51	非ST、*ST和S证券连续三个交易日内收盘价格涨幅偏离值累计达到20的证券	20201228	星期一
52	600844	丹化科技	实力游资买入，成功率39.87	4.16	3.23	-747.13	7707.69	8454.82	16162.52	110271.50	-0.68	14.66	13.36	34	非ST、*ST和S证券连续三个交易日内收盘价格涨幅偏离值累计达到20的证券	20201228	星期一
53	600956	新天绿能	实力游资买入，成功率24.44	11.76	10.01	1027.57	9616.76	8589.19	18205.95	92176.02	1.11	19.75	59.81	16	有价格涨跌幅限制的日换手率达到20的前三只证券	20201228	星期一
54	601187	厦门银行	实力游资买入，成功率30.45	12.74	0.32	-1998.77	6531.16	8529.93	15061.09	101172.35	-1.98	14.89	30.14	34	有价格涨跌幅限制的日换手率达到20的前三只证券	20201228	星期一
55	601908	京运通	实力游资买入，成功率32.29	10.20	10.03	-39186.96	31215.72	70402.68	101618.39	490512.72	-7.99	20.72	9.71	203	非ST、*ST和S证券连续三个交易日内收盘价格涨幅偏离值累计达到20的证券	20201228	星期一
56	603038	华立股份	实力游资卖出，成功率47.11	10.32	-10.03	59.18	607.22	548.05	1155.27	2039.53	2.90	56.64	1.06	19	有价格涨跌幅限制的日收盘价格跌幅偏离值达到7的前三只证券	20201228	星期一
57	603077	和邦生物	浙江资金买入，成功率36.40	1.52	10.14	3398.51	6443.86	3045.35	9489.21	20595.33	16.50	46.07	1.53	134	有价格涨跌幅限制的日收盘价格涨幅偏离值达到7的前三只证券	20201228	星期一
58	603222	济民制药	广东资金卖出，成功率28.09	16.19	-10.01	-28581.47	8797.18	37378.66	46175.84	81767.69	-34.95	56.47	15.60	52	非ST、*ST和S证券连续三个交易日内收盘价格跌幅偏离值累计达到20的证券	20201228	星期一
59	603619	中曼石油	1家机构卖出，成功率29.50	9.14	-10.04	-1421.86	636.04	2057.90	2693.95	10555.73	-13.47	25.52	2.83	37	有价格涨跌幅限制的日收盘价格跌幅偏离值达到7的前三只证券	20201228	星期一
60	603665	康隆达	实力游资卖出，成功率53.33	30.14	-10.00	1838.16	10661.08	8822.93	19484.01	33719.00	5.45	57.78	6.78	48	有价格涨跌幅限制的日价格振幅达到15的前三只证券	20201228	星期一
61	603676	卫信康	卖一主卖，成功率43.33	8.88	-10.03	-356.88	504.43	861.31	1365.73	5236.98	-6.81	26.08	1.38	38	有价格涨跌幅限制的日收盘价格跌幅偏离值达到7的前三只证券	20201228	星期一
62	603993	洛阳钼业	2家机构买入，成功率41.24	5.95	9.98	32744.73	136454.15	103709.41	240163.56	1056101.56	3.10	22.74	5.28	1051	非ST、*ST和S证券连续三个交易日内收盘价格涨幅偏离值累计达到20的证券	20201228	星期一
63	605179	N一鸣	实力游资买入，成功率80.35	13.26	43.97	1006.96	1057.95	50.99	1108.93	1057.95	95.18	104.82	1.31	8	无价格涨跌幅限制的证券	20201228	星期一
64	605376	博迁新材	实力游资卖出，成功率58.72	44.98	-0.99	-2744.62	9052.33	11796.96	20849.29	126905.79	-2.16	16.43	41.30	29	有价格涨跌幅限制的日换手率达到20的前三只证券	20201228	星期一
65	605377	N华旺	实力游资买入，成功率47.29	24.32	30.54	2296.02	3851.26	1555.25	5406.51	50968.14	4.50	10.61	39.87	12	无价格涨跌幅限制的证券	20201228	星期一
66	605377	N华旺	实力游资买入，成功率47.29	24.32	30.54	2296.02	3851.26	1555.25	5406.51	50968.14	4.50	10.61	39.87	12	当日无价格涨跌幅限制的A股，出现异常波动停牌的	20201228	星期一
67	688788	科思科技	2家机构卖出，成功率47.05	146.40	-20.00	-4914.30	6395.39	11309.69	17705.08	54175.30	-9.07	32.68	20.49	24	有价格涨跌幅限制的日收盘价格跌幅达到15的前五只证券	20201228	星期一
