1	000626	远大控股	实力游资买入，成功率51.05	11.97	10.02	3413.76	5540.02	2126.26	7666.29	14072.73	24.26	54.48	2.59	56	日涨幅偏离值达到7的前5只证券	20201208	星期二
2	000633	合金投资	主力做T，成功率28.81	5.23	1.55	-619.41	5298.30	5917.70	11216.00	83162.96	-0.74	13.49	19.43	20	连续三个交易日内，涨幅偏离值累计达到20的证券	20201208	星期二
3	000752	*ST西发	实力游资买入，成功率6.67	3.99	5.00	-112.63	1170.64	1283.27	2453.91	5375.62	-2.10	45.65	2.35	11	连续三个交易日内，涨幅偏离值累计达到12的ST证券、*ST证券和未完成股改证券	20201208	星期二
4	000766	通化金马	广东资金卖出，成功率21.86	4.45	-9.92	-591.30	2117.38	2708.68	4826.07	17583.04	-3.36	27.45	5.53	31	日跌幅偏离值达到7的前5只证券	20201208	星期二
5	000798	中水渔业	广东资金卖出，成功率29.39	11.38	-1.47	-6882.26	4466.04	11348.30	15814.34	84703.09	-8.13	18.67	21.56	36	日换手率达到20的前5只证券	20201208	星期二
6	000812	陕西金叶	买一主买，成功率45.78	3.52	10.00	2124.37	6001.68	3877.31	9878.99	15653.97	13.57	63.11	6.73	24	日涨幅偏离值达到7的前5只证券	20201208	星期二
7	000851	高鸿股份	买一主买，成功率36.91	8.10	10.05	2368.84	5610.85	3242.01	8852.87	48052.95	4.93	18.42	7.05	71	日涨幅偏离值达到7的前5只证券	20201208	星期二
8	000861	海印股份	上海资金买入，成功率44.77	2.92	10.19	2308.34	3954.87	1646.54	5601.41	18296.02	12.62	30.62	3.02	63	日涨幅偏离值达到7的前5只证券	20201208	星期二
9	000913	钱江摩托	4家机构买入，成功率63.44	28.03	8.22	-1565.67	6752.80	8318.47	15071.27	27107.48	-5.78	55.60	2.18	127	日涨幅偏离值达到7的前5只证券	20201208	星期二
10	000923	河钢资源	主力做T，成功率42.36	24.00	-9.43	-1369.58	14970.12	16339.70	31309.82	72389.94	-1.89	43.25	4.60	151	日跌幅偏离值达到7的前5只证券	20201208	星期二
11	000939	凯迪退	买一主买，成功率39.81	0.16	6.67	30.29	245.29	215.00	460.29	697.35	4.34	66.01	1.48	5	退市整理期	20201208	星期二
12	002168	惠程科技	卖一主卖，成功率45.29	5.72	-9.92	-7149.87	1490.30	8640.17	10130.47	19824.86	-36.07	51.10	4.17	45	日跌幅偏离值达到7的前5只证券	20201208	星期二
13	002196	方正电机	1家机构卖出，成功率41.48	8.44	-5.91	-6302.61	6109.33	12411.93	18521.26	95075.64	-6.63	19.48	26.46	35	日振幅值达到15的前5只证券	20201208	星期二
14	002196	方正电机	1家机构卖出，成功率41.48	8.44	-5.91	-6302.61	6109.33	12411.93	18521.26	95075.64	-6.63	19.48	26.46	35	日换手率达到20的前5只证券	20201208	星期二
15	002240	盛新锂能	1家机构买入，成功率36.88	19.35	8.59	-3606.39	26187.75	29794.15	55981.90	298394.96	-1.21	18.76	9.57	135	连续三个交易日内，涨幅偏离值累计达到20的证券	20201208	星期二
16	002245	澳洋顺昌	江苏资金买入，成功率32.07	11.37	9.96	-2213.99	12724.92	14938.92	27663.84	105158.75	-2.11	26.31	10.67	104	日涨幅偏离值达到7的前5只证券	20201208	星期二
17	002245	澳洋顺昌	1家机构买入，成功率31.86	11.37	9.96	6950.27	31635.02	24684.74	56319.76	266487.82	2.61	21.13	10.67	104	连续三个交易日内，涨幅偏离值累计达到20的证券	20201208	星期二
18	002321	华英农业	主力做T，成功率33.73	4.45	-9.92	-5217.50	5364.36	10581.86	15946.21	57150.90	-9.13	27.90	23.55	24	日跌幅偏离值达到7的前5只证券	20201208	星期二
19	002499	*ST科林	实力游资买入，成功率50.00	4.83	2.55	629.62	2689.59	2059.97	4749.56	5849.80	10.76	81.19	4.23	9	连续三个交易日内，涨幅偏离值累计达到12的ST证券、*ST证券	20201208	星期二
20	002571	德力股份	上海资金卖出，成功率33.59	10.31	-9.96	-1303.46	9874.06	11177.53	21051.59	30814.00	-4.23	68.32	9.91	31	日跌幅偏离值达到7的前5只证券	20201208	星期二
21	002612	朗姿股份	1家机构买入，成功率43.02	15.98	9.98	2407.95	9555.01	7147.06	16702.07	60787.91	3.96	27.48	6.90	42	连续三个交易日内，涨幅偏离值累计达到20的证券	20201208	星期二
22	002636	金安国纪	实力游资买入，成功率34.39	12.19	10.02	71.76	7513.61	7441.84	14955.45	46775.72	0.15	31.97	5.39	88	日涨幅偏离值达到7的前5只证券	20201208	星期二
23	002636	金安国纪	实力游资买入，成功率20.61	12.19	10.02	752.15	8531.33	7779.18	16310.50	51925.42	1.45	31.41	5.39	88	连续三个交易日内，涨幅偏离值累计达到20的证券	20201208	星期二
24	002646	青青稞酒	1家机构买入，成功率43.11	17.33	10.03	2489.96	8517.46	6027.49	14544.95	69298.34	3.59	20.99	9.25	78	日涨幅偏离值达到7的前5只证券	20201208	星期二
25	002652	扬子新材	浙江资金卖出，成功率33.33	3.97	-9.98	-868.54	1244.25	2112.79	3357.04	17708.21	-4.90	18.96	9.88	18	日跌幅偏离值达到7的前5只证券	20201208	星期二
26	002709	天赐材料	实力游资买入，成功率41.22	84.25	10.00	18260.60	31009.42	12748.82	43758.24	103593.07	17.63	42.24	2.31	458	日涨幅偏离值达到7的前5只证券	20201208	星期二
27	002759	天际股份	1家机构买入，成功率33.13	14.18	10.01	2612.73	7977.57	5364.83	13342.40	35813.51	7.30	37.26	6.40	57	日涨幅偏离值达到7的前5只证券	20201208	星期二
28	002765	蓝黛科技	实力游资卖出，成功率31.65	5.83	-4.74	-6415.88	4989.67	11405.55	16395.23	98109.08	-6.54	16.71	17.98	16	连续三个交易日内，跌幅偏离值累计达到20的证券	20201208	星期二
29	002862	实丰文化	卖一主卖，成功率43.33	21.29	-10.02	-2374.42	2377.07	4751.48	7128.55	7894.46	-30.08	90.30	3.11	24	日跌幅偏离值达到7的前5只证券	20201208	星期二
30	002948	青岛银行	实力游资卖出，成功率37.31	6.18	-9.65	-4501.74	9835.07	14336.82	24171.89	136855.05	-3.29	17.66	35.84	37	日换手率达到20的前5只证券	20201208	星期二
31	002996	顺博合金	1家机构卖出，成功率42.71	16.09	-4.51	-1537.33	2695.40	4232.73	6928.13	29628.44	-5.19	23.38	33.96	9	日换手率达到20的前5只证券	20201208	星期二
32	003004	声迅股份	西藏自治区资金买入，成功率28.48	47.97	3.14	684.47	3605.99	2921.52	6527.51	51703.03	1.32	12.63	56.23	10	日振幅值达到15的前5只证券	20201208	星期二
33	003004	声迅股份	西藏自治区资金买入，成功率28.48	47.97	3.14	684.47	3605.99	2921.52	6527.51	51703.03	1.32	12.63	56.23	10	日换手率达到20的前5只证券	20201208	星期二
34	003004	声迅股份	实力游资买入，成功率32.27	47.97	3.14	252.13	4118.76	3866.63	7985.38	59675.61	0.42	13.38	56.23	10	连续三个交易日内，日均换手率与前五个交易日的日均换手率的比值达到30倍，且换手率累计达20的证券	20201208	星期二
35	003021	兆威机电	主力做T，成功率30.59	93.40	-4.06	361.09	4308.11	3947.02	8255.13	71207.48	0.51	11.59	29.60	25	日换手率达到20的前5只证券	20201208	星期二
36	003022	联泓新科	实力游资买入，成功率28.63	16.50	43.98	1573.56	1629.82	56.25	1686.07	1874.97	83.92	89.92	0.77	24	无价格涨跌幅限制的证券	20201208	星期二
37	300064	ST金刚	实力游资买入，成功率30.99	4.98	20.00	4703.61	7666.80	2963.19	10629.99	71738.54	6.56	14.82	21.82	35	日涨幅达到15的前5只证券	20201208	星期二
38	300490	华自科技	1家机构买入，成功率41.42	12.49	19.98	3310.19	5034.65	1724.46	6759.11	28930.40	11.44	23.36	10.40	29	日涨幅达到15的前5只证券	20201208	星期二
39	300503	昊志机电	3家机构卖出，成功率33.74	14.72	-20.00	-4774.87	4360.05	9134.92	13494.97	27750.67	-17.21	48.63	9.33	28	日跌幅达到15的前5只证券	20201208	星期二
40	300752	隆利科技	实力游资买入，成功率36.61	47.04	20.00	-3347.36	3961.85	7309.20	11271.05	72922.56	-4.59	15.46	50.54	16	日涨幅达到15的前5只证券	20201208	星期二
41	300752	隆利科技	实力游资买入，成功率36.61	47.04	20.00	-3347.36	3961.85	7309.20	11271.05	72922.56	-4.59	15.46	50.54	16	日换手率达到30的前5只证券	20201208	星期二
42	300849	锦盛新材	实力游资卖出，成功率44.43	32.48	-5.50	-1520.23	3406.68	4926.91	8333.59	29285.14	-5.19	28.46	35.98	8	日换手率达到30的前5只证券	20201208	星期二
43	300898	熊猫乳品	1家机构卖出，成功率46.59	58.28	-2.61	-1213.86	4627.23	5841.09	10468.32	55127.00	-2.20	18.99	34.82	15	日换手率达到30的前5只证券	20201208	星期二
44	600121	郑州煤电	西藏自治区资金买入，成功率21.23	4.49	4.66	1605.49	6025.11	4419.62	10444.73	81768.85	1.96	12.77	16.71	55	有价格涨跌幅限制的日价格振幅达到15的前三只证券	20201208	星期二
45	600191	华资实业	实力游资卖出，成功率30.70	6.75	-10.00	-2008.76	2768.26	4777.03	7545.29	50860.13	-3.95	14.84	15.25	33	有价格涨跌幅限制的日收盘价格跌幅偏离值达到7的前三只证券	20201208	星期二
46	600199	金种子酒	实力游资买入，成功率42.41	11.27	7.33	1052.74	18846.42	17793.68	36640.10	306799.70	0.34	11.94	17.29	68	非ST、*ST和S证券连续三个交易日内收盘价格涨幅偏离值累计达到20的证券	20201208	星期二
47	600237	铜峰电子	实力游资买入，成功率51.81	5.45	10.10	5651.13	7192.94	1541.82	8734.76	16310.84	34.65	53.55	5.35	31	有价格涨跌幅限制的日收盘价格涨幅偏离值达到7的前三只证券	20201208	星期二
48	600257	大湖股份	实力游资买入，成功率39.79	6.05	10.00	2245.81	9083.20	6837.39	15920.59	91916.84	2.44	17.32	25.73	29	非ST、*ST和S证券连续三个交易日内收盘价格涨幅偏离值累计达到20的证券	20201208	星期二
49	600295	鄂尔多斯	实力游资卖出，成功率35.82	10.86	-10.02	-2633.65	5070.06	7703.71	12773.77	49363.27	-5.34	25.88	6.73	71	有价格涨跌幅限制的日收盘价格跌幅偏离值达到7的前三只证券	20201208	星期二
50	600509	天富能源	买一主买，成功率53.49	4.75	9.95	823.81	5588.65	4764.84	10353.49	48390.25	1.70	21.40	6.90	55	非ST、*ST和S证券连续三个交易日内收盘价格涨幅偏离值累计达到20的证券	20201208	星期二
51	600559	老白干酒	1家机构买入，成功率52.95	22.65	10.00	5166.84	65709.57	60542.73	126252.29	841729.64	0.61	15.00	18.23	199	非ST、*ST和S证券连续三个交易日内收盘价格涨幅偏离值累计达到20的证券	20201208	星期二
52	600593	大连圣亚	买一主买，成功率37.93	27.22	9.63	712.45	16136.73	15424.27	31561.00	58241.15	1.22	54.19	19.83	35	有价格涨跌幅限制的日价格振幅达到15的前三只证券	20201208	星期二
53	600702	ST舍得	实力游资买入，成功率55.18	67.61	5.00	2394.16	8221.52	5827.36	14048.88	38376.35	6.24	36.61	0.12	224	ST、*ST和S证券连续三个交易日内收盘价格涨幅偏离值累计达到15的证券	20201208	星期二
54	600707	彩虹股份	实力游资卖出，成功率54.72	6.50	-6.74	-17747.60	17069.36	34816.97	51886.33	363900.15	-4.88	14.26	7.28	161	非ST、*ST和S证券连续三个交易日内收盘价格跌幅偏离值累计达到20的证券	20201208	星期二
55	600791	京能置业	买一主买，成功率60.14	4.59	10.07	1279.41	1898.50	619.09	2517.58	4028.43	31.76	62.50	2.01	21	有价格涨跌幅限制的日收盘价格涨幅偏离值达到7的前三只证券	20201208	星期二
56	601015	陕西黑猫	实力游资买入，成功率32.28	3.83	10.06	434.54	1815.99	1381.46	3197.45	7674.87	5.66	41.66	1.26	62	有价格涨跌幅限制的日收盘价格涨幅偏离值达到7的前三只证券	20201208	星期二
57	601717	郑煤机	1家机构买入，成功率46.99	11.72	10.05	7262.21	32736.44	25474.22	58210.66	155679.64	4.66	37.39	6.12	175	非ST、*ST和S证券连续三个交易日内收盘价格涨幅偏离值累计达到20的证券	20201208	星期二
58	603439	贵州三力	卖一主卖，成功率52.63	23.09	-10.02	-566.52	1396.88	1963.40	3360.28	20531.18	-2.76	16.37	21.64	9	有价格涨跌幅限制的日收盘价格跌幅偏离值达到7的前三只证券	20201208	星期二
59	605007	五洲特纸	广东资金买入，成功率45.09	28.03	1.37	-106.43	4393.00	4499.43	8892.42	34539.72	-0.31	25.75	31.20	11	有价格涨跌幅限制的日换手率达到20的前三只证券	20201208	星期二
60	605266	健之佳	广东资金买入，成功率25.90	169.05	10.00	8649.81	16405.28	7755.47	24160.75	102123.57	8.47	23.66	46.74	22	有价格涨跌幅限制的日换手率达到20的前三只证券	20201208	星期二
61	605376	N博迁	买一主买，成功率54.44	16.83	43.97	720.10	774.79	54.69	829.48	774.79	92.94	107.06	0.71	11	无价格涨跌幅限制的证券	20201208	星期二
62	605376	N博迁	买一主买，成功率54.44	16.83	43.97	720.10	774.79	54.69	829.48	774.79	92.94	107.06	0.71	11	当日无价格涨跌幅限制的A股，出现异常波动停牌的	20201208	星期二
63	605388	均瑶健康	实力游资买入，成功率35.81	21.76	0.32	-1763.31	2574.58	4337.89	6912.48	47004.89	-3.75	14.71	30.59	15	有价格涨跌幅限制的日换手率达到20的前三只证券	20201208	星期二
64	900921	丹科B股	实力游资卖出，成功率48.89	0.18	-9.74	-4.71	17.00	21.71	38.71	49.47	-9.52	78.25	1.44	0	有价格涨跌幅限制的日收盘价格跌幅偏离值达到7的前三只证券	20201208	星期二
