1	000066	中国长城	2家机构买入，成功率47.22	15.73	10.00	33901.85	49679.59	15777.74	65457.33	198441.32	17.08	32.99	4.39	461	日涨幅偏离值达到7的前5只证券	20201215	星期二
2	000153	丰原药业	买一主买，成功率46.68	8.83	9.96	2448.41	5402.18	2953.77	8355.95	19440.02	12.59	42.98	7.11	28	日涨幅偏离值达到7的前5只证券	20201215	星期二
3	000521	长虹美菱	买一主买，成功率45.72	4.59	10.07	3327.53	9158.34	5830.82	14989.16	80282.29	4.14	18.67	20.73	40	日涨幅偏离值达到7的前5只证券	20201215	星期二
4	000521	长虹美菱	买一主买，成功率45.72	4.59	10.07	3327.53	9158.34	5830.82	14989.16	80282.29	4.14	18.67	20.73	40	日换手率达到20的前5只证券	20201215	星期二
5	000613	大东海A	实力游资卖出，成功率41.34	5.09	-9.91	-212.45	563.84	776.30	1340.14	4675.61	-4.54	28.66	3.40	14	日跌幅偏离值达到7的前5只证券	20201215	星期二
6	000615	奥园美谷	卖一主卖，成功率26.81	6.16	-9.94	-8510.76	4874.67	13385.43	18260.11	53595.86	-15.88	34.07	11.02	48	日跌幅偏离值达到7的前5只证券	20201215	星期二
7	000816	智慧农业	实力游资买入，成功率42.08	3.54	9.94	4627.74	10006.67	5378.93	15385.61	76333.86	6.06	20.16	16.70	47	日涨幅偏离值达到7的前5只证券	20201215	星期二
8	000939	凯迪退	卖一主卖，成功率24.00	0.15	-6.25	40.35	377.99	337.65	715.64	1173.73	3.44	60.97	2.54	5	退市整理期	20201215	星期二
9	001896	豫能控股	实力游资买入，成功率43.99	4.55	9.90	1737.49	9062.71	7325.21	16387.92	46873.72	3.71	34.96	9.07	52	日涨幅偏离值达到7的前5只证券	20201215	星期二
10	002002	鸿达兴业	1家机构卖出，成功率26.95	3.42	-10.00	-3690.26	4452.65	8142.91	12595.55	47704.78	-7.74	26.40	5.29	88	日跌幅偏离值达到7的前5只证券	20201215	星期二
11	002058	威尔泰	实力游资卖出，成功率43.47	15.35	-9.97	-130.59	1329.84	1460.44	2790.28	5511.99	-2.37	50.62	2.47	22	日跌幅偏离值达到7的前5只证券	20201215	星期二
12	002071	*ST长城	主力做T，成功率45.54	1.18	-4.84	324.79	1264.17	939.38	2203.55	8149.97	3.99	27.04	4.12	6	连续三个交易日内，跌幅偏离值累计达到12的ST证券、*ST证券	20201215	星期二
13	002162	悦心健康	主力做T，成功率29.16	4.79	10.11	-1343.94	5375.60	6719.55	12095.15	36150.28	-3.72	33.46	8.85	41	日涨幅偏离值达到7的前5只证券	20201215	星期二
14	002286	保龄宝	买一主买，成功率45.80	11.36	9.97	2216.74	5101.17	2884.42	7985.59	20403.08	10.86	39.14	4.94	42	日涨幅偏离值达到7的前5只证券	20201215	星期二
15	002316	亚联发展	实力游资卖出，成功率44.97	4.73	-9.90	-278.00	902.13	1180.12	2082.25	11516.08	-2.41	18.08	8.15	14	日跌幅偏离值达到7的前5只证券	20201215	星期二
16	002366	台海核电	卖一主卖，成功率39.94	3.74	-9.88	-375.52	608.86	984.38	1593.25	5951.41	-6.31	26.77	2.60	23	日跌幅偏离值达到7的前5只证券	20201215	星期二
17	002612	朗姿股份	1家机构买入，成功率40.18	24.72	5.64	-5431.97	13339.86	18771.83	32111.69	187262.87	-2.90	17.15	29.00	65	日换手率达到20的前5只证券	20201215	星期二
18	002647	仁东控股	买一主买，成功率40.33	15.14	10.03	-49348.67	68116.19	117464.86	185581.05	330254.90	-14.94	56.19	44.58	85	日振幅值达到15的前5只证券	20201215	星期二
19	002647	仁东控股	买一主买，成功率40.33	15.14	10.03	-49348.67	68116.19	117464.86	185581.05	330254.90	-14.94	56.19	44.58	85	日涨幅偏离值达到7的前5只证券	20201215	星期二
20	002647	仁东控股	买一主买，成功率40.33	15.14	10.03	-49348.67	68116.19	117464.86	185581.05	330254.90	-14.94	56.19	44.58	85	日换手率达到20的前5只证券	20201215	星期二
21	002647	仁东控股	买一主买，成功率40.33	15.14	10.03	-49348.67	68116.19	117464.86	185581.05	330254.90	-14.94	56.19	44.58	85	连续三个交易日内，日均换手率与前五个交易日的日均换手率的比值达到30倍，且换手率累计达20的证券	20201215	星期二
22	002730	电光科技	浙江资金卖出，成功率25.90	10.34	-10.01	-314.75	1678.78	1993.53	3672.30	4960.68	-6.34	74.03	1.50	32	日跌幅偏离值达到7的前5只证券	20201215	星期二
23	002862	实丰文化	实力游资卖出，成功率52.37	13.23	-5.30	-5682.33	6187.57	11869.90	18057.47	43757.09	-12.99	41.27	27.65	15	连续三个交易日内，跌幅偏离值累计达到20的证券	20201215	星期二
24	002862	实丰文化	实力游资卖出，成功率52.37	13.23	-5.30	-5682.78	6187.12	11869.90	18057.02	41087.44	-13.83	43.95	27.65	15	日换手率达到20的前5只证券	20201215	星期二
25	002993	奥海科技	2家机构买入，成功率46.17	81.70	10.00	5693.35	8011.04	2317.68	10328.72	41767.27	13.63	24.73	11.76	37	日涨幅偏离值达到7的前5只证券	20201215	星期二
26	003004	声迅股份	买一主买，成功率31.23	40.07	5.70	972.30	2226.47	1254.17	3480.64	22778.10	4.27	15.28	28.20	8	日换手率达到20的前5只证券	20201215	星期二
27	003020	立方制药	买一主买，成功率46.35	33.31	44.01	462.25	496.22	33.98	530.20	496.22	93.15	106.85	0.64	8	无价格涨跌幅限制的证券	20201215	星期二
28	003023	彩虹集团	实力游资买入，成功率38.08	41.62	9.99	1985.81	4315.48	2329.67	6645.14	27535.66	7.21	24.13	33.43	8	日涨幅偏离值达到7的前5只证券	20201215	星期二
29	003023	彩虹集团	实力游资买入，成功率38.08	41.62	9.99	1985.81	4315.48	2329.67	6645.14	27535.66	7.21	24.13	33.43	8	日换手率达到20的前5只证券	20201215	星期二
30	200613	大东海B	广东资金卖出，成功率37.02	1.98	-10.00	-26.64	28.20	54.84	83.04	63.25	-42.12	131.28	0.42	1	日跌幅偏离值达到7的前5只证券	20201215	星期二
31	300593	新雷能	2家机构买入，成功率48.02	30.98	16.34	1651.21	7353.89	5702.68	13056.56	69440.39	2.38	18.80	19.01	38	日涨幅达到15的前5只证券	20201215	星期二
32	300766	每日互动	5家机构卖出，成功率34.44	20.00	-20.00	920.63	2363.81	1443.18	3806.99	10453.43	8.81	36.42	1.67	62	日跌幅达到15的前5只证券	20201215	星期二
33	300898	熊猫乳品	2家机构买入，成功率44.25	58.77	3.01	1722.68	6148.24	4425.56	10573.80	54224.31	3.18	19.50	35.13	16	日换手率达到30的前5只证券	20201215	星期二
34	300913	兆龙互连	卖一主卖，成功率37.38	39.70	-1.76	-131.42	3162.85	3294.27	6457.12	39813.72	-0.33	16.22	34.53	12	日换手率达到30的前5只证券	20201215	星期二
35	600006	东风汽车	实力游资买入，成功率42.47	6.97	9.94	-1118.44	8683.72	9802.16	18485.88	120501.31	-0.93	15.34	3.98	139	非ST、*ST和S证券连续三个交易日内收盘价格涨幅偏离值累计达到20的证券	20201215	星期二
36	600033	福建高速	买一主买，成功率46.67	2.63	0.38	557.23	557.23	-	557.23	1120.74	49.72	49.72	0.16	72	单只标的证券的当日融资买入数量达到当日该证券总交易量的50％以上	20201215	星期二
37	600293	三峡新材	实力游资买入，成功率40.01	2.70	10.20	104.66	2968.53	2863.87	5832.41	7326.64	1.43	79.61	2.34	31	有价格涨跌幅限制的日收盘价格涨幅偏离值达到7的前三只证券	20201215	星期二
38	600375	华菱星马	实力游资买入，成功率48.44	9.74	10.06	-2120.72	5443.07	7563.79	13006.87	53145.96	-3.99	24.47	10.11	54	有价格涨跌幅限制的日收盘价格涨幅偏离值达到7的前三只证券	20201215	星期二
39	600511	国药股份	1家机构卖出，成功率32.22	49.71	-9.99	10980.27	33961.45	22981.18	56942.63	397200.06	2.76	14.34	14.26	275	有价格涨跌幅限制的日收盘价格跌幅偏离值达到7的前三只证券	20201215	星期二
40	600511	国药股份	1家机构卖出，成功率31.57	49.71	-9.99	9686.91	34847.34	25160.43	60007.76	446092.97	2.17	13.45	14.26	275	非ST、*ST和S证券连续三个交易日内收盘价格跌幅偏离值累计达到20的证券	20201215	星期二
41	600616	金枫酒业	实力游资买入，成功率19.04	8.29	1.22	-5353.11	4095.45	9448.57	13544.02	81306.87	-6.58	16.66	14.69	55	有价格涨跌幅限制的日价格振幅达到15的前三只证券	20201215	星期二
42	600826	兰生股份	买一主买，成功率50.00	9.37	0.32	454.40	454.40	-	454.40	854.17	53.20	53.20	0.22	39	单只标的证券的当日融资买入数量达到当日该证券总交易量的50％以上	20201215	星期二
43	601127	小康股份	实力游资买入，成功率47.99	19.59	9.99	-4504.49	18795.66	23300.15	42095.81	372541.95	-1.21	11.30	9.66	185	非ST、*ST和S证券连续三个交易日内收盘价格涨幅偏离值累计达到20的证券	20201215	星期二
44	601566	九牧王	实力游资买入，成功率42.24	11.61	10.05	1729.81	3721.91	1992.10	5714.01	11472.22	15.08	49.81	1.78	67	有价格涨跌幅限制的日收盘价格涨幅偏离值达到7的前三只证券	20201215	星期二
45	603290	斯达半导	3家机构卖出，成功率39.99	268.65	-10.00	11951.18	27925.26	15974.08	43899.33	103375.19	11.56	42.47	9.12	107	有价格涨跌幅限制的日收盘价格跌幅偏离值达到7的前三只证券	20201215	星期二
46	605007	五洲特纸	广东资金买入，成功率39.01	30.09	3.37	-666.07	3110.46	3776.53	6886.98	33827.12	-1.97	20.36	28.81	12	有价格涨跌幅限制的日换手率达到20的前三只证券	20201215	星期二
47	605111	新洁能	浙江资金卖出，成功率37.14	217.80	-10.00	2108.80	14157.69	12048.89	26206.58	106273.01	1.98	24.66	18.31	55	有价格涨跌幅限制的日收盘价格跌幅偏离值达到7的前三只证券	20201215	星期二
48	605151	N西上海	买一主买，成功率36.99	23.23	44.02	699.79	731.85	32.06	763.91	731.85	95.62	104.38	0.95	8	无价格涨跌幅限制的证券	20201215	星期二
49	605151	N西上海	买一主买，成功率36.99	23.23	44.02	699.79	731.85	32.06	763.91	731.85	95.62	104.38	0.95	8	当日无价格涨跌幅限制的A股，出现异常波动停牌的	20201215	星期二
50	605299	N舒华	买一主买，成功率56.95	10.47	44.02	390.64	411.56	20.92	432.48	411.56	94.92	105.08	0.79	5	无价格涨跌幅限制的证券	20201215	星期二
51	605299	N舒华	买一主买，成功率56.95	10.47	44.02	390.64	411.56	20.92	432.48	411.56	94.92	105.08	0.79	5	当日无价格涨跌幅限制的A股，出现异常波动停牌的	20201215	星期二
52	605358	立昂微	1家机构卖出，成功率33.22	124.63	-6.02	-2763.52	12212.52	14976.04	27188.56	212003.40	-1.30	12.82	39.75	51	有价格涨跌幅限制的日价格振幅达到15的前三只证券	20201215	星期二
53	605358	立昂微	1家机构卖出，成功率33.22	124.63	-6.02	-2763.52	12212.52	14976.04	27188.56	212003.40	-1.30	12.82	39.75	51	有价格涨跌幅限制的日换手率达到20的前三只证券	20201215	星期二
54	605388	均瑶健康	实力游资买入，成功率40.60	23.98	2.87	787.57	7405.93	6618.36	14024.28	57966.13	1.36	24.19	34.42	17	有价格涨跌幅限制的日换手率达到20的前三只证券	20201215	星期二
55	900938	海科B	卖一主卖，成功率26.03	0.23	-7.91	-17.13	15.05	32.18	47.23	64.53	-26.54	73.20	0.84	1	有价格涨跌幅限制的日收盘价格跌幅偏离值达到7的前三只证券	20201215	星期二
