1	000411	英特集团	1家机构买入，成功率43.96	21.16	7.79	996.95	3096.95	2100.00	5196.95	42972.61	2.32	12.09	10.17	44	日涨幅偏离值达到7的前5只证券	20201210	星期四
2	000521	长虹美菱	实力游资买入，成功率33.12	4.11	9.89	-2009.84	5814.51	7824.35	13638.86	47499.09	-4.23	28.71	13.56	36	日涨幅偏离值达到7的前5只证券	20201210	星期四
3	000521	长虹美菱	主力做T，成功率32.92	4.11	9.89	2816.48	10647.69	7831.21	18478.91	66852.83	4.21	27.64	13.56	36	连续三个交易日内，涨幅偏离值累计达到20的证券	20201210	星期四
4	000798	中水渔业	主力做T，成功率34.55	10.66	-9.97	-57.84	4000.61	4058.45	8059.07	43859.17	-0.13	18.37	12.53	34	日跌幅偏离值达到7的前5只证券	20201210	星期四
5	000919	金陵药业	实力游资买入，成功率44.78	7.50	9.97	4582.09	7240.85	2658.76	9899.62	30140.67	15.20	32.84	8.12	38	日涨幅偏离值达到7的前5只证券	20201210	星期四
6	000939	凯迪退	实力游资买入，成功率51.67	0.15	0.00	-74.63	194.55	269.18	463.73	1085.05	-6.88	42.74	2.40	5	退市整理期	20201210	星期四
7	002096	南岭民爆	卖一主卖，成功率33.89	13.82	-9.97	-24202.89	4022.80	28225.68	32248.48	41082.45	-58.91	78.50	7.54	51	日跌幅偏离值达到7的前5只证券	20201210	星期四
8	002466	天齐锂业	主力做T，成功率35.15	28.17	-10.00	-36087.20	60627.52	96714.73	157342.25	498572.35	-7.24	31.56	11.61	415	日跌幅偏离值达到7的前5只证券	20201210	星期四
9	002524	光正眼科	1家机构买入，成功率61.49	14.73	10.01	3081.07	7571.01	4489.94	12060.94	78073.51	3.95	15.45	11.14	72	日涨幅偏离值达到7的前5只证券	20201210	星期四
10	002534	杭锅股份	1家机构卖出，成功率36.56	9.14	-9.95	-379.16	1686.31	2065.47	3751.77	12800.21	-2.96	29.31	1.81	67	日跌幅偏离值达到7的前5只证券	20201210	星期四
11	002553	南方轴承	实力游资买入，成功率42.94	9.54	10.03	-75.75	4054.84	4130.59	8185.43	35647.19	-0.21	22.96	16.50	22	日涨幅偏离值达到7的前5只证券	20201210	星期四
12	002571	德力股份	上海资金卖出，成功率28.10	8.77	-5.60	-743.47	16977.66	17721.14	34698.80	88743.26	-0.84	39.10	8.35	26	连续三个交易日内，跌幅偏离值累计达到20的证券	20201210	星期四
13	002612	朗姿股份	1家机构买入，成功率52.53	19.34	10.01	1492.32	8542.33	7050.01	15592.33	61808.45	2.41	25.23	12.47	51	日涨幅偏离值达到7的前5只证券	20201210	星期四
14	002612	朗姿股份	2家机构买入，成功率51.06	19.34	10.01	-3572.55	14714.50	18287.06	33001.56	140029.55	-2.55	23.57	12.47	51	连续三个交易日内，涨幅偏离值累计达到20的证券	20201210	星期四
15	002636	金安国纪	卖一主卖，成功率42.28	9.87	-10.03	1316.15	5867.88	4551.72	10419.60	66339.30	1.98	15.71	9.00	71	日跌幅偏离值达到7的前5只证券	20201210	星期四
16	002646	青青稞酒	主力做T，成功率31.82	19.51	2.36	-5074.21	8015.13	13089.34	21104.47	129101.12	-3.93	16.35	14.46	88	日振幅值达到15的前5只证券	20201210	星期四
17	002670	国盛金控	普通席位卖出，成功率42.19	13.68	-10.00	2257.57	26105.22	23847.65	49952.87	224541.70	1.01	22.25	9.82	222	日跌幅偏离值达到7的前5只证券	20201210	星期四
18	002862	实丰文化	广东资金卖出，成功率46.67	17.24	-10.02	-3902.93	2442.49	6345.42	8787.91	10004.36	-39.01	87.84	0.21	20	连续三个交易日内，跌幅偏离值累计达到20的证券	20201210	星期四
19	002948	青岛银行	主力做T，成功率61.40	5.96	-1.00	3760.58	9483.09	5722.52	15205.61	80262.47	4.69	18.94	22.70	36	日换手率达到20的前5只证券	20201210	星期四
20	002985	北摩高科	1家机构买入，成功率45.03	172.00	10.00	8416.84	12689.94	4273.10	16963.04	43644.12	19.29	38.87	7.03	65	日涨幅偏离值达到7的前5只证券	20201210	星期四
21	002996	顺博合金	买一主买，成功率39.94	16.49	3.97	926.68	2459.17	1532.49	3991.67	23884.26	3.88	16.71	28.21	9	日换手率达到20的前5只证券	20201210	星期四
22	003004	声迅股份	实力游资卖出，成功率36.19	39.73	-7.99	-92.59	1966.98	2059.57	4026.54	27260.57	-0.34	14.77	32.87	8	日换手率达到20的前5只证券	20201210	星期四
23	003022	联泓新科	实力游资买入，成功率29.46	19.97	10.03	-1485.35	7342.03	8827.39	16169.42	77306.67	-1.92	20.92	27.00	29	日涨幅偏离值达到7的前5只证券	20201210	星期四
24	003022	联泓新科	主力做T，成功率47.30	19.97	10.03	4693.14	14204.73	9511.59	23716.32	177066.65	2.65	13.39	27.00	29	连续三个交易日内，涨幅偏离值累计达到20的证券	20201210	星期四
25	003022	联泓新科	实力游资买入，成功率29.46	19.97	10.03	-1485.35	7342.03	8827.39	16169.42	77306.67	-1.92	20.92	27.00	29	日换手率达到20的前5只证券	20201210	星期四
26	300317	珈伟新能	实力游资买入，成功率38.85	7.31	20.03	2064.44	5808.10	3743.67	9551.77	62613.76	3.30	15.26	11.59	56	日涨幅达到15的前5只证券	20201210	星期四
27	300389	艾比森	江苏资金买入，成功率44.15	14.82	20.00	4753.59	10241.16	5487.57	15728.72	82759.45	5.74	19.01	38.16	24	日涨幅达到15的前5只证券	20201210	星期四
28	300389	艾比森	江苏资金买入，成功率44.15	14.82	20.00	4753.59	10241.16	5487.57	15728.72	82759.45	5.74	19.01	38.16	24	日换手率达到30的前5只证券	20201210	星期四
29	300389	艾比森	江苏资金买入，成功率42.32	14.82	20.00	7621.87	14510.27	6888.40	21398.67	120646.15	6.32	17.74	38.16	24	连续三个交易日内，涨幅偏离值累计达到30的证券	20201210	星期四
30	300393	中来股份	实力游资买入，成功率41.91	10.62	20.00	35.76	8624.29	8588.53	17212.82	83585.01	0.04	20.59	15.53	56	日涨幅达到15的前5只证券	20201210	星期四
31	300752	隆利科技	2家机构买入，成功率43.58	42.31	3.83	166.68	4451.34	4284.67	8736.01	50645.27	0.33	17.25	36.52	14	日换手率达到30的前5只证券	20201210	星期四
32	300881	盛德鑫泰	1家机构买入，成功率38.24	46.46	19.50	-956.66	4499.90	5456.55	9956.45	56560.77	-1.69	17.60	53.54	11	日涨幅达到15的前5只证券	20201210	星期四
33	300881	盛德鑫泰	1家机构买入，成功率38.24	46.46	19.50	-956.66	4499.90	5456.55	9956.45	56560.77	-1.69	17.60	53.54	11	日换手率达到30的前5只证券	20201210	星期四
34	300911	亿田智能	西藏自治区资金卖出，成功率25.82	50.10	-8.84	2034.75	5300.95	3266.20	8567.15	44701.57	4.55	19.17	34.34	13	日换手率达到30的前5只证券	20201210	星期四
35	600117	西宁特钢	买一主买，成功率42.77	4.27	10.05	2493.76	3190.29	696.53	3886.83	8441.93	29.54	46.04	1.93	45	有价格涨跌幅限制的日收盘价格涨幅偏离值达到7的前三只证券	20201210	星期四
36	600257	大湖股份	实力游资卖出，成功率23.32	6.23	-6.46	-3357.98	7905.98	11263.96	19169.95	109531.95	-3.07	17.50	35.35	30	有价格涨跌幅限制的日价格振幅达到15的前三只证券	20201210	星期四
37	600257	大湖股份	实力游资卖出，成功率23.32	6.23	-6.46	-3357.98	7905.98	11263.96	19169.95	109531.95	-3.07	17.50	35.35	30	有价格涨跌幅限制的日换手率达到20的前三只证券	20201210	星期四
38	600381	青海春天	买一主买，成功率44.83	6.86	8.37	66.80	4479.65	4412.85	8892.50	76754.30	0.09	11.59	9.24	40	非ST、*ST和S证券连续三个交易日内收盘价格涨幅偏离值累计达到20的证券	20201210	星期四
39	600682	南京新百	买一主买，成功率43.66	12.17	10.04	3236.43	5808.43	2572.00	8380.43	29422.15	11.00	28.48	2.15	142	有价格涨跌幅限制的日收盘价格涨幅偏离值达到7的前三只证券	20201210	星期四
40	600883	博闻科技	实力游资买入，成功率40.08	8.99	10.04	1165.36	2199.59	1034.23	3233.82	8965.15	13.00	36.07	4.31	21	有价格涨跌幅限制的日收盘价格涨幅偏离值达到7的前三只证券	20201210	星期四
41	600889	南京化纤	浙江资金卖出，成功率60.23	7.10	-7.79	-6312.64	5772.13	12084.77	17856.89	38994.36	-16.19	45.79	15.27	24	有价格涨跌幅限制的日价格振幅达到15的前三只证券	20201210	星期四
42	603089	正裕工业	实力游资卖出，成功率59.44	11.16	-9.71	-894.60	2024.91	2919.51	4944.42	9056.86	-9.88	54.59	3.54	25	有价格涨跌幅限制的日价格振幅达到15的前三只证券	20201210	星期四
43	603557	起步股份	实力游资卖出，成功率42.99	9.14	-10.04	-2452.38	1799.58	4251.95	6051.53	11445.09	-21.43	52.87	2.46	45	有价格涨跌幅限制的日收盘价格跌幅偏离值达到7的前三只证券	20201210	星期四
44	603655	朗博科技	实力游资卖出，成功率28.83	26.97	-10.01	-4080.30	2654.96	6735.26	9390.22	18158.44	-22.47	51.71	19.80	9	有价格涨跌幅限制的日收盘价格跌幅偏离值达到7的前三只证券	20201210	星期四
45	603655	朗博科技	实力游资卖出，成功率35.20	26.97	-10.01	-7371.48	11775.48	19146.96	30922.44	68067.89	-10.83	45.43	19.80	9	非ST、*ST和S证券连续三个交易日内收盘价格跌幅偏离值累计达到20的证券	20201210	星期四
46	605258	协和电子	卖一主卖，成功率35.61	49.06	-10.00	-1560.44	2259.24	3819.68	6078.92	45659.99	-3.42	13.31	41.19	11	有价格涨跌幅限制的日换手率达到20的前三只证券	20201210	星期四
47	605266	健之佳	卖一主卖，成功率54.53	142.20	-10.00	-4875.90	7563.12	12439.02	20002.14	68208.15	-7.15	29.33	35.36	19	有价格涨跌幅限制的日收盘价格跌幅偏离值达到7的前三只证券	20201210	星期四
48	605266	健之佳	卖一主卖，成功率54.53	142.20	-10.00	-4875.90	7563.12	12439.02	20002.14	68208.15	-7.15	29.33	35.36	19	有价格涨跌幅限制的日换手率达到20的前三只证券	20201210	星期四
49	605358	立昂微	1家机构买入，成功率40.37	109.59	10.00	2838.90	20199.57	17360.66	37560.23	269926.18	1.05	13.92	23.67	44	非ST、*ST和S证券连续三个交易日内收盘价格涨幅偏离值累计达到20的证券	20201210	星期四
50	605376	博迁新材	实力游资买入，成功率70.00	20.36	9.99	479.29	507.61	28.32	535.93	507.61	94.42	105.58	0.18	13	非ST、*ST和S证券连续三个交易日内收盘价格涨幅偏离值累计达到20的证券	20201210	星期四
