1	000049	德赛电池	3家机构买入，成功率50.21	63.60	10.00	-2084.59	22861.78	24946.38	47808.16	116925.38	-1.78	40.89	8.97	131	日涨幅偏离值达到7的前5只证券	20201224	星期四
2	000049	德赛电池	3家机构买入，成功率48.34	63.60	10.00	-2702.14	22685.07	25387.21	48072.28	140603.15	-1.92	34.19	8.97	131	连续三个交易日内，涨幅偏离值累计达到20的证券	20201224	星期四
3	000502	绿景控股	1家机构卖出，成功率45.84	8.75	-8.85	-39.05	1678.73	1717.78	3396.51	8268.44	-0.47	41.08	5.00	16	日跌幅偏离值达到7的前5只证券	20201224	星期四
4	000521	长虹美菱	实力游资买入，成功率40.77	5.60	10.02	1598.88	8633.37	7034.49	15667.86	92374.37	1.73	16.96	19.90	49	日涨幅偏离值达到7的前5只证券	20201224	星期四
5	000585	*ST东电	广东资金买入，成功率35.33	1.75	4.79	-141.53	823.62	965.14	1788.76	5502.40	-2.57	32.51	1.73	11	连续三个交易日内，涨幅偏离值累计达到12的ST证券、*ST证券和未完成股改证券	20201224	星期四
6	000591	太阳能	西藏自治区资金买入，成功率40.35	5.89	10.09	-10794.16	16746.71	27540.88	44287.59	281211.47	-3.84	15.75	23.84	120	日涨幅偏离值达到7的前5只证券	20201224	星期四
7	000591	太阳能	主力做T，成功率43.23	5.89	10.09	-22367.43	19505.92	41873.35	61379.27	355456.13	-6.29	17.27	23.84	120	连续三个交易日内，涨幅偏离值累计达到20的证券	20201224	星期四
8	000591	太阳能	西藏自治区资金买入，成功率40.35	5.89	10.09	-10794.16	16746.71	27540.88	44287.59	281211.47	-3.84	15.75	23.84	120	日换手率达到20的前5只证券	20201224	星期四
9	000713	丰乐种业	西藏自治区资金买入，成功率32.68	15.59	1.76	-1218.55	14541.78	15760.33	30302.12	284236.09	-0.43	10.66	43.42	62	日换手率达到20的前5只证券	20201224	星期四
10	000798	中水渔业	西藏自治区资金买入，成功率25.81	13.41	10.01	-3483.13	4846.86	8329.99	13176.85	80314.36	-4.34	16.41	20.10	43	日振幅值达到15的前5只证券	20201224	星期四
11	000798	中水渔业	西藏自治区资金买入，成功率25.81	13.41	10.01	-3483.13	4846.86	8329.99	13176.85	80314.36	-4.34	16.41	20.10	43	日换手率达到20的前5只证券	20201224	星期四
12	000798	中水渔业	西藏自治区资金买入，成功率25.81	13.41	10.01	-3483.13	4846.86	8329.99	13176.85	80314.36	-4.34	16.41	20.10	43	日涨幅偏离值达到7的前5只证券	20201224	星期四
13	000821	京山轻机	1家机构买入，成功率43.44	9.56	4.48	-374.29	7115.05	7489.34	14604.39	86468.85	-0.43	16.89	20.06	44	日换手率达到20的前5只证券	20201224	星期四
14	000850	华茂股份	卖一主卖，成功率28.79	3.99	-9.93	-1072.60	1898.73	2971.33	4870.06	18813.95	-5.70	25.89	4.86	38	日跌幅偏离值达到7的前5只证券	20201224	星期四
15	000899	赣能股份	买一主买，成功率45.04	6.60	10.00	1530.88	5312.62	3781.74	9094.36	47547.61	3.22	19.13	2.71	64	连续三个交易日内，涨幅偏离值累计达到20的证券	20201224	星期四
16	000929	兰州黄河	浙江资金卖出，成功率37.45	11.70	-10.00	-169.22	835.41	1004.63	1840.04	7303.06	-2.32	25.20	3.31	22	日跌幅偏离值达到7的前5只证券	20201224	星期四
17	000995	皇台酒业	1家机构卖出，成功率32.83	27.27	-10.00	-1413.78	3255.99	4669.77	7925.76	41388.71	-3.42	19.15	8.42	48	日跌幅偏离值达到7的前5只证券	20201224	星期四
18	001896	豫能控股	实力游资买入，成功率48.49	8.59	9.99	1431.39	8455.86	7024.48	15480.34	99475.01	1.44	15.56	10.09	99	日涨幅偏离值达到7的前5只证券	20201224	星期四
19	002046	国机精工	实力游资买入，成功率41.44	9.35	10.00	3472.18	4869.07	1396.89	6265.96	30568.66	11.36	20.50	8.09	38	日涨幅偏离值达到7的前5只证券	20201224	星期四
20	002123	梦网集团	2家机构卖出，成功率53.20	14.02	-10.01	-3690.04	3328.47	7018.52	10346.99	39358.06	-9.38	26.29	4.11	93	日跌幅偏离值达到7的前5只证券	20201224	星期四
21	002149	西部材料	实力游资买入，成功率47.11	17.33	10.03	3682.33	6583.44	2901.11	9484.55	23203.35	15.87	40.88	3.17	74	日涨幅偏离值达到7的前5只证券	20201224	星期四
22	002245	蔚蓝锂芯	2家机构卖出，成功率34.48	12.16	-5.66	-14879.49	12115.06	26994.55	39109.61	254640.04	-5.84	15.36	21.44	111	日振幅值达到15的前5只证券	20201224	星期四
23	002245	蔚蓝锂芯	2家机构卖出，成功率34.48	12.16	-5.66	-14879.49	12115.06	26994.55	39109.61	254640.04	-5.84	15.36	21.44	111	日换手率达到20的前5只证券	20201224	星期四
24	002323	*ST雅博	卖一主卖，成功率27.31	2.60	-5.11	-468.36	608.45	1076.82	1685.27	2720.84	-17.21	61.94	0.96	8	连续三个交易日内，跌幅偏离值累计达到12的ST证券、*ST证券	20201224	星期四
25	002461	珠江啤酒	1家机构卖出，成功率37.39	10.84	-9.97	-216.29	4984.94	5201.24	10186.18	53425.81	-0.40	19.07	2.19	240	日跌幅偏离值达到7的前5只证券	20201224	星期四
26	002512	达华智能	实力游资卖出，成功率58.03	3.89	-9.74	-6254.28	4237.93	10492.22	14730.15	42456.70	-14.73	34.69	5.44	33	连续三个交易日内，跌幅偏离值累计达到20的证券	20201224	星期四
27	002529	*ST海源	主力做T，成功率40.49	7.33	5.01	1158.55	5169.85	4011.31	9181.16	34095.53	3.40	26.93	7.26	19	连续三个交易日内，涨幅偏离值累计达到12的ST证券、*ST证券	20201224	星期四
28	002630	华西能源	2家机构卖出，成功率59.69	2.78	-1.77	-1244.86	5037.75	6282.61	11320.36	61704.61	-2.02	18.35	21.32	27	日换手率达到20的前5只证券	20201224	星期四
29	002646	青青稞酒	实力游资卖出，成功率28.81	22.87	-10.00	-2771.83	8495.68	11267.51	19763.20	98862.32	-2.80	19.99	9.36	103	日跌幅偏离值达到7的前5只证券	20201224	星期四
30	002647	仁东控股	实力游资卖出，成功率32.90	13.01	-9.97	-9023.86	10098.24	19122.10	29220.34	178950.74	-5.04	16.33	23.38	73	日换手率达到20的前5只证券	20201224	星期四
31	002647	仁东控股	实力游资卖出，成功率32.90	13.01	-9.97	-9023.86	10098.24	19122.10	29220.34	178950.74	-5.04	16.33	23.38	73	日跌幅偏离值达到7的前5只证券	20201224	星期四
32	002649	博彦科技	1家机构卖出，成功率30.15	9.28	-9.99	-356.83	3419.07	3775.90	7194.97	35674.05	-1.00	20.17	8.06	43	日跌幅偏离值达到7的前5只证券	20201224	星期四
33	002765	蓝黛科技	实力游资买入，成功率38.30	5.80	10.06	2201.78	3854.55	1652.76	5507.31	23801.52	9.25	23.14	11.40	21	日涨幅偏离值达到7的前5只证券	20201224	星期四
34	002766	ST索菱	实力游资买入，成功率75.00	4.22	4.98	195.33	389.56	194.22	583.78	500.00	39.07	116.76	0.08	12	连续三个交易日内，涨幅偏离值累计达到12的ST证券、*ST证券	20201224	星期四
35	002799	环球印务	买一主买，成功率35.27	21.32	10.01	135.17	3446.94	3311.77	6758.70	27615.77	0.49	24.47	7.48	38	日涨幅偏离值达到7的前5只证券	20201224	星期四
36	003009	中天火箭	实力游资买入，成功率44.27	60.30	10.00	3748.12	6488.25	2740.14	9228.39	25375.51	14.77	36.37	11.06	23	日涨幅偏离值达到7的前5只证券	20201224	星期四
37	003023	彩虹集团	实力游资买入，成功率42.51	36.68	2.17	51.86	1381.11	1329.25	2710.37	16123.56	0.32	16.81	21.82	7	日换手率达到20的前5只证券	20201224	星期四
38	003025	思进智能	卖一主卖，成功率36.84	36.30	-4.50	-102.54	1633.83	1736.37	3370.20	17937.02	-0.57	18.79	24.35	7	日换手率达到20的前5只证券	20201224	星期四
39	003029	吉大正元	实力游资买入，成功率48.98	16.23	44.01	465.79	493.30	27.51	520.80	493.30	94.42	105.58	0.67	7	无价格涨跌幅限制的证券	20201224	星期四
40	300038	数知科技	卖一主卖，成功率31.62	4.34	-19.93	24.00	1524.08	1500.08	3024.16	6674.31	0.36	45.31	1.32	50	日跌幅达到15的前5只证券	20201224	星期四
41	300064	ST金刚	浙江资金买入，成功率62.55	5.82	20.00	5140.36	8055.46	2915.10	10970.57	76792.91	6.69	14.29	20.16	41	日涨幅达到15的前5只证券	20201224	星期四
42	300290	荣科科技	主力做T，成功率85.71	4.46	-4.70	9985.69	451306.80	441321.10	892627.90	239913.24	4.16	372.06	7.11	24	严重异常期间日收盘价格跌幅偏离值累计达到50的证券	20201224	星期四
43	300752	隆利科技	江苏资金卖出，成功率42.70	38.70	-10.54	67.03	4428.35	4361.32	8789.67	43226.45	0.16	20.33	33.04	13	日换手率达到30的前5只证券	20201224	星期四
44	300923	研奥股份	实力游资买入，成功率39.04	49.86	76.31	1657.15	3164.40	1507.25	4671.65	51629.02	3.21	9.05	49.80	10	无价格涨跌幅限制的证券	20201224	星期四
45	600139	西部资源	买一主买，成功率35.37	3.48	10.13	5255.64	6352.50	1096.86	7449.36	13230.50	39.72	56.30	5.91	23	有价格涨跌幅限制的日收盘价格涨幅偏离值达到7的前三只证券	20201224	星期四
46	600292	远达环保	买一主买，成功率52.22	7.73	9.96	3728.02	3728.02	-	3728.02	5336.62	69.86	69.86	0.88	60	单只标的证券的当日融资买入数量达到当日该证券总交易量的50％以上	20201224	星期四
47	600300	维维股份	卖一主卖，成功率37.51	4.58	-10.02	-8116.30	10542.88	18659.18	29202.06	100275.57	-8.09	29.12	12.61	77	有价格涨跌幅限制的日收盘价格跌幅偏离值达到7的前三只证券	20201224	星期四
48	600333	长春燃气	实力游资买入，成功率45.08	6.33	10.09	4588.08	6053.11	1465.03	7518.14	34149.25	13.44	22.02	9.23	39	有价格涨跌幅限制的日收盘价格涨幅偏离值达到7的前三只证券	20201224	星期四
49	600381	青海春天	实力游资卖出，成功率25.29	6.10	-10.03	73.33	1840.25	1766.91	3607.16	19252.97	0.38	18.74	5.26	36	有价格涨跌幅限制的日收盘价格跌幅偏离值达到7的前三只证券	20201224	星期四
50	600416	*ST湘电	买一主买，成功率49.82	19.75	5.00	-6131.23	10284.31	16415.55	26699.86	84889.48	-7.22	31.45	1.13	187	ST、*ST和S证券连续三个交易日内收盘价格涨幅偏离值累计达到15的证券	20201224	星期四
51	600573	惠泉啤酒	实力游资卖出，成功率24.67	12.31	-8.81	-3488.95	4514.76	8003.72	12518.48	81983.55	-4.26	15.27	24.74	31	有价格涨跌幅限制的日价格振幅达到15的前三只证券	20201224	星期四
52	600798	宁波海运	买一主买，成功率47.65	4.05	10.05	2708.40	5025.29	2316.89	7342.18	20481.99	13.22	35.85	5.01	42	有价格涨跌幅限制的日收盘价格涨幅偏离值达到7的前三只证券	20201224	星期四
53	601187	厦门银行	实力游资买入，成功率48.24	12.40	3.16	4211.98	9740.69	5528.71	15269.40	109958.53	3.83	13.89	33.12	33	有价格涨跌幅限制的日换手率达到20的前三只证券	20201224	星期四
54	601579	会稽山	卖一主卖，成功率31.60	13.74	-10.02	39.91	2671.56	2631.65	5303.21	15715.68	0.25	33.74	2.27	68	有价格涨跌幅限制的日收盘价格跌幅偏离值达到7的前三只证券	20201224	星期四
55	603025	大豪科技	北京资金买入，成功率44.56	28.09	6.97	8951.76	20704.39	11752.63	32457.03	200664.73	4.46	16.17	8.15	258	有价格涨跌幅限制的日价格振幅达到15的前三只证券	20201224	星期四
56	603025	大豪科技	实力游资买入，成功率46.82	28.09	6.97	6636.94	43113.24	36476.30	79589.54	664836.70	1.00	11.97	8.15	258	非ST、*ST和S证券连续三个交易日内收盘价格涨幅偏离值累计达到20的证券	20201224	星期四
57	603110	东方材料	实力游资买入，成功率47.78	26.88	2.36	-12199.65	6754.33	18953.98	25708.31	52158.17	-23.39	49.29	13.47	39	有价格涨跌幅限制的日价格振幅达到15的前三只证券	20201224	星期四
58	603222	济民制药	卖一主卖，成功率28.76	19.99	-10.00	-684.09	746.07	1430.16	2176.23	1430.16	-47.83	152.17	0.17	64	非ST、*ST和S证券连续三个交易日内收盘价格跌幅偏离值累计达到20的证券	20201224	星期四
59	603332	苏州龙杰	浙江资金卖出，成功率37.78	19.36	-7.90	-13397.52	4254.20	17651.72	21905.92	41374.52	-32.38	52.95	72.50	6	有价格涨跌幅限制的日换手率达到20的前三只证券	20201224	星期四
60	605007	五洲特纸	实力游资卖出，成功率33.94	22.88	-9.74	825.03	5157.96	4332.93	9490.89	86391.47	0.95	10.99	24.60	9	非ST、*ST和S证券连续三个交易日内收盘价格跌幅偏离值累计达到20的证券	20201224	星期四
61	605376	博迁新材	1家机构买入，成功率54.22	41.30	0.15	-1104.42	14702.44	15806.86	30509.30	117171.86	-0.94	26.04	42.91	27	有价格涨跌幅限制的日换手率达到20的前三只证券	20201224	星期四
62	900921	丹科B股	实力游资买入，成功率53.25	0.19	6.82	0.19	10.12	9.93	20.04	23.80	0.80	84.21	0.69	0	有价格涨跌幅限制的日收盘价格涨幅偏离值达到7的前三只证券	20201224	星期四
