1	000550	江铃汽车	买一主买，成功率43.09	20.75	10.02	7523.15	12776.40	5253.25	18029.64	58526.30	12.85	30.81	5.58	108	日涨幅偏离值达到7的前5只证券	20201218	星期五
2	000552	靖远煤电	实力游资买入，成功率67.05	3.10	9.93	970.34	4460.20	3489.86	7950.07	27919.01	3.48	28.48	4.00	71	日涨幅偏离值达到7的前5只证券	20201218	星期五
3	000722	湖南发展	实力游资买入，成功率51.04	7.12	10.05	1414.01	2735.41	1321.40	4056.81	10334.20	13.68	39.26	3.13	33	日涨幅偏离值达到7的前5只证券	20201218	星期五
4	000812	陕西金叶	实力游资卖出，成功率49.76	4.00	-1.72	-3702.57	6622.55	10325.12	16947.68	86086.16	-4.30	19.69	30.00	27	日换手率达到20的前5只证券	20201218	星期五
5	000816	智慧农业	卖一主卖，成功率26.00	4.23	-1.17	-3582.36	11251.08	14833.44	26084.52	205249.17	-1.75	12.71	34.90	57	日振幅值达到15的前5只证券	20201218	星期五
6	000816	智慧农业	卖一主卖，成功率26.00	4.23	-1.17	-3582.36	11251.08	14833.44	26084.52	205249.17	-1.75	12.71	34.90	57	日换手率达到20的前5只证券	20201218	星期五
7	000899	赣能股份	广东资金买入，成功率55.96	4.85	9.98	2840.51	3397.13	556.63	3953.76	5577.92	50.92	70.88	1.20	47	日涨幅偏离值达到7的前5只证券	20201218	星期五
8	000937	冀中能源	1家机构买入，成功率47.68	4.09	9.95	8006.87	11932.25	3925.39	15857.64	38521.01	20.79	41.17	3.33	119	日涨幅偏离值达到7的前5只证券	20201218	星期五
9	000995	皇台酒业	实力游资买入，成功率31.26	36.40	6.74	-20871.68	9749.88	30621.56	40371.44	164346.94	-12.70	24.56	26.88	65	日振幅值达到15的前5只证券	20201218	星期五
10	000995	皇台酒业	实力游资买入，成功率31.26	36.40	6.74	-20871.68	9749.88	30621.56	40371.44	164346.94	-12.70	24.56	26.88	65	日换手率达到20的前5只证券	20201218	星期五
11	002027	分众传媒	1家机构买入，成功率45.01	10.29	10.05	23283.98	75050.69	51766.71	126817.40	274637.18	8.48	46.18	1.82	1510	日涨幅偏离值达到7的前5只证券	20201218	星期五
12	002096	南岭民爆	河南资金卖出，成功率25.24	10.74	-9.97	-835.03	172.05	1007.09	1179.14	1007.09	-82.92	117.08	0.25	40	日跌幅偏离值达到7的前5只证券	20201218	星期五
13	002149	西部材料	实力游资买入，成功率46.00	14.30	10.00	7164.26	10698.19	3533.93	14232.12	86701.15	8.26	16.42	14.59	61	日涨幅偏离值达到7的前5只证券	20201218	星期五
14	002323	*ST雅博	实力游资卖出，成功率46.67	2.89	-4.93	-334.85	593.12	927.97	1521.09	2393.77	-13.99	63.54	1.08	9	连续三个交易日内，跌幅偏离值累计达到12的ST证券、*ST证券	20201218	星期五
15	002612	朗姿股份	1家机构卖出，成功率40.47	21.57	-2.04	-8438.30	9853.27	18291.57	28144.83	146713.71	-5.75	19.18	25.16	56	日换手率达到20的前5只证券	20201218	星期五
16	002647	仁东控股	实力游资买入，成功率52.34	15.40	10.00	-27059.92	30280.86	57340.78	87621.65	334059.39	-8.10	26.23	41.57	86	日振幅值达到15的前5只证券	20201218	星期五
17	002647	仁东控股	实力游资买入，成功率52.34	15.40	10.00	-27059.92	30280.86	57340.78	87621.65	334059.39	-8.10	26.23	41.57	86	日涨幅偏离值达到7的前5只证券	20201218	星期五
18	002647	仁东控股	实力游资买入，成功率52.34	15.40	10.00	-27059.92	30280.86	57340.78	87621.65	334059.39	-8.10	26.23	41.57	86	日换手率达到20的前5只证券	20201218	星期五
19	002674	兴业科技	北京资金卖出，成功率55.00	11.30	-9.96	892.18	4177.38	3285.20	7462.58	13445.47	6.64	55.50	4.11	33	日跌幅偏离值达到7的前5只证券	20201218	星期五
20	002674	兴业科技	北京资金卖出，成功率42.22	11.30	-9.96	693.86	4286.13	3592.27	7878.41	14767.99	4.70	53.35	4.11	33	连续三个交易日内，跌幅偏离值累计达到20的证券	20201218	星期五
21	002675	东诚药业	3家机构卖出，成功率45.06	22.25	-7.94	-2421.46	7176.25	9597.71	16773.96	38822.84	-6.24	43.21	2.49	152	日跌幅偏离值达到7的前5只证券	20201218	星期五
22	002727	一心堂	3家机构卖出，成功率50.28	36.08	-10.00	-4170.15	14987.89	19158.03	34145.92	71689.27	-5.82	47.63	5.63	123	日跌幅偏离值达到7的前5只证券	20201218	星期五
23	002756	永兴材料	1家机构买入，成功率43.99	41.84	9.99	-1780.78	19158.33	20939.12	40097.45	65641.51	-2.71	61.09	7.17	96	日涨幅偏离值达到7的前5只证券	20201218	星期五
24	002756	永兴材料	1家机构买入，成功率50.07	41.84	9.99	-734.58	37198.44	37933.02	75131.46	189498.01	-0.39	39.65	7.17	96	连续三个交易日内，涨幅偏离值累计达到20的证券	20201218	星期五
25	002858	力盛赛车	卖一主卖，成功率45.13	12.79	-9.99	-566.21	108.97	675.18	784.15	675.18	-83.86	116.14	0.55	12	日跌幅偏离值达到7的前5只证券	20201218	星期五
26	002858	力盛赛车	浙江资金卖出，成功率30.00	12.79	-9.99	-701.15	1265.17	1966.32	3231.49	4201.11	-16.69	76.92	0.55	12	连续三个交易日内，跌幅偏离值累计达到20的证券	20201218	星期五
27	002996	顺博合金	1家机构买入，成功率39.30	16.46	4.18	-818.14	3792.07	4610.21	8402.27	35107.06	-2.33	23.93	40.52	9	日换手率达到20的前5只证券	20201218	星期五
28	003020	立方制药	上海资金买入，成功率37.55	44.33	10.00	1610.02	3575.86	1965.84	5541.70	55701.55	2.89	9.95	55.47	10	日涨幅偏离值达到7的前5只证券	20201218	星期五
29	003020	立方制药	上海资金买入，成功率37.55	44.33	10.00	2317.95	4290.28	1972.33	6262.60	56415.97	4.11	11.10	55.47	10	连续三个交易日内，涨幅偏离值累计达到20的证券	20201218	星期五
30	003020	立方制药	上海资金买入，成功率37.55	44.33	10.00	1610.02	3575.86	1965.84	5541.70	55701.55	2.89	9.95	55.47	10	日换手率达到20的前5只证券	20201218	星期五
31	003023	彩虹集团	主力做T，成功率22.69	38.83	-3.65	-202.03	1990.73	2192.76	4183.49	24817.56	-0.81	16.86	30.74	8	日换手率达到20的前5只证券	20201218	星期五
32	003026	中晶科技	买一主买，成功率68.33	20.00	43.99	170.89	183.15	12.26	195.41	183.15	93.31	106.69	0.37	5	无价格涨跌幅限制的证券	20201218	星期五
33	003027	同兴环保	实力游资买入，成功率67.90	57.76	44.00	1274.61	1336.52	61.91	1398.43	1362.03	93.58	102.67	1.09	13	无价格涨跌幅限制的证券	20201218	星期五
34	300850	新强联	4家机构买入，成功率45.22	162.93	16.65	1702.23	7755.85	6053.62	13809.47	57515.30	2.96	24.01	14.12	43	日涨幅达到15的前5只证券	20201218	星期五
35	300916	朗特智能	卖一主卖，成功率31.28	126.49	-7.62	-1197.45	5254.10	6451.55	11705.65	50850.48	-2.35	23.02	36.63	13	日换手率达到30的前5只证券	20201218	星期五
36	600006	东风汽车	普通席位买入，成功率44.02	8.90	10.01	22301.44	29942.87	7641.42	37584.29	152648.54	14.61	24.62	9.18	178	有价格涨跌幅限制的日价格振幅达到15的前三只证券	20201218	星期五
37	600006	东风汽车	普通席位买入，成功率42.64	8.90	10.01	-5257.93	38848.69	44106.62	82955.31	550409.53	-0.96	15.07	9.18	178	非ST、*ST和S证券连续三个交易日内收盘价格涨幅偏离值累计达到20的证券	20201218	星期五
38	600403	大有能源	买一主买，成功率46.13	4.13	10.13	1754.77	5547.81	3793.04	9340.85	21951.73	7.99	42.55	2.29	99	有价格涨跌幅限制的日收盘价格涨幅偏离值达到7的前三只证券	20201218	星期五
39	600711	盛屯矿业	买一主买，成功率39.02	8.13	4.63	-2993.35	54717.03	57710.38	112427.40	814964.88	-0.37	13.80	26.48	156	非ST、*ST和S证券连续三个交易日内收盘价格涨幅偏离值累计达到20的证券	20201218	星期五
40	600982	宁波热电	买一主买，成功率40.69	3.69	10.15	-1145.20	5647.02	6792.22	12439.25	41786.01	-2.74	29.77	15.30	28	有价格涨跌幅限制的日收盘价格涨幅偏离值达到7的前三只证券	20201218	星期五
41	601101	昊华能源	实力游资买入，成功率41.53	4.37	10.08	1524.78	3762.45	2237.67	6000.13	17536.50	8.69	34.22	3.44	52	有价格涨跌幅限制的日收盘价格涨幅偏离值达到7的前三只证券	20201218	星期五
42	601702	华峰铝业	卖一主卖，成功率39.66	8.36	-0.24	-6572.92	4903.73	11476.65	16380.38	71355.31	-9.21	22.96	33.41	21	有价格涨跌幅限制的日换手率达到20的前三只证券	20201218	星期五
43	603222	济民制药	实力游资卖出，成功率19.70	30.47	-9.99	2019.55	11358.30	9338.75	20697.05	14000.36	14.42	147.83	1.44	98	有价格涨跌幅限制的日收盘价格跌幅偏离值达到7的前三只证券	20201218	星期五
44	603332	苏州龙杰	卖一主卖，成功率39.39	28.84	-9.99	-161.79	145.93	307.72	453.65	307.72	-52.58	147.42	0.36	9	有价格涨跌幅限制的日收盘价格跌幅偏离值达到7的前三只证券	20201218	星期五
45	603332	苏州龙杰	浙江资金卖出，成功率53.33	28.84	-9.99	378.58	1228.88	850.29	2079.17	2629.18	14.40	79.08	0.36	9	非ST、*ST和S证券连续三个交易日内收盘价格跌幅偏离值累计达到20的证券	20201218	星期五
46	603655	朗博科技	实力游资买入，成功率17.54	27.78	0.83	-670.45	3033.51	3703.96	6737.47	37368.52	-1.79	18.03	40.21	9	有价格涨跌幅限制的日换手率达到20的前三只证券	20201218	星期五
47	605151	西上海	实力游资卖出，成功率28.87	25.30	-10.00	732.04	2939.24	2207.20	5146.45	41230.58	1.78	12.48	47.92	8	有价格涨跌幅限制的日收盘价格跌幅偏离值达到7的前三只证券	20201218	星期五
48	605151	西上海	实力游资卖出，成功率28.87	25.30	-10.00	732.04	2939.24	2207.20	5146.45	41230.58	1.78	12.48	47.92	8	有价格涨跌幅限制的日换手率达到20的前三只证券	20201218	星期五
49	605299	舒华体育	实力游资买入，成功率36.71	13.94	10.02	1008.91	1043.78	34.87	1078.66	1246.47	80.94	86.54	1.07	7	非ST、*ST和S证券连续三个交易日内收盘价格涨幅偏离值累计达到20的证券	20201218	星期五
50	605318	法狮龙	广东资金卖出，成功率47.19	15.46	-1.78	-5516.36	1480.43	6996.79	8477.22	23361.39	-23.61	36.29	12.50	5	非ST、*ST和S证券连续三个交易日内收盘价格跌幅偏离值累计达到20的证券	20201218	星期五
