1	000004	国华网安	实力游资卖出，成功率21.76	23.33	-9.99	-739.08	1072.34	1811.43	2883.77	15938.10	-4.64	18.09	8.00	20	日跌幅偏离值达到7的前5只证券	20201214	星期一
2	000028	国药一致	主力做T，成功率44.07	47.85	-9.89	-55.20	4502.55	4557.75	9060.31	57142.22	-0.10	15.86	3.19	176	日跌幅偏离值达到7的前5只证券	20201214	星期一
3	000521	长虹美菱	实力游资卖出，成功率37.09	4.17	-7.74	-2089.53	7058.05	9147.59	16205.64	84525.16	-2.47	19.17	23.13	36	日跌幅偏离值达到7的前5只证券	20201214	星期一
4	000521	长虹美菱	实力游资卖出，成功率37.09	4.17	-7.74	-2089.53	7058.05	9147.59	16205.64	84525.16	-2.47	19.17	23.13	36	日换手率达到20的前5只证券	20201214	星期一
5	000596	古井贡酒	3家机构买入，成功率42.51	259.20	9.37	20332.54	50076.93	29744.39	79821.32	147348.73	13.80	54.17	1.52	994	日涨幅偏离值达到7的前5只证券	20201214	星期一
6	000615	奥园美谷	主力做T，成功率43.64	6.84	9.97	4891.73	14076.93	9185.20	23262.13	53409.71	9.16	43.55	10.29	53	日涨幅偏离值达到7的前5只证券	20201214	星期一
7	000615	奥园美谷	买一主买，成功率39.45	6.84	9.97	11375.60	20605.42	9229.82	29835.24	94422.19	12.05	31.60	10.29	53	连续三个交易日内，涨幅偏离值累计达到20的证券	20201214	星期一
8	000798	中水渔业	西藏自治区资金卖出，成功率34.25	9.14	-4.69	428.70	9068.81	8640.12	17708.93	125580.53	0.34	14.10	13.13	29	连续三个交易日内，跌幅偏离值累计达到20的证券	20201214	星期一
9	000811	冰轮环境	实力游资卖出，成功率54.63	7.68	-9.75	567.91	3466.48	2898.57	6365.04	35478.27	1.60	17.94	6.12	57	日跌幅偏离值达到7的前5只证券	20201214	星期一
10	000860	顺鑫农业	3家机构买入，成功率43.43	67.78	8.38	13032.33	40835.12	27802.79	68637.90	133268.91	9.78	51.50	2.67	503	日涨幅偏离值达到7的前5只证券	20201214	星期一
11	000937	冀中能源	2家机构卖出，成功率47.90	3.66	-7.34	-2144.12	2117.50	4261.62	6379.12	17603.65	-12.18	36.24	1.63	106	日跌幅偏离值达到7的前5只证券	20201214	星期一
12	000939	凯迪退	买一主买，成功率19.14	0.16	6.67	434.56	652.22	217.66	869.88	1796.06	24.20	48.43	3.79	5	退市整理期	20201214	星期一
13	001896	豫能控股	广东资金买入，成功率45.42	4.14	10.11	1701.77	2808.65	1106.88	3915.53	3486.27	48.81	112.31	0.73	48	日涨幅偏离值达到7的前5只证券	20201214	星期一
14	002042	华孚时尚	主力做T，成功率39.92	5.64	-10.05	-282.77	4824.91	5107.69	9932.60	19112.22	-1.48	51.97	0.11	86	连续三个交易日内，跌幅偏离值累计达到20的证券	20201214	星期一
15	002096	南岭民爆	主力做T，成功率33.33	11.92	-4.18	-8504.86	20815.27	29320.12	50135.39	81548.66	-10.43	61.48	3.66	44	连续三个交易日内，跌幅偏离值累计达到20的证券	20201214	星期一
16	002162	悦心健康	买一主买，成功率46.81	4.35	10.13	3056.21	5945.34	2889.13	8834.48	26225.21	11.65	33.69	1.08	37	连续三个交易日内，涨幅偏离值累计达到20的证券	20201214	星期一
17	002176	*ST江特	江西资金买入，成功率48.58	3.50	5.11	-1430.54	4304.34	5734.88	10039.22	48472.42	-2.95	20.71	1.82	60	异常期间价格涨幅偏离值累计达到15.59	20201214	星期一
18	002176	*ST江特	江西资金买入，成功率48.58	3.50	5.11	-1430.54	4304.34	5734.88	10039.22	48472.00	-2.95	20.71	1.82	60	连续三个交易日内，涨幅偏离值累计达到12的ST证券、*ST证券	20201214	星期一
19	002245	蔚蓝锂芯	实力游资买入，成功率36.65	9.90	10.00	-1784.24	6261.65	8045.89	14307.54	53546.02	-3.33	26.72	6.01	90	日涨幅偏离值达到7的前5只证券	20201214	星期一
20	002248	华东数控	福建资金卖出，成功率54.04	6.06	-2.42	-3160.04	915.06	4075.09	4990.15	11922.55	-26.50	41.85	1.04	18	连续三个交易日内，跌幅偏离值累计达到20的证券	20201214	星期一
21	002286	保龄宝	2家机构买入，成功率46.76	10.33	10.01	2663.96	4682.13	2018.17	6700.30	18636.75	14.29	35.95	5.11	38	日涨幅偏离值达到7的前5只证券	20201214	星期一
22	002348	高乐股份	主力做T，成功率22.00	2.61	-10.00	-553.89	9340.62	9894.51	19235.13	51601.74	-1.07	37.28	5.44	22	连续三个交易日内，跌幅偏离值累计达到20的证券	20201214	星期一
23	002428	云南锗业	实力游资卖出，成功率35.08	13.10	-9.97	-3302.91	5845.33	9148.24	14993.57	61393.88	-5.38	24.42	7.19	84	日跌幅偏离值达到7的前5只证券	20201214	星期一
24	002473	ST圣莱	买一主买，成功率36.83	6.32	3.95	264.48	948.17	683.69	1631.86	2213.81	11.95	73.71	1.32	10	异常期间价格涨幅偏离值累计达到15.15	20201214	星期一
25	002473	ST圣莱	买一主买，成功率36.83	6.32	3.95	264.48	948.17	683.69	1631.86	2214.00	11.95	73.71	1.32	10	连续三个交易日内，涨幅偏离值累计达到12的ST证券、*ST证券	20201214	星期一
26	002488	金固股份	实力游资卖出，成功率26.49	6.61	-1.20	-21.72	5969.04	5990.77	11959.81	45617.39	-0.05	26.22	8.81	54	日振幅值达到15的前5只证券	20201214	星期一
27	002553	南方轴承	实力游资卖出，成功率43.10	8.82	-10.00	-2910.32	3747.38	6657.70	10405.07	52490.96	-5.54	19.82	25.09	21	日跌幅偏离值达到7的前5只证券	20201214	星期一
28	002553	南方轴承	实力游资卖出，成功率43.10	8.82	-10.00	-2910.32	3747.38	6657.70	10405.07	52490.96	-5.54	19.82	25.09	21	日换手率达到20的前5只证券	20201214	星期一
29	002575	*ST群兴	实力游资买入，成功率30.83	4.03	4.95	1002.87	1756.68	753.81	2510.49	4345.58	23.08	57.77	0.25	24	异常期间价格涨幅偏离值累计达到16.20	20201214	星期一
30	002575	*ST群兴	实力游资买入，成功率30.83	4.03	4.95	1002.87	1756.68	753.81	2510.49	4346.00	23.08	57.77	0.25	24	连续三个交易日内，涨幅偏离值累计达到12的ST证券、*ST证券	20201214	星期一
31	002612	朗姿股份	浙江资金买入，成功率48.49	23.40	10.01	-261.87	10646.15	10908.02	21554.17	72499.83	-0.36	29.73	12.01	61	日涨幅偏离值达到7的前5只证券	20201214	星期一
32	002612	朗姿股份	实力游资买入，成功率51.31	23.40	10.01	-1537.47	15908.25	17445.72	33353.98	198402.70	-0.77	16.81	12.01	61	连续三个交易日内，涨幅偏离值累计达到20的证券	20201214	星期一
33	002617	露笑科技	买一主买，成功率45.12	7.73	9.96	9925.57	26752.02	16826.44	43578.46	103585.26	9.58	42.07	11.51	92	日涨幅偏离值达到7的前5只证券	20201214	星期一
34	002647	仁东控股	实力游资卖出，成功率45.61	13.76	-10.01	-4179.20	333.15	4512.35	4845.50	4766.70	-87.67	101.65	0.16	77	连续三个交易日内，跌幅偏离值累计达到20的证券	20201214	星期一
35	002659	凯文教育	实力游资卖出，成功率58.89	6.23	-9.97	-1021.45	2593.65	3615.11	6208.76	22417.75	-4.56	27.70	6.85	31	日振幅值达到15的前5只证券	20201214	星期一
36	002659	凯文教育	实力游资卖出，成功率58.89	6.23	-9.97	-1021.45	2593.65	3615.11	6208.76	22417.75	-4.56	27.70	6.85	31	日跌幅偏离值达到7的前5只证券	20201214	星期一
37	002709	天赐材料	1家机构买入，成功率42.07	94.06	10.00	-9315.33	26067.77	35383.09	61450.86	172741.51	-5.39	35.57	3.52	511	日涨幅偏离值达到7的前5只证券	20201214	星期一
38	002824	和胜股份	实力游资卖出，成功率36.11	17.05	-9.98	74.64	1144.99	1070.35	2215.33	15229.33	0.49	14.55	8.18	18	日跌幅偏离值达到7的前5只证券	20201214	星期一
39	003003	天元股份	1家机构买入，成功率37.10	17.11	3.26	-289.27	1038.53	1327.80	2366.32	10965.15	-2.64	21.58	14.91	8	日振幅值达到15的前5只证券	20201214	星期一
40	003022	联泓新科	实力游资卖出，成功率49.58	17.35	-10.01	-2318.89	5726.59	8045.48	13772.07	57282.08	-4.05	24.04	22.20	26	日跌幅偏离值达到7的前5只证券	20201214	星期一
41	003022	联泓新科	实力游资卖出，成功率49.58	17.35	-10.01	-2318.89	5726.59	8045.48	13772.07	57282.08	-4.05	24.04	22.20	26	日换手率达到20的前5只证券	20201214	星期一
42	300117	嘉寓股份	实力游资买入，成功率37.15	4.54	20.11	5358.87	6326.82	967.95	7294.78	18562.89	28.87	39.30	5.93	33	日涨幅达到15的前5只证券	20201214	星期一
43	300159	新研股份	主力做T，成功率51.17	4.32	20.00	212.61	4870.98	4658.37	9529.35	50024.86	0.43	19.05	8.48	61	日涨幅达到15的前5只证券	20201214	星期一
44	300239	东宝生物	实力游资买入，成功率58.55	7.56	20.00	3449.74	8551.87	5102.13	13654.00	49173.14	7.02	27.77	13.50	38	日涨幅达到15的前5只证券	20201214	星期一
45	300313	天山生物	西藏自治区资金买入，成功率26.86	27.26	6.15	-5259.25	7560.27	12819.52	20379.79	158772.87	-3.31	12.84	31.31	50	日换手率达到30的前5只证券	20201214	星期一
46	300389	艾比森	主力做T，成功率46.22	15.00	6.76	-8972.41	4566.23	13538.64	18104.87	79847.03	-11.24	22.67	33.72	25	日换手率达到30的前5只证券	20201214	星期一
47	300393	中来股份	1家机构买入，成功率36.94	12.00	8.99	-9302.15	16114.84	25416.99	41531.82	332366.70	-2.80	12.50	19.53	63	连续三个交易日内，涨幅偏离值累计达到30的证券	20201214	星期一
48	300568	星源材质	2家机构买入，成功率48.45	29.85	17.06	4514.28	17103.50	12589.22	29692.72	120290.19	3.75	24.68	11.84	107	日涨幅达到15的前5只证券	20201214	星期一
49	300752	隆利科技	1家机构卖出，成功率30.36	48.50	-4.47	-5986.65	6378.10	12364.75	18742.85	69753.28	-8.58	26.87	43.52	16	日换手率达到30的前5只证券	20201214	星期一
50	300781	因赛集团	实力游资卖出，成功率39.60	35.74	-18.90	1556.37	3998.49	2442.12	6440.61	35490.70	4.39	18.15	34.71	10	日跌幅达到15的前5只证券	20201214	星期一
51	300781	因赛集团	实力游资卖出，成功率39.60	35.74	-18.90	1556.37	3998.49	2442.12	6440.61	35490.70	4.39	18.15	34.71	10	日换手率达到30的前5只证券	20201214	星期一
52	300850	新强联	4家机构买入，成功率49.78	126.16	20.00	1251.68	6507.52	5255.84	11763.35	36835.44	3.40	31.93	11.64	33	日涨幅达到15的前5只证券	20201214	星期一
53	300913	兆龙互连	实力游资买入，成功率40.11	40.41	3.56	968.25	3369.29	2401.05	5770.34	42728.96	2.27	13.50	36.17	12	日换手率达到30的前5只证券	20201214	星期一
54	600006	东风汽车	实力游资买入，成功率47.68	6.34	10.07	2751.81	6817.05	4065.24	10882.28	44617.49	6.17	24.39	3.64	127	有价格涨跌幅限制的日收盘价格涨幅偏离值达到7的前三只证券	20201214	星期一
55	600397	安源煤业	实力游资卖出，成功率34.11	3.12	-10.09	-2132.94	2112.33	4245.27	6357.60	26083.08	-8.18	24.37	8.39	31	有价格涨跌幅限制的日收盘价格跌幅偏离值达到7的前三只证券	20201214	星期一
56	600509	天富能源	实力游资买入，成功率44.45	5.42	9.94	318.61	7108.96	6790.35	13899.30	64413.30	0.49	21.58	10.67	62	有价格涨跌幅限制的日价格振幅达到15的前三只证券	20201214	星期一
57	600586	金晶科技	买一主买，成功率49.25	5.73	9.98	4763.81	13651.12	8887.31	22538.43	98018.91	4.86	22.99	5.34	82	非ST、*ST和S证券连续三个交易日内收盘价格涨幅偏离值累计达到20的证券	20201214	星期一
58	600649	城投控股	买一主买，成功率58.33	5.53	0.36	2279.19	2279.19	-	2279.19	4367.92	52.18	52.18	0.31	140	单只标的证券的当日融资买入数量达到当日该证券总交易量的50％以上	20201214	星期一
59	600687	*ST刚泰	实力游资卖出，成功率55.45	0.65	-4.41	-57.73	182.11	239.84	421.95	908.46	-6.35	46.45	0.03	10	ST、*ST和S证券连续三个交易日内收盘价格跌幅偏离值累计达到15的证券	20201214	星期一
60	600773	西藏城投	实力游资买入，成功率43.76	6.56	10.07	1289.52	2316.19	1026.67	3342.86	9722.69	13.26	34.38	2.04	49	有价格涨跌幅限制的日收盘价格涨幅偏离值达到7的前三只证券	20201214	星期一
61	600791	京能置业	实力游资买入，成功率53.59	5.39	10.00	444.48	2889.99	2445.51	5335.50	33306.55	1.33	16.02	9.10	24	非ST、*ST和S证券连续三个交易日内收盘价格涨幅偏离值累计达到20的证券	20201214	星期一
62	600819	耀皮玻璃	实力游资买入，成功率33.58	5.36	10.06	1414.44	3272.34	1857.91	5130.25	14768.65	9.58	34.74	3.75	40	有价格涨跌幅限制的日收盘价格涨幅偏离值达到7的前三只证券	20201214	星期一
63	600889	南京化纤	实力游资卖出，成功率51.11	5.75	-10.02	-4462.35	10455.39	14917.73	25373.12	69502.20	-6.42	36.51	12.02	19	非ST、*ST和S证券连续三个交易日内收盘价格跌幅偏离值累计达到20的证券	20201214	星期一
64	601015	陕西黑猫	实力游资卖出，成功率33.92	4.37	-10.08	2687.70	9196.95	6509.25	15706.19	45542.31	5.90	34.49	6.38	71	有价格涨跌幅限制的日收盘价格跌幅偏离值达到7的前三只证券	20201214	星期一
65	603038	华立股份	实力游资卖出，成功率46.67	10.04	-10.04	735.89	1325.53	589.64	1915.17	6015.52	12.23	31.84	3.25	18	有价格涨跌幅限制的日收盘价格跌幅偏离值达到7的前三只证券	20201214	星期一
66	603396	金辰股份	实力游资买入，成功率60.29	45.08	10.00	456.48	11412.08	10955.59	22367.67	110289.34	0.41	20.28	6.43	48	非ST、*ST和S证券连续三个交易日内收盘价格涨幅偏离值累计达到20的证券	20201214	星期一
67	603655	朗博科技	实力游资买入，成功率39.38	27.85	9.99	1500.90	6411.91	4911.01	11322.92	37931.53	3.96	29.85	42.09	9	有价格涨跌幅限制的日换手率达到20的前三只证券	20201214	星期一
68	603677	奇精机械	卖一主卖，成功率36.08	11.18	-0.53	-1595.85	2741.57	4337.42	7078.99	23259.34	-6.86	30.44	1.20	21	非ST、*ST和S证券连续三个交易日内收盘价格跌幅偏离值累计达到20的证券	20201214	星期一
69	603990	麦迪科技	2家机构卖出，成功率32.52	33.89	-9.99	-5011.83	6273.03	11284.86	17557.88	46118.48	-10.87	38.07	3.48	49	非ST、*ST和S证券连续三个交易日内收盘价格跌幅偏离值累计达到20的证券	20201214	星期一
70	605007	五洲特纸	卖一主卖，成功率65.11	29.11	-1.75	150.22	3086.64	2936.42	6023.05	33893.21	0.44	17.77	28.55	12	有价格涨跌幅限制的日换手率达到20的前三只证券	20201214	星期一
71	605009	豪悦护理	买一主买，成功率32.93	221.00	3.25	-2986.29	30666.66	33652.95	64319.62	322318.63	-0.93	19.96	17.92	59	非ST、*ST和S证券连续三个交易日内收盘价格涨幅偏离值累计达到20的证券	20201214	星期一
72	605111	新洁能	实力游资买入，成功率28.41	242.00	10.00	-10314.42	13239.98	23554.40	36794.38	291912.74	-3.53	12.60	20.12	61	非ST、*ST和S证券连续三个交易日内收盘价格涨幅偏离值累计达到20的证券	20201214	星期一
73	605183	确成股份	3家机构卖出，成功率31.27	22.60	-8.91	1835.22	3954.02	2118.80	6072.82	44495.79	4.12	13.65	40.38	11	有价格涨跌幅限制的日换手率达到20的前三只证券	20201214	星期一
74	605258	协和电子	北京资金卖出，成功率33.02	42.34	-4.10	-561.26	6240.35	6801.62	13041.97	110212.24	-0.51	11.83	27.41	9	非ST、*ST和S证券连续三个交易日内收盘价格跌幅偏离值累计达到20的证券	20201214	星期一
75	605358	立昂微	实力游资买入，成功率33.53	132.61	10.00	-4930.09	15700.78	20630.87	36331.65	245198.82	-2.01	14.82	23.15	54	非ST、*ST和S证券连续三个交易日内收盘价格涨幅偏离值累计达到20的证券	20201214	星期一
76	605376	博迁新材	买一主买，成功率46.34	24.64	10.00	5203.81	5882.60	678.79	6561.38	7596.79	68.50	86.37	2.70	16	非ST、*ST和S证券连续三个交易日内收盘价格涨幅偏离值累计达到20的证券	20201214	星期一
77	900918	耀皮Ｂ股	上海资金买入，成功率6.67	0.45	6.70	7.14	28.57	21.42	49.99	80.85	8.84	61.83	0.97	1	有价格涨跌幅限制的日收盘价格涨幅偏离值达到7的前三只证券	20201214	星期一
78	900927	物贸Ｂ股	上海资金买入，成功率35.62	0.60	10.04	16.92	38.50	21.58	60.08	89.03	19.01	67.48	1.49	1	有价格涨跌幅限制的日收盘价格涨幅偏离值达到7的前三只证券	20201214	星期一
