1	000048	京基智农	3家机构买入，成功率35.47	25.14	10.02	1463.19	4560.94	3097.75	7658.70	29331.27	4.99	26.11	3.02	101	日涨幅偏离值达到7的前5只证券	20201201	星期二
2	000157	中联重科	2家机构买入，成功率46.99	9.42	10.05	20074.77	62197.81	42123.05	104320.86	268653.50	7.47	38.83	4.50	608	日涨幅偏离值达到7的前5只证券	20201201	星期二
3	000540	中天金融	实力游资买入，成功率50.60	3.52	10.00	-4231.64	15347.99	19579.63	34927.63	72838.91	-5.81	47.95	3.04	245	日涨幅偏离值达到7的前5只证券	20201201	星期二
4	000545	金浦钛业	实力游资买入，成功率40.71	4.03	6.05	6982.23	13138.47	6156.24	19294.70	103358.13	6.76	18.67	26.95	39	日换手率达到20的前5只证券	20201201	星期二
5	000625	长安汽车	买一主买，成功率48.35	27.79	10.02	4830.87	88494.85	83663.98	172158.83	795299.08	0.61	21.65	7.71	1084	日涨幅偏离值达到7的前5只证券	20201201	星期二
6	000625	长安汽车	主力做T，成功率44.95	27.79	10.02	85820.52	263159.73	177339.21	440498.93	2047492.37	4.19	21.51	7.71	1084	连续三个交易日内，涨幅偏离值累计达到20的证券	20201201	星期二
7	000628	高新发展	卖一主卖，成功率36.93	9.17	-6.43	-1641.25	4589.57	6230.82	10820.39	24277.69	-6.76	44.57	13.50	17	日振幅值达到15的前5只证券	20201201	星期二
8	000628	高新发展	卖一主卖，成功率36.93	9.17	-6.43	-1641.25	4589.57	6230.82	10820.39	24277.69	-6.76	44.57	13.50	17	日跌幅偏离值达到7的前5只证券	20201201	星期二
9	000798	中水渔业	主力做T，成功率50.15	8.11	10.04	-281.22	3743.88	4025.10	7768.98	20915.09	-1.34	37.15	8.16	26	日涨幅偏离值达到7的前5只证券	20201201	星期二
10	000939	凯迪退	2家机构卖出，成功率35.46	0.15	-6.25	-1383.64	773.50	2157.15	2930.65	5067.08	-27.31	57.84	11.65	5	退市整理期	20201201	星期二
11	002052	*ST同洲	卖一主卖，成功率21.72	1.26	-3.08	-3515.06	1909.53	5424.59	7334.12	11514.21	-30.53	63.70	3.56	9	连续三个交易日内，跌幅偏离值累计达到12的ST证券、*ST证券	20201201	星期二
12	002086	*ST东洋	实力游资卖出，成功率43.47	2.00	-5.21	-486.52	959.35	1445.87	2405.22	7950.74	-6.12	30.25	2.76	12	连续三个交易日内，跌幅偏离值累计达到12的ST证券、*ST证券	20201201	星期二
13	002407	多氟多	买一主买，成功率39.97	17.17	9.99	23194.77	32290.69	9095.92	41386.61	135601.70	17.11	30.52	14.05	99	日涨幅偏离值达到7的前5只证券	20201201	星期二
14	002429	兆驰股份	买一主买，成功率35.76	6.22	10.09	10640.58	16420.50	5779.92	22200.42	77352.33	13.76	28.70	2.85	280	日涨幅偏离值达到7的前5只证券	20201201	星期二
15	002510	天汽模	实力游资买入，成功率41.20	6.30	9.95	3888.21	8217.32	4329.12	12546.44	72177.57	5.39	17.38	15.04	48	日涨幅偏离值达到7的前5只证券	20201201	星期二
16	002647	仁东控股	卖一主卖，成功率39.87	35.53	-10.01	-304.49	131.11	435.60	566.70	435.60	-69.90	130.10	0.02	199	日跌幅偏离值达到7的前5只证券	20201201	星期二
17	002670	国盛金控	买一主买，成功率34.84	13.62	10.02	-2716.55	22947.97	25664.51	48612.48	207072.25	-1.31	23.48	10.05	221	日振幅值达到15的前5只证券	20201201	星期二
18	002670	国盛金控	买一主买，成功率34.84	13.62	10.02	-2716.55	22947.97	25664.51	48612.48	207072.25	-1.31	23.48	10.05	221	日涨幅偏离值达到7的前5只证券	20201201	星期二
19	002682	龙洲股份	实力游资卖出，成功率36.59	4.79	-9.28	-1638.01	3433.75	5071.76	8505.52	54659.07	-3.00	15.56	20.43	26	日跌幅偏离值达到7的前5只证券	20201201	星期二
20	002682	龙洲股份	实力游资卖出，成功率33.60	4.79	-9.28	-3824.54	5257.40	9081.94	14339.34	115423.89	-3.31	12.42	20.43	26	连续三个交易日内，跌幅偏离值累计达到20的证券	20201201	星期二
21	002765	蓝黛科技	实力游资买入，成功率43.74	6.06	9.98	-160.55	7325.24	7485.78	14811.02	50357.21	-0.32	29.41	30.96	17	日换手率达到20的前5只证券	20201201	星期二
22	002863	今飞凯达	浙江资金卖出，成功率59.33	9.99	-8.93	-16972.08	25993.92	42966.00	68959.92	104913.16	-16.18	65.73	26.36	40	日跌幅偏离值达到7的前5只证券	20201201	星期二
23	002863	今飞凯达	浙江资金卖出，成功率59.33	9.99	-8.93	-16972.08	25993.92	42966.00	68959.92	104913.16	-16.18	65.73	26.36	40	日换手率达到20的前5只证券	20201201	星期二
24	002948	青岛银行	主力做T，成功率45.88	5.95	9.98	469.51	14471.62	14002.11	28473.73	109385.31	0.43	26.03	31.10	36	日涨幅偏离值达到7的前5只证券	20201201	星期二
25	002948	青岛银行	主力做T，成功率45.88	5.95	9.98	469.51	14471.62	14002.11	28473.73	109385.31	0.43	26.03	31.10	36	日换手率达到20的前5只证券	20201201	星期二
26	002996	顺博合金	2家机构买入，成功率43.24	16.32	9.97	-942.88	3893.15	4836.03	8729.19	38340.97	-2.46	22.77	46.37	9	日换手率达到20的前5只证券	20201201	星期二
27	003004	声迅股份	实力游资买入，成功率78.89	38.83	10.00	1413.97	1455.44	41.47	1496.90	1455.44	97.15	102.85	0.99	8	连续三个交易日内，涨幅偏离值累计达到20的证券	20201201	星期二
28	003015	日久光电	2家机构买入，成功率32.51	17.77	5.46	2269.88	4110.02	1840.14	5950.16	25552.54	8.88	23.29	20.79	12	日换手率达到20的前5只证券	20201201	星期二
29	200512	闽灿坤B	实力游资买入，成功率26.30	5.36	10.06	83.21	263.03	179.82	442.85	734.12	11.33	60.32	0.89	8	日涨幅偏离值达到7的前5只证券	20201201	星期二
30	300391	康跃科技	主力做T，成功率62.50	9.90	0.10	-2272.78	272497.21	274769.99	547267.21	156274.76	-1.45	350.20	5.86	35	严重异常期间日收盘价格跌幅偏离值累计达到50的证券	20201201	星期二
31	300542	新晨科技	1家机构买入，成功率56.41	18.78	20.00	5594.80	7341.49	1746.69	9088.18	27857.19	20.08	32.62	7.99	37	日涨幅达到15的前5只证券	20201201	星期二
32	300549	优德精密	1家机构买入，成功率42.70	33.04	20.01	2537.82	8694.10	6156.27	14850.37	52933.29	4.79	28.05	17.30	33	日涨幅达到15的前5只证券	20201201	星期二
33	300720	海川智能	买一主买，成功率31.87	31.30	20.02	3788.50	6256.90	2468.41	8725.31	33931.24	11.17	25.71	18.62	19	日涨幅达到15的前5只证券	20201201	星期二
34	300727	润禾材料	1家机构买入，成功率41.17	49.00	15.13	-1571.92	8082.45	9654.37	17736.82	129497.91	-1.21	13.70	24.90	55	日涨幅达到15的前5只证券	20201201	星期二
35	300727	润禾材料	1家机构买入，成功率42.36	49.00	15.13	7310.41	19218.94	11908.53	31127.46	217241.87	3.37	14.33	24.90	55	连续三个交易日内，涨幅偏离值累计达到30的证券	20201201	星期二
36	300807	天迈科技	实力游资卖出，成功率35.72	58.35	-1.35	682.31	3501.61	2819.31	6320.92	40650.66	1.68	15.55	40.41	10	日换手率达到30的前5只证券	20201201	星期二
37	300819	聚杰微纤	1家机构买入，成功率43.17	47.99	12.65	1537.49	5317.77	3780.28	9098.05	48912.49	3.14	18.60	42.12	12	日换手率达到30的前5只证券	20201201	星期二
38	300891	惠云钛业	1家机构买入，成功率22.06	24.38	4.77	529.40	5545.57	5016.17	10561.74	85704.56	0.62	12.32	37.50	23	日换手率达到30的前5只证券	20201201	星期二
39	300892	品渥食品	3家机构买入，成功率47.14	65.49	6.87	6250.12	11423.59	5173.47	16597.07	47940.73	13.04	34.62	31.52	16	日换手率达到30的前5只证券	20201201	星期二
40	600098	广州发展	买一主买，成功率53.33	5.96	0.68	1612.74	1612.74	-	1612.74	3037.84	53.09	53.09	0.19	162	单只标的证券的当日融资买入数量达到当日该证券总交易量的50％以上	20201201	星期二
41	600099	林海股份	实力游资卖出，成功率39.81	7.36	-10.02	291.12	1064.18	773.06	1837.24	3303.76	8.81	55.61	2.05	16	有价格涨跌幅限制的日收盘价格跌幅偏离值达到7的前三只证券	20201201	星期二
42	600105	永鼎股份	卖一主卖，成功率36.67	4.53	-9.94	-31845.59	12194.03	44039.63	56233.66	157933.17	-20.16	35.61	14.21	62	非ST、*ST和S证券连续三个交易日内收盘价格跌幅偏离值累计达到20的证券	20201201	星期二
43	600121	郑州煤电	浙江资金买入，成功率41.30	4.10	9.92	-1679.13	5997.09	7676.22	13673.32	89912.31	-1.87	15.21	18.95	50	有价格涨跌幅限制的日价格振幅达到15的前三只证券	20201201	星期二
44	600121	郑州煤电	实力游资买入，成功率34.71	4.10	9.92	2154.33	12238.92	10084.59	22323.51	196021.28	1.10	11.39	18.95	50	非ST、*ST和S证券连续三个交易日内收盘价格涨幅偏离值累计达到20的证券	20201201	星期二
45	600191	华资实业	买一主买，成功率29.31	6.25	10.04	378.97	4284.95	3905.97	8190.92	24455.80	1.55	33.49	8.50	30	有价格涨跌幅限制的日收盘价格涨幅偏离值达到7的前三只证券	20201201	星期二
46	600593	大连圣亚	卖一主卖，成功率31.61	37.85	-9.99	-214.23	476.91	691.14	1168.05	691.14	-31.00	169.00	0.14	49	有价格涨跌幅限制的日收盘价格跌幅偏离值达到7的前三只证券	20201201	星期二
47	600707	彩虹股份	实力游资买入，成功率52.07	7.11	10.06	11075.35	17891.55	6816.19	24707.74	82612.45	13.41	29.91	4.79	176	有价格涨跌幅限制的日收盘价格涨幅偏离值达到7的前三只证券	20201201	星期二
48	600707	彩虹股份	上海资金买入，成功率50.24	7.11	10.06	27825.29	41804.35	13979.05	55783.40	204366.22	13.62	27.30	4.79	176	非ST、*ST和S证券连续三个交易日内收盘价格涨幅偏离值累计达到20的证券	20201201	星期二
49	600844	丹化科技	买一主买，成功率47.12	3.50	10.06	1393.22	1747.20	353.99	2101.19	2173.50	64.10	96.67	0.76	29	有价格涨跌幅限制的日收盘价格涨幅偏离值达到7的前三只证券	20201201	星期二
50	601127	小康股份	广东资金买入，成功率34.36	20.90	10.00	-8390.18	17423.09	25813.27	43236.35	149515.14	-5.61	28.92	8.13	195	有价格涨跌幅限制的日价格振幅达到15的前三只证券	20201201	星期二
51	601187	厦门银行	实力游资买入，成功率32.11	12.86	10.01	2740.14	23445.66	20705.52	44151.17	529309.43	0.52	8.34	59.52	34	非ST、*ST和S证券连续三个交易日内收盘价格涨幅偏离值累计达到20的证券	20201201	星期二
52	601187	厦门银行	实力游资买入，成功率38.26	12.86	10.01	1191.64	15936.10	14744.46	30680.56	190531.88	0.63	16.10	59.52	34	有价格涨跌幅限制的日换手率达到20的前三只证券	20201201	星期二
53	601456	国联证券	实力游资买入，成功率25.33	20.70	8.38	4865.71	20840.87	15975.16	36816.03	295747.37	1.65	12.45	31.25	98	有价格涨跌幅限制的日换手率达到20的前三只证券	20201201	星期二
54	603336	宏辉果蔬	实力游资买入，成功率39.33	13.13	5.72	-811.87	6893.65	7705.52	14599.16	102038.79	-0.80	14.31	17.34	43	非ST、*ST和S证券连续三个交易日内收盘价格涨幅偏离值累计达到20的证券	20201201	星期二
55	603655	朗博科技	卖一主卖，成功率45.45	56.39	-9.99	-1341.52	453.38	1794.89	2248.27	1794.89	-74.74	125.26	0.94	19	有价格涨跌幅限制的日收盘价格跌幅偏离值达到7的前三只证券	20201201	星期二
56	605007	五洲特纸	实力游资买入，成功率40.23	28.00	3.70	-3428.82	3490.18	6919.00	10409.18	56508.98	-6.07	18.42	51.31	11	有价格涨跌幅限制的日换手率达到20的前三只证券	20201201	星期二
57	605266	N健之佳	买一主买，成功率71.92	104.96	44.00	2686.59	2796.79	110.21	2907.00	2796.79	96.06	103.94	2.02	14	无价格涨跌幅限制的证券	20201201	星期二
58	605266	N健之佳	买一主买，成功率71.92	104.96	44.00	2686.59	2796.79	110.21	2907.00	2796.79	96.06	103.94	2.02	14	当日无价格涨跌幅限制的A股，出现异常波动停牌的	20201201	星期二
59	900921	丹科B股	上海资金买入，成功率35.09	0.19	9.94	-5.24	10.86	16.09	26.95	55.29	-9.47	48.74	1.55	0	有价格涨跌幅限制的日收盘价格涨幅偏离值达到7的前三只证券	20201201	星期二
