1	000504	ST生物	主力做T，成功率18.41	11.37	4.99	-151.74	541.39	693.14	1234.53	1736.16	-8.74	71.11	0.19	35	连续三个交易日内，涨幅偏离值累计达到12的ST证券、*ST证券和未完成股改证券	20201223	星期三
2	000521	长虹美菱	实力游资买入，成功率38.44	5.09	9.94	300.81	6921.51	6620.70	13542.21	86454.35	0.35	15.66	19.95	44	日涨幅偏离值达到7的前5只证券	20201223	星期三
3	000521	长虹美菱	主力做T，成功率38.11	5.09	9.94	448.18	10547.97	10099.78	20647.75	146129.44	0.31	14.13	19.95	44	连续三个交易日内，涨幅偏离值累计达到20的证券	20201223	星期三
4	000587	*ST金洲	卖一主卖，成功率33.33	1.18	-4.84	-245.01	863.40	1108.42	1971.82	3086.00	-7.94	63.90	0.14	14	连续三个交易日内，跌幅偏离值累计达到12的ST证券、*ST证券和未完成股改证券	20201223	星期三
5	000591	太阳能	1家机构买入，成功率39.50	5.35	10.08	-3121.50	12309.11	15430.61	27739.73	74244.66	-4.20	37.36	6.97	109	日涨幅偏离值达到7的前5只证券	20201223	星期三
6	000662	*ST天夏	卖一主卖，成功率22.50	0.81	-4.71	-62.56	1388.07	1450.63	2838.70	10385.00	-0.60	27.33	5.70	9	连续三个交易日内，跌幅偏离值累计达到12的ST证券、*ST证券和未完成股改证券	20201223	星期三
7	000668	荣丰控股	卖一主卖，成功率30.00	12.37	-9.97	-1942.99	2334.00	4276.99	6610.99	8526.68	-22.79	77.53	4.69	18	日跌幅偏离值达到7的前5只证券	20201223	星期三
8	000668	荣丰控股	浙江资金卖出，成功率40.57	12.37	-9.97	-3079.93	4857.09	7937.02	12794.12	19679.58	-15.65	65.01	4.69	18	连续三个交易日内，跌幅偏离值累计达到20的证券	20201223	星期三
9	000713	丰乐种业	1家机构买入，成功率36.85	15.32	9.98	-2757.08	11301.84	14058.92	25360.76	201449.00	-1.37	12.59	35.79	61	日振幅值达到15的前5只证券	20201223	星期三
10	000713	丰乐种业	1家机构买入，成功率36.85	15.32	9.98	-2757.08	11301.84	14058.92	25360.76	201449.00	-1.37	12.59	35.79	61	日涨幅偏离值达到7的前5只证券	20201223	星期三
11	000713	丰乐种业	1家机构买入，成功率36.85	15.32	9.98	-2757.08	11301.84	14058.92	25360.76	201449.00	-1.37	12.59	35.79	61	日换手率达到20的前5只证券	20201223	星期三
12	000768	中航西飞	上海资金买入，成功率46.30	33.55	10.00	-19642.83	58097.99	77740.82	135838.82	286019.43	-6.87	47.49	3.20	929	日涨幅偏离值达到7的前5只证券	20201223	星期三
13	000798	中水渔业	买一主买，成功率29.80	12.19	10.02	1088.78	6031.07	4942.29	10973.35	64322.81	1.69	17.06	17.21	39	日涨幅偏离值达到7的前5只证券	20201223	星期三
14	000798	中水渔业	主力做T，成功率34.32	12.19	10.02	1677.25	8593.86	6916.62	15510.48	123077.62	1.36	12.60	17.21	39	连续三个交易日内，涨幅偏离值累计达到20的证券	20201223	星期三
15	000816	智慧农业	1家机构买入，成功率37.48	4.15	2.47	156.13	8464.89	8308.76	16773.65	115958.32	0.13	14.47	22.11	55	日振幅值达到15的前5只证券	20201223	星期三
16	000816	智慧农业	1家机构买入，成功率37.48	4.15	2.47	156.13	8464.89	8308.76	16773.65	115958.32	0.13	14.47	22.11	55	日换手率达到20的前5只证券	20201223	星期三
17	000821	京山轻机	主力做T，成功率45.24	9.15	2.46	-9270.46	15608.50	24878.97	40487.47	147555.54	-6.28	27.44	21.99	42	连续三个交易日内，涨幅偏离值累计达到20的证券	20201223	星期三
18	000821	京山轻机	西藏自治区资金买入，成功率40.60	9.15	2.46	-13040.19	6913.63	19953.82	26867.44	94692.99	-13.77	28.37	21.99	42	日换手率达到20的前5只证券	20201223	星期三
19	000899	赣能股份	实力游资买入，成功率42.01	6.00	10.09	-642.40	2535.45	3177.84	5713.29	30396.66	-2.11	18.80	5.57	59	日振幅值达到15的前5只证券	20201223	星期三
20	000929	兰州黄河	实力游资买入，成功率37.38	13.00	4.33	-5767.22	5366.88	11134.10	16500.98	70351.86	-8.20	23.45	29.36	24	日振幅值达到15的前5只证券	20201223	星期三
21	000929	兰州黄河	实力游资买入，成功率37.38	13.00	4.33	-5767.22	5366.88	11134.10	16500.98	70351.86	-8.20	23.45	29.36	24	日换手率达到20的前5只证券	20201223	星期三
22	000936	华西股份	1家机构卖出，成功率46.54	8.59	-9.86	-10247.36	8639.80	18887.15	27526.95	63270.03	-16.20	43.51	7.93	76	日跌幅偏离值达到7的前5只证券	20201223	星期三
23	000995	皇台酒业	实力游资卖出，成功率38.16	30.30	-5.28	-5488.55	7555.55	13044.10	20599.64	115928.60	-4.73	17.77	21.02	54	日振幅值达到15的前5只证券	20201223	星期三
24	000995	皇台酒业	实力游资卖出，成功率38.16	30.30	-5.28	-5488.55	7555.55	13044.10	20599.64	115928.60	-4.73	17.77	21.02	54	日换手率达到20的前5只证券	20201223	星期三
25	001896	豫能控股	主力做T，成功率47.83	7.81	10.00	-6823.07	11047.68	17870.75	28918.43	167601.91	-4.07	17.25	5.82	90	连续三个交易日内，涨幅偏离值累计达到20的证券	20201223	星期三
26	002021	ST中捷	浙江资金卖出，成功率34.44	1.70	-5.03	-437.84	606.11	1043.95	1650.06	2556.37	-17.13	64.55	0.62	12	连续三个交易日内，跌幅偏离值累计达到12的ST证券、*ST证券	20201223	星期三
27	002096	南岭民爆	实力游资卖出，成功率45.75	8.60	-1.15	1949.93	9731.67	7781.74	17513.40	32816.59	5.94	53.37	10.93	32	日振幅值达到15的前5只证券	20201223	星期三
28	002149	西部材料	3家机构买入，成功率55.26	15.75	9.99	2296.90	8999.28	6702.38	15701.66	77837.33	2.95	20.17	12.16	67	日涨幅偏离值达到7的前5只证券	20201223	星期三
29	002168	惠程科技	实力游资卖出，成功率41.05	4.35	-9.94	-12338.07	4547.24	16885.31	21432.56	32684.40	-37.75	65.57	9.10	34	日跌幅偏离值达到7的前5只证券	20201223	星期三
30	002245	蔚蓝锂芯	实力游资买入，成功率34.53	12.89	9.98	803.31	12305.31	11501.99	23807.30	118704.36	0.68	20.06	10.28	118	日涨幅偏离值达到7的前5只证券	20201223	星期三
31	002245	蔚蓝锂芯	1家机构买入，成功率45.53	12.89	9.98	3724.51	17199.51	13475.00	30674.52	205963.07	1.81	14.89	10.28	118	连续三个交易日内，涨幅偏离值累计达到20的证券	20201223	星期三
32	002272	川润股份	2家机构卖出，成功率47.86	6.37	-4.78	-4081.01	3442.50	7523.51	10966.02	46636.24	-8.75	23.51	21.67	21	日振幅值达到15的前5只证券	20201223	星期三
33	002389	航天彩虹	1家机构买入，成功率46.08	28.73	9.99	3986.40	23900.66	19914.26	43814.93	112627.43	3.54	38.90	6.38	181	日涨幅偏离值达到7的前5只证券	20201223	星期三
34	002459	晶澳科技	2家机构买入，成功率47.70	47.46	8.46	6528.63	36630.97	30102.34	66733.31	247943.41	2.63	26.91	5.06	184	连续三个交易日内，涨幅偏离值累计达到20的证券	20201223	星期三
35	002512	达华智能	广东资金卖出，成功率48.41	4.31	-9.83	-4606.59	2692.90	7299.49	9992.40	19401.83	-23.74	51.50	5.21	37	日跌幅偏离值达到7的前5只证券	20201223	星期三
36	002531	天顺风能	主力做T，成功率42.12	8.43	10.05	1937.86	15640.97	13703.11	29344.09	121678.54	1.59	24.12	8.35	149	日涨幅偏离值达到7的前5只证券	20201223	星期三
37	002612	朗姿股份	1家机构卖出，成功率25.05	19.32	-9.55	-1043.62	8173.38	9216.99	17390.37	124381.59	-0.84	13.98	24.29	50	日跌幅偏离值达到7的前5只证券	20201223	星期三
38	002646	青青稞酒	买一主买，成功率28.01	25.41	10.00	3184.65	18539.68	15355.03	33894.70	184127.75	1.73	18.41	16.76	114	日涨幅偏离值达到7的前5只证券	20201223	星期三
39	002646	青青稞酒	主力做T，成功率28.96	25.41	10.00	-1871.57	22599.34	24470.91	47070.26	318039.70	-0.59	14.80	16.76	114	连续三个交易日内，涨幅偏离值累计达到20的证券	20201223	星期三
40	002656	ST摩登	卖一主卖，成功率31.11	1.48	-4.52	-2956.47	678.19	3634.65	4312.84	5564.68	-53.13	77.50	2.87	8	连续三个交易日内，跌幅偏离值累计达到12的ST证券、*ST证券	20201223	星期三
41	003006	百亚股份	上海资金卖出，成功率36.00	25.10	-9.22	969.64	3944.15	2974.51	6918.67	29713.02	3.26	23.28	26.16	11	日振幅值达到15的前5只证券	20201223	星期三
42	003006	百亚股份	上海资金卖出，成功率36.00	25.10	-9.22	969.64	3944.15	2974.51	6918.67	29713.02	3.26	23.28	26.16	11	日跌幅偏离值达到7的前5只证券	20201223	星期三
43	003006	百亚股份	上海资金卖出，成功率36.00	25.10	-9.22	969.64	3944.15	2974.51	6918.67	29713.02	3.26	23.28	26.16	11	日换手率达到20的前5只证券	20201223	星期三
44	003020	立方制药	实力游资卖出，成功率57.22	36.80	-5.88	950.85	2653.86	1703.00	4356.86	23058.13	4.12	18.90	26.74	9	日换手率达到20的前5只证券	20201223	星期三
45	003023	彩虹集团	主力做T，成功率40.06	35.90	-6.87	485.65	1964.47	1478.82	3443.30	20452.31	2.37	16.84	27.60	7	日换手率达到20的前5只证券	20201223	星期三
46	003025	思进智能	实力游资卖出，成功率20.92	38.01	-8.67	14.78	2201.75	2186.97	4388.72	27816.91	0.05	15.78	35.70	8	日跌幅偏离值达到7的前5只证券	20201223	星期三
47	003025	思进智能	实力游资卖出，成功率20.92	38.01	-8.67	14.78	2201.75	2186.97	4388.72	27816.91	0.05	15.78	35.70	8	日换手率达到20的前5只证券	20201223	星期三
48	003026	中晶科技	买一主买，成功率50.88	26.62	10.00	273.55	289.51	15.96	305.47	289.51	94.49	105.51	0.25	7	连续三个交易日内，涨幅偏离值累计达到20的证券	20201223	星期三
49	003027	同兴环保	主力做T，成功率26.60	43.38	-7.78	1341.73	3896.70	2554.98	6451.68	75153.26	1.79	8.58	27.19	9	连续三个交易日内，跌幅偏离值累计达到20的证券	20201223	星期三
50	003027	同兴环保	主力做T，成功率23.52	43.38	-7.78	622.10	1782.35	1160.25	2942.60	26017.74	2.39	11.31	27.19	9	日换手率达到20的前5只证券	20201223	星期三
51	300083	创世纪	3家机构买入，成功率44.18	10.28	18.03	16491.82	29885.90	13394.09	43279.99	115753.05	14.25	37.39	8.92	134	日涨幅达到15的前5只证券	20201223	星期三
52	300118	东方日升	买一主买，成功率37.11	28.27	19.99	15170.80	39948.95	24778.15	64727.10	334245.86	4.54	19.37	19.61	179	日涨幅达到15的前5只证券	20201223	星期三
53	300609	汇纳科技	4家机构卖出，成功率20.28	16.72	-20.00	-3329.51	2492.86	5822.37	8315.23	20317.78	-16.39	40.93	13.23	15	日跌幅达到15的前5只证券	20201223	星期三
54	300632	光莆股份	浙江资金卖出，成功率31.03	15.14	-4.66	-15439.58	5014.82	20454.40	25469.22	81317.09	-18.99	31.32	8.56	20	连续三个交易日内，跌幅偏离值累计达到30的证券	20201223	星期三
55	300752	隆利科技	实力游资卖出，成功率38.32	43.26	-8.35	-2116.51	5029.75	7146.26	12176.01	57687.35	-3.67	21.11	38.21	14	日换手率达到30的前5只证券	20201223	星期三
56	300919	中伟股份	2家机构买入，成功率52.21	85.00	245.53	23205.92	28684.52	5478.59	34163.11	234735.57	9.89	14.55	67.09	36	无价格涨跌幅限制的证券	20201223	星期三
57	600121	郑州煤电	实力游资买入，成功率39.98	6.44	10.09	968.65	9663.28	8694.63	18357.92	118172.24	0.82	15.53	15.53	78	有价格涨跌幅限制的日收盘价格涨幅偏离值达到7的前三只证券	20201223	星期三
58	600121	郑州煤电	实力游资买入，成功率39.03	6.44	10.09	3313.75	15720.64	12406.89	28127.53	249921.26	1.33	11.25	15.53	78	非ST、*ST和S证券连续三个交易日内收盘价格涨幅偏离值累计达到20的证券	20201223	星期三
59	600197	伊力特	1家机构卖出，成功率41.41	30.80	-5.20	-11341.11	14015.78	25356.89	39372.67	275954.86	-4.11	14.27	19.61	134	有价格涨跌幅限制的日价格振幅达到15的前三只证券	20201223	星期三
60	600223	鲁商发展	2家机构卖出，成功率32.46	9.21	-9.26	-10400.13	9560.81	19960.94	29521.76	126820.01	-8.20	23.28	6.35	93	非ST、*ST和S证券连续三个交易日内收盘价格跌幅偏离值累计达到20的证券	20201223	星期三
61	600313	农发种业	西藏自治区资金买入，成功率33.53	6.25	6.66	-948.02	6470.08	7418.10	13888.17	123891.00	-0.77	11.21	20.68	64	有价格涨跌幅限制的日价格振幅达到15的前三只证券	20201223	星期三
62	600460	士兰微	2家机构买入，成功率42.39	23.78	9.99	-13342.41	71259.76	84602.17	155861.93	613914.28	-2.17	25.39	7.06	312	非ST、*ST和S证券连续三个交易日内收盘价格涨幅偏离值累计达到20的证券	20201223	星期三
63	600537	亿晶光电	买一主买，成功率44.69	4.68	10.12	3931.09	4592.43	661.35	5253.78	9455.28	41.58	55.56	1.72	55	有价格涨跌幅限制的日收盘价格涨幅偏离值达到7的前三只证券	20201223	星期三
64	600543	莫高股份	实力游资买入，成功率31.88	11.60	2.20	8352.78	14841.29	6488.50	21329.79	121216.20	6.89	17.60	31.52	37	有价格涨跌幅限制的日换手率达到20的前三只证券	20201223	星期三
65	600573	惠泉啤酒	实力游资买入，成功率43.11	13.50	10.02	1648.93	10876.52	9227.59	20104.11	106331.60	1.55	18.91	18.41	34	非ST、*ST和S证券连续三个交易日内收盘价格涨幅偏离值累计达到20的证券	20201223	星期三
66	600620	天宸股份	买一主买，成功率34.44	6.21	1.14	1797.50	1797.50	-	1797.50	3365.38	53.41	53.41	0.79	43	单只标的证券的当日融资买入数量达到当日该证券总交易量的50％以上	20201223	星期三
67	600686	金龙汽车	实力游资买入，成功率44.30	9.64	10.05	2597.69	8471.52	5873.83	14345.34	55481.73	4.68	25.86	3.37	58	非ST、*ST和S证券连续三个交易日内收盘价格涨幅偏离值累计达到20的证券	20201223	星期三
68	601101	昊华能源	实力游资买入，成功率48.82	4.80	10.09	1756.02	3003.36	1247.35	4250.71	8044.33	21.83	52.84	1.41	58	有价格涨跌幅限制的日收盘价格涨幅偏离值达到7的前三只证券	20201223	星期三
69	603069	海汽集团	实力游资买入，成功率27.61	24.32	10.00	-4660.91	8020.07	12680.97	20701.04	104453.81	-4.46	19.82	8.21	77	非ST、*ST和S证券连续三个交易日内收盘价格涨幅偏离值累计达到20的证券	20201223	星期三
70	603161	科华控股	卖一主卖，成功率63.10	15.62	-9.13	-62.96	9906.88	9969.83	19876.71	37129.56	-0.17	53.53	11.29	11	非ST、*ST和S证券连续三个交易日内收盘价格跌幅偏离值累计达到20的证券	20201223	星期三
71	603332	苏州龙杰	卖一主卖，成功率35.24	21.02	-10.02	-783.84	334.85	1118.68	1453.53	1118.68	-70.07	129.93	1.79	6	有价格涨跌幅限制的日收盘价格跌幅偏离值达到7的前三只证券	20201223	星期三
72	603332	苏州龙杰	卖一主卖，成功率22.42	21.02	-10.02	-1404.58	468.42	1873.00	2341.41	1873.00	-74.99	125.01	1.79	6	非ST、*ST和S证券连续三个交易日内收盘价格跌幅偏离值累计达到20的证券	20201223	星期三
73	603838	四通股份	卖一主卖，成功率45.56	7.16	-10.05	-1315.31	504.72	1820.03	2324.74	3359.22	-39.16	69.20	1.70	19	有价格涨跌幅限制的日收盘价格跌幅偏离值达到7的前三只证券	20201223	星期三
74	603909	合诚股份	广东资金卖出，成功率39.49	17.51	-10.02	-261.74	5000.86	5262.60	10263.45	9963.39	-2.63	103.01	3.97	25	有价格涨跌幅限制的日收盘价格跌幅偏离值达到7的前三只证券	20201223	星期三
75	605299	舒华体育	实力游资卖出，成功率54.92	13.16	-4.64	2413.55	3889.55	1476.00	5365.54	24412.41	9.89	21.98	36.94	7	有价格涨跌幅限制的日换手率达到20的前三只证券	20201223	星期三
76	605376	博迁新材	实力游资买入，成功率39.97	41.24	10.00	7105.19	14609.34	7504.15	22113.50	118794.84	5.98	18.61	48.13	27	有价格涨跌幅限制的日价格振幅达到15的前三只证券	20201223	星期三
77	605376	博迁新材	实力游资买入，成功率39.97	41.24	10.00	7105.19	14609.34	7504.15	22113.50	118794.84	5.98	18.61	48.13	27	有价格涨跌幅限制的日换手率达到20的前三只证券	20201223	星期三
78	688510	航亚科技	实力游资买入，成功率49.33	42.91	17.56	-4258.19	8338.64	12596.83	20935.47	88085.94	-4.83	23.77	44.48	21	有价格涨跌幅限制的日收盘价格涨幅达到15的前五只证券	20201223	星期三
79	688510	航亚科技	实力游资买入，成功率49.33	42.91	17.56	-4258.19	8338.64	12596.83	20935.47	88085.94	-4.83	23.77	44.48	21	有价格涨跌幅限制的日换手率达到30的前五只证券	20201223	星期三
