1	000404	长虹华意	实力游资卖出，成功率42.10	4.82	-5.68	-1080.30	4008.93	5089.23	9098.15	42053.29	-2.57	21.63	12.58	33	日跌幅偏离值达到7的前5只证券	20201221	星期一
2	000550	江铃汽车	主力做T，成功率31.70	22.83	10.02	-2391.42	10030.52	12421.94	22452.46	85927.04	-2.78	26.13	7.60	118	日涨幅偏离值达到7的前5只证券	20201221	星期一
3	000655	金岭矿业	2家机构买入，成功率43.68	9.15	9.98	3177.26	13750.30	10573.04	24323.34	132656.57	2.40	18.34	10.98	54	连续三个交易日内，涨幅偏离值累计达到20的证券	20201221	星期一
4	000733	振华科技	买一主买，成功率34.64	48.68	10.01	9963.03	23593.02	13629.99	37223.01	91014.73	10.95	40.90	3.71	251	日涨幅偏离值达到7的前5只证券	20201221	星期一
5	000738	航发控制	2家机构买入，成功率41.68	21.38	9.98	594.85	25373.24	24778.39	50151.63	100566.38	0.59	49.87	4.24	245	日涨幅偏离值达到7的前5只证券	20201221	星期一
6	000812	陕西金叶	实力游资卖出，成功率24.82	3.81	-4.75	-2797.68	2935.34	5733.02	8668.36	55292.01	-5.06	15.68	22.36	26	日换手率达到20的前5只证券	20201221	星期一
7	000816	智慧农业	1家机构买入，成功率39.28	4.35	2.84	2434.69	12474.88	10040.19	22515.06	157228.95	1.55	14.32	26.66	58	日换手率达到20的前5只证券	20201221	星期一
8	000863	三湘印象	2家机构卖出，成功率35.56	4.82	-5.68	-183.41	1330.54	1513.94	2844.48	4848.41	-3.78	58.67	0.84	57	日跌幅偏离值达到7的前5只证券	20201221	星期一
9	000995	皇台酒业	实力游资卖出，成功率31.24	32.76	-10.00	-7029.40	11602.29	18631.68	30233.97	132105.15	-5.32	22.89	21.73	58	日跌幅偏离值达到7的前5只证券	20201221	星期一
10	000995	皇台酒业	实力游资卖出，成功率31.24	32.76	-10.00	-7029.40	11602.29	18631.68	30233.97	132105.15	-5.32	22.89	21.73	58	日换手率达到20的前5只证券	20201221	星期一
11	000998	隆平高科	1家机构买入，成功率40.78	18.63	9.98	18345.02	27755.17	9410.15	37165.32	130679.15	14.04	28.44	7.31	181	日涨幅偏离值达到7的前5只证券	20201221	星期一
12	001896	豫能控股	实力游资买入，成功率57.50	6.45	10.07	3170.76	9709.53	6538.77	16248.30	94115.38	3.37	17.26	12.78	74	日涨幅偏离值达到7的前5只证券	20201221	星期一
13	001896	豫能控股	主力做T，成功率45.50	6.45	10.07	-1366.66	18490.72	19857.38	38348.10	315324.77	-0.43	12.16	12.78	74	连续三个交易日内，涨幅偏离值累计达到20的证券	20201221	星期一
14	002041	登海种业	1家机构买入，成功率51.99	21.05	9.98	3032.86	15224.91	12192.05	27416.97	127751.80	2.37	21.46	7.02	185	日涨幅偏离值达到7的前5只证券	20201221	星期一
15	002050	三花智控	3家机构买入，成功率47.44	24.09	10.00	9420.51	33806.36	24385.85	58192.21	152433.06	6.18	38.18	1.85	848	日涨幅偏离值达到7的前5只证券	20201221	星期一
16	002096	南岭民爆	卖一主卖，成功率35.56	9.67	-9.96	-663.07	139.83	802.90	942.73	802.90	-82.58	117.42	0.22	36	日跌幅偏离值达到7的前5只证券	20201221	星期一
17	002096	南岭民爆	卖一主卖，成功率19.09	9.67	-9.96	-1555.37	218.59	1773.97	1992.56	1809.99	-85.93	110.09	0.22	36	连续三个交易日内，跌幅偏离值累计达到20的证券	20201221	星期一
18	002160	常铝股份	江苏资金买入，成功率40.55	4.88	4.05	-3200.78	8082.68	11283.46	19366.13	120150.73	-2.66	16.12	28.02	35	连续三个交易日内，涨幅偏离值累计达到20的证券	20201221	星期一
19	002160	常铝股份	实力游资买入，成功率35.02	4.88	4.05	-3799.23	6241.70	10040.93	16282.63	100753.52	-3.77	16.16	28.02	35	日换手率达到20的前5只证券	20201221	星期一
20	002176	*ST江特	主力做T，成功率12.96	3.70	4.82	185.72	7218.15	7032.43	14250.57	66494.48	0.28	21.43	3.70	63	连续三个交易日内，涨幅偏离值累计达到12的ST证券、*ST证券	20201221	星期一
21	002340	格林美	1家机构买入，成功率43.14	6.19	9.95	30076.72	62278.88	32202.16	94481.04	393238.56	7.65	24.03	13.52	295	日涨幅偏离值达到7的前5只证券	20201221	星期一
22	002553	南方轴承	1家机构买入，成功率43.81	10.16	9.96	5487.77	18033.68	12545.91	30579.58	116598.06	4.71	26.23	24.35	24	连续三个交易日内，涨幅偏离值累计达到20的证券	20201221	星期一
23	002594	比亚迪	1家机构买入，成功率50.33	193.60	10.00	2485.97	159909.39	157423.43	317332.82	1234292.40	0.20	25.71	5.83	2218	日涨幅偏离值达到7的前5只证券	20201221	星期一
24	002612	朗姿股份	实力游资买入，成功率24.04	23.73	10.01	3432.38	15150.97	11718.59	26869.55	184295.94	1.86	14.58	30.75	62	日涨幅偏离值达到7的前5只证券	20201221	星期一
25	002612	朗姿股份	实力游资买入，成功率24.04	23.73	10.01	3432.38	15150.97	11718.59	26869.55	184295.94	1.86	14.58	30.75	62	日换手率达到20的前5只证券	20201221	星期一
26	002647	仁东控股	主力做T，成功率42.50	14.82	-3.77	-11389.86	21576.83	32966.69	54543.53	322216.24	-3.53	16.93	36.97	83	日换手率达到20的前5只证券	20201221	星期一
27	002731	萃华珠宝	福建资金卖出，成功率39.24	7.58	-8.56	-4442.77	2065.83	6508.60	8574.42	22203.74	-20.01	38.62	13.11	17	日跌幅偏离值达到7的前5只证券	20201221	星期一
28	002738	中矿资源	2家机构买入，成功率42.03	26.85	10.00	-87.76	13962.15	14049.91	28012.06	189259.44	-0.05	14.80	14.59	58	连续三个交易日内，涨幅偏离值累计达到20的证券	20201221	星期一
29	002766	ST索菱	主力做T，成功率15.00	3.65	4.89	-170.42	593.51	763.93	1357.45	3933.41	-4.33	34.51	0.46	11	连续三个交易日内，涨幅偏离值累计达到12的ST证券、*ST证券	20201221	星期一
30	003020	立方制药	实力游资卖出，成功率31.29	39.90	-9.99	-1932.01	2049.92	3981.93	6031.85	38437.43	-5.03	15.69	41.07	9	日跌幅偏离值达到7的前5只证券	20201221	星期一
31	003020	立方制药	实力游资卖出，成功率31.29	39.90	-9.99	-1932.01	2049.92	3981.93	6031.85	38437.43	-5.03	15.69	41.07	9	日换手率达到20的前5只证券	20201221	星期一
32	003023	彩虹集团	西藏自治区资金卖出，成功率29.18	37.97	-2.21	517.17	1950.65	1433.49	3384.14	20989.62	2.46	16.12	27.54	8	日换手率达到20的前5只证券	20201221	星期一
33	003025	思进智能	实力游资卖出，成功率47.53	44.54	-10.00	-358.35	2536.90	2895.25	5432.15	6315.09	-5.67	86.02	6.32	9	日振幅值达到15的前5只证券	20201221	星期一
34	003025	思进智能	实力游资卖出，成功率47.53	44.54	-10.00	-358.35	2536.90	2895.25	5432.15	6315.09	-5.67	86.02	6.32	9	日跌幅偏离值达到7的前5只证券	20201221	星期一
35	003027	同兴环保	实力游资卖出，成功率58.90	51.98	-10.01	370.51	1419.71	1049.20	2468.91	9716.15	3.81	25.41	8.44	11	日跌幅偏离值达到7的前5只证券	20201221	星期一
36	300087	荃银高科	2家机构买入，成功率32.47	28.88	15.20	-6759.44	6900.14	13659.59	20559.73	105805.99	-6.39	19.43	9.49	114	日涨幅达到15的前5只证券	20201221	星期一
37	300632	光莆股份	浙江资金卖出，成功率57.03	17.35	-20.01	-11686.55	2519.66	14206.20	16725.86	32549.54	-35.90	51.39	13.87	23	日跌幅达到15的前5只证券	20201221	星期一
38	300648	星云股份	1家机构买入，成功率46.09	43.10	19.99	2171.39	7562.04	5390.65	12952.69	55024.26	3.95	23.54	17.36	34	日涨幅达到15的前5只证券	20201221	星期一
39	300842	帝科股份	4家机构买入，成功率46.93	76.02	15.39	3319.29	6066.17	2746.89	8813.06	47813.01	6.94	18.43	25.84	19	日涨幅达到15的前5只证券	20201221	星期一
40	300917	特发服务	实力游资买入，成功率23.68	47.60	153.46	5363.35	7038.70	1675.35	8714.05	72908.44	7.36	11.95	70.24	10	无价格涨跌幅限制的证券	20201221	星期一
41	600110	诺德股份	1家机构买入，成功率38.05	8.88	10.04	3828.63	21881.22	18052.59	39933.80	138427.16	2.77	28.85	13.75	102	有价格涨跌幅限制的日收盘价格涨幅偏离值达到7的前三只证券	20201221	星期一
42	600110	诺德股份	上海资金买入，成功率46.96	8.88	10.04	5515.80	29940.50	24424.70	54365.20	225007.69	2.45	24.16	13.75	102	非ST、*ST和S证券连续三个交易日内收盘价格涨幅偏离值累计达到20的证券	20201221	星期一
43	600121	郑州煤电	普通席位买入，成功率34.24	5.32	9.92	-2282.22	15693.30	17975.52	33668.82	265505.92	-0.86	12.68	17.88	65	非ST、*ST和S证券连续三个交易日内收盘价格涨幅偏离值累计达到20的证券	20201221	星期一
44	600199	金种子酒	实力游资买入，成功率39.42	18.62	8.13	-14694.14	39860.57	54554.72	94415.29	622939.23	-2.36	15.16	23.61	113	非ST、*ST和S证券连续三个交易日内收盘价格涨幅偏离值累计达到20的证券	20201221	星期一
45	600616	金枫酒业	实力游资买入，成功率60.16	10.85	10.04	114.67	10384.44	10269.77	20654.21	122258.66	0.09	16.89	17.39	73	有价格涨跌幅限制的日收盘价格涨幅偏离值达到7的前三只证券	20201221	星期一
46	600744	华银电力	实力游资买入，成功率36.08	3.25	10.17	2105.46	4093.64	1988.19	6081.83	39431.54	5.34	15.42	15.12	27	有价格涨跌幅限制的日收盘价格涨幅偏离值达到7的前三只证券	20201221	星期一
47	600826	兰生股份	买一主买，成功率44.44	9.48	0.11	589.37	589.37	-	589.37	969.85	60.77	60.77	0.24	40	单只标的证券的当日融资买入数量达到当日该证券总交易量的50％以上	20201221	星期一
48	600861	北京城乡	实力游资卖出，成功率31.33	18.95	-10.02	-4280.48	1761.71	6042.19	7803.89	18626.07	-22.98	41.90	3.05	60	有价格涨跌幅限制的日收盘价格跌幅偏离值达到7的前三只证券	20201221	星期一
49	600864	哈投股份	实力游资买入，成功率50.74	8.13	6.97	8077.71	26211.93	18134.22	44346.15	401056.10	2.01	11.06	11.29	169	非ST、*ST和S证券连续三个交易日内收盘价格涨幅偏离值累计达到20的证券	20201221	星期一
50	600971	恒源煤电	买一主买，成功率44.62	6.88	9.03	-8657.02	11910.90	20567.92	32478.82	163621.31	-5.29	19.85	13.94	83	非ST、*ST和S证券连续三个交易日内收盘价格涨幅偏离值累计达到20的证券	20201221	星期一
51	603025	大豪科技	实力游资买入，成功率60.95	22.54	10.00	10628.05	13805.16	3177.11	16982.27	28762.99	36.95	59.04	0.86	207	非ST、*ST和S证券连续三个交易日内收盘价格涨幅偏离值累计达到20的证券	20201221	星期一
52	603222	济民制药	卖一主卖，成功率40.76	27.42	-10.01	-895.81	263.23	1159.04	1422.28	1159.04	-77.29	122.71	0.13	88	有价格涨跌幅限制的日收盘价格跌幅偏离值达到7的前三只证券	20201221	星期一
53	603222	济民制药	实力游资卖出，成功率19.70	27.42	-10.01	863.80	11361.59	10497.79	21859.39	15159.40	5.70	144.20	0.13	88	非ST、*ST和S证券连续三个交易日内收盘价格跌幅偏离值累计达到20的证券	20201221	星期一
54	603332	苏州龙杰	卖一主卖，成功率39.65	25.96	-9.99	-171.86	80.22	252.07	332.29	252.07	-68.18	131.82	0.33	8	有价格涨跌幅限制的日收盘价格跌幅偏离值达到7的前三只证券	20201221	星期一
55	603655	朗博科技	实力游资卖出，成功率23.74	26.47	-4.72	-323.18	2203.30	2526.48	4729.79	28273.90	-1.14	16.73	31.01	9	有价格涨跌幅限制的日换手率达到20的前三只证券	20201221	星期一
56	605151	西上海	西藏自治区资金卖出，成功率27.13	23.60	-6.72	703.51	1887.18	1183.67	3070.85	24631.09	2.86	12.47	31.24	8	有价格涨跌幅限制的日换手率达到20的前三只证券	20201221	星期一
57	605376	博迁新材	卖一主卖，成功率27.99	35.97	-0.28	4758.05	14932.49	10174.43	25106.92	129897.97	3.66	19.33	55.37	24	有价格涨跌幅限制的日价格振幅达到15的前三只证券	20201221	星期一
58	605376	博迁新材	卖一主卖，成功率27.99	35.97	-0.28	4758.05	14932.49	10174.43	25106.92	129897.97	3.66	19.33	55.37	24	有价格涨跌幅限制的日换手率达到20的前三只证券	20201221	星期一
