1	000007	全新好	实力游资卖出，成功率36.89	8.08	-10.02	-904.93	4183.32	5088.25	9271.58	14270.32	-6.34	64.97	5.68	25	日跌幅偏离值达到7的前5只证券	20201203	星期四
2	000545	金浦钛业	实力游资卖出，成功率35.42	3.55	-7.31	-1221.75	2826.15	4047.90	6874.04	53148.25	-2.30	12.93	15.04	34	日跌幅偏离值达到7的前5只证券	20201203	星期四
3	000572	ST海马	买一主买，成功率31.41	3.23	4.87	2311.92	7855.94	5544.02	13399.96	38281.68	6.04	35.00	3.89	53	连续三个交易日内，涨幅偏离值累计达到12的ST证券、*ST证券和未完成股改证券	20201203	星期四
4	000625	长安汽车	卖一主卖，成功率31.63	24.99	-7.68	-72796.46	47518.54	120315.00	167833.54	662864.67	-10.98	25.32	6.66	975	日跌幅偏离值达到7的前5只证券	20201203	星期四
5	000638	万方发展	买一主买，成功率48.60	7.90	10.03	36.44	2882.74	2846.30	5729.03	23206.98	0.16	24.69	9.83	24	日涨幅偏离值达到7的前5只证券	20201203	星期四
6	000766	通化金马	买一主买，成功率38.76	4.29	10.00	1983.82	3526.70	1542.88	5069.58	13857.97	14.32	36.58	4.73	30	日涨幅偏离值达到7的前5只证券	20201203	星期四
7	000798	中水渔业	浙江资金买入，成功率35.25	9.81	9.98	1687.32	5182.70	3495.38	8678.08	43318.70	3.90	20.03	14.93	31	日振幅值达到15的前5只证券	20201203	星期四
8	000798	中水渔业	浙江资金买入，成功率35.25	9.81	9.98	1687.32	5182.70	3495.38	8678.08	43318.70	3.90	20.03	14.93	31	日涨幅偏离值达到7的前5只证券	20201203	星期四
9	000798	中水渔业	主力做T，成功率38.84	9.81	9.98	-949.75	8694.45	9644.20	18338.65	104591.40	-0.91	17.53	14.93	31	连续三个交易日内，涨幅偏离值累计达到20的证券	20201203	星期四
10	000807	云铝股份	1家机构卖出，成功率47.75	8.65	-9.99	-8301.52	23766.64	32068.16	55834.80	151939.08	-5.46	36.75	6.54	225	日跌幅偏离值达到7的前5只证券	20201203	星期四
11	000933	神火股份	1家机构卖出，成功率43.95	7.83	-10.00	-417.75	15248.85	15666.60	30915.45	126267.27	-0.33	24.48	8.33	149	日跌幅偏离值达到7的前5只证券	20201203	星期四
12	000939	凯迪退	广东资金买入，成功率22.00	0.14	0.00	2.62	235.37	232.75	468.12	991.18	0.26	47.23	2.29	4	退市整理期	20201203	星期四
13	002196	方正电机	1家机构买入，成功率34.58	8.88	10.04	954.44	6095.76	5141.32	11237.08	51314.68	1.86	21.90	14.17	37	日涨幅偏离值达到7的前5只证券	20201203	星期四
14	002196	方正电机	2家机构买入，成功率43.04	8.88	10.04	2934.41	14081.52	11147.11	25228.63	146615.65	2.00	17.21	14.17	37	连续三个交易日内，涨幅偏离值累计达到20的证券	20201203	星期四
15	002258	利尔化学	2家机构卖出，成功率44.22	23.07	-8.05	-12684.12	8554.92	21239.04	29793.96	71385.24	-17.77	41.74	5.77	120	日跌幅偏离值达到7的前5只证券	20201203	星期四
16	002385	大北农	1家机构买入，成功率41.94	9.04	9.98	24236.17	40799.41	16563.24	57362.65	200824.62	12.07	28.56	7.97	261	日涨幅偏离值达到7的前5只证券	20201203	星期四
17	002501	*ST利源	实力游资买入，成功率51.52	2.30	5.02	-643.02	1418.50	2061.52	3480.02	10041.23	-6.40	34.66	1.06	26	连续三个交易日内，涨幅偏离值累计达到12的ST证券、*ST证券	20201203	星期四
18	002510	天汽模	实力游资卖出，成功率26.87	6.24	-9.96	-6875.12	9648.10	16523.21	26171.31	172948.95	-3.98	15.13	35.52	48	日跌幅偏离值达到7的前5只证券	20201203	星期四
19	002510	天汽模	实力游资卖出，成功率26.87	6.24	-9.96	-6875.12	9648.10	16523.21	26171.31	172948.95	-3.98	15.13	35.52	48	日换手率达到20的前5只证券	20201203	星期四
20	002575	*ST群兴	实力游资卖出，成功率16.03	3.10	-4.02	-924.16	696.01	1620.16	2316.17	5322.81	-17.36	43.51	0.97	18	连续三个交易日内，跌幅偏离值累计达到12的ST证券、*ST证券	20201203	星期四
21	002618	丹邦科技	1家机构买入，成功率43.47	8.12	6.84	-1870.85	10966.79	12837.64	23804.44	173428.49	-1.08	13.73	22.77	44	连续三个交易日内，涨幅偏离值累计达到20的证券	20201203	星期四
22	002618	丹邦科技	1家机构买入，成功率41.40	8.12	6.84	-2658.13	6057.72	8715.85	14773.57	102319.08	-2.60	14.44	22.77	44	日换手率达到20的前5只证券	20201203	星期四
23	002647	仁东控股	卖一主卖，成功率41.01	28.78	-10.01	-343.92	104.76	448.68	553.44	448.68	-76.65	123.35	0.03	161	日跌幅偏离值达到7的前5只证券	20201203	星期四
24	002652	扬子新材	实力游资买入，成功率41.26	4.75	9.95	1627.18	3005.53	1378.35	4383.88	7341.46	22.16	59.71	0.50	21	连续三个交易日内，涨幅偏离值累计达到20的证券	20201203	星期四
25	002670	国盛金控	实力游资买入，成功率42.56	15.97	6.61	-45999.29	46111.04	92110.32	138221.36	662765.68	-6.94	20.86	10.88	259	连续三个交易日内，涨幅偏离值累计达到20的证券	20201203	星期四
26	002747	埃斯顿	卖一主卖，成功率46.27	23.32	-8.33	-17182.59	9146.51	26329.09	35475.60	42980.02	-39.98	82.54	2.47	170	日跌幅偏离值达到7的前5只证券	20201203	星期四
27	002859	洁美科技	1家机构买入，成功率33.68	27.35	10.02	4189.10	15976.69	11787.58	27764.27	65392.52	6.41	42.46	6.04	110	日涨幅偏离值达到7的前5只证券	20201203	星期四
28	002863	今飞凯达	浙江资金卖出，成功率30.06	8.11	-9.99	-26646.25	7163.92	33810.17	40974.09	65676.83	-40.57	62.39	19.43	33	日跌幅偏离值达到7的前5只证券	20201203	星期四
29	002936	郑州银行	实力游资买入，成功率40.61	4.42	9.95	5641.92	17698.03	12056.11	29754.14	124602.10	4.53	23.88	17.45	73	日涨幅偏离值达到7的前5只证券	20201203	星期四
30	002948	青岛银行	实力游资买入，成功率37.46	7.21	10.08	-5958.25	9018.18	14976.43	23994.61	112165.55	-5.31	21.39	25.74	44	日涨幅偏离值达到7的前5只证券	20201203	星期四
31	002948	青岛银行	实力游资买入，成功率37.46	7.21	10.08	-5958.25	9018.18	14976.43	23994.61	112165.55	-5.31	21.39	25.74	44	日换手率达到20的前5只证券	20201203	星期四
32	002996	顺博合金	1家机构卖出，成功率40.18	17.65	-1.67	631.49	6618.19	5986.71	12604.90	50999.46	1.24	24.72	55.27	9	日振幅值达到15的前5只证券	20201203	星期四
33	002996	顺博合金	1家机构卖出，成功率40.18	17.65	-1.67	631.49	6618.19	5986.71	12604.90	50999.46	1.24	24.72	55.27	9	日换手率达到20的前5只证券	20201203	星期四
34	003015	日久光电	1家机构卖出，成功率32.76	19.14	-2.10	-3821.22	4151.65	7972.88	12124.53	73690.57	-5.19	16.45	51.35	13	日换手率达到20的前5只证券	20201203	星期四
35	200541	粤照明B	广东资金买入，成功率70.11	2.99	6.41	294.16	527.48	233.32	760.80	1199.51	24.52	63.43	1.49	8	日涨幅偏离值达到7的前5只证券	20201203	星期四
36	300221	银禧科技	西藏自治区资金买入，成功率36.90	8.31	0.61	900.60	7590.27	6689.67	14279.93	121456.95	0.74	11.76	33.69	35	日换手率达到30的前5只证券	20201203	星期四
37	300318	博晖创新	2家机构买入，成功率41.40	16.85	15.02	424.51	8831.59	8407.09	17238.68	142768.43	0.30	12.07	11.95	124	日涨幅达到15的前5只证券	20201203	星期四
38	300452	山河药辅	上海资金买入，成功率31.01	23.06	19.98	-3497.41	3366.84	6864.25	10231.10	39794.38	-8.79	25.71	12.68	33	日涨幅达到15的前5只证券	20201203	星期四
39	300752	隆利科技	实力游资买入，成功率42.39	41.32	20.01	127.68	6105.51	5977.84	12083.35	67368.65	0.19	17.94	52.35	14	日涨幅达到15的前5只证券	20201203	星期四
40	300752	隆利科技	实力游资买入，成功率42.39	41.32	20.01	127.68	6105.51	5977.84	12083.35	67368.65	0.19	17.94	52.35	14	日换手率达到30的前5只证券	20201203	星期四
41	300752	隆利科技	实力游资买入，成功率55.23	41.32	20.01	1892.30	11573.16	9680.86	21254.02	111995.45	1.69	18.98	52.35	14	连续三个交易日内，涨幅偏离值累计达到30的证券	20201203	星期四
42	300819	聚杰微纤	1家机构买入，成功率58.64	50.73	9.50	-952.01	5046.32	5998.33	11044.64	60119.63	-1.58	18.37	47.96	13	日换手率达到30的前5只证券	20201203	星期四
43	300892	品渥食品	4家机构买入，成功率56.93	79.03	0.56	9740.50	15763.50	6023.00	21786.50	65534.35	14.86	33.24	36.05	19	日换手率达到30的前5只证券	20201203	星期四
44	300898	熊猫乳品	主力做T，成功率43.95	57.51	-1.68	-688.44	3664.87	4353.31	8018.18	57292.73	-1.20	14.00	37.81	15	日换手率达到30的前5只证券	20201203	星期四
45	300911	亿田智能	实力游资买入，成功率17.94	64.09	163.20	6517.28	9426.79	2909.50	12336.29	123133.40	5.29	10.02	70.95	16	无价格涨跌幅限制的证券	20201203	星期四
46	600117	西宁特钢	实力游资买入，成功率39.76	4.18	10.00	339.28	3536.89	3197.62	6734.51	24349.77	1.39	27.66	3.78	44	非ST、*ST和S证券连续三个交易日内收盘价格涨幅偏离值累计达到20的证券	20201203	星期四
47	600121	郑州煤电	西藏自治区资金买入，成功率28.46	4.72	4.66	677.57	7239.55	6561.98	13801.52	118209.87	0.57	11.68	20.57	58	有价格涨跌幅限制的日价格振幅达到15的前三只证券	20201203	星期四
48	600213	亚星客车	实力游资买入，成功率41.09	10.52	10.04	236.90	8986.27	8749.37	17735.65	75592.77	0.31	23.46	28.33	23	非ST、*ST和S证券连续三个交易日内收盘价格涨幅偏离值累计达到20的证券	20201203	星期四
49	600397	安源煤业	买一主买，成功率54.43	3.91	10.14	936.69	10827.04	9890.36	20717.40	80554.08	1.16	25.72	21.08	39	有价格涨跌幅限制的日收盘价格涨幅偏离值达到7的前三只证券	20201203	星期四
50	600397	安源煤业	实力游资买入，成功率43.63	3.91	10.14	4554.63	15711.66	11157.04	26868.70	110513.50	4.12	24.31	21.08	39	非ST、*ST和S证券连续三个交易日内收盘价格涨幅偏离值累计达到20的证券	20201203	星期四
51	600593	大连圣亚	卖一主卖，成功率34.83	30.66	-10.01	-97.50	59.17	156.67	215.85	156.67	-62.23	137.77	0.04	39	有价格涨跌幅限制的日收盘价格跌幅偏离值达到7的前三只证券	20201203	星期四
52	600707	彩虹股份	实力游资买入，成功率55.33	8.60	9.97	-176.78	6711.42	6888.20	13599.62	23890.33	-0.74	56.93	0.71	213	非ST、*ST和S证券连续三个交易日内收盘价格涨幅偏离值累计达到20的证券	20201203	星期四
53	600746	江苏索普	浙江资金买入，成功率35.38	8.18	9.95	1342.52	3820.34	2477.82	6298.16	18751.09	7.16	33.59	3.44	25	非ST、*ST和S证券连续三个交易日内收盘价格涨幅偏离值累计达到20的证券	20201203	星期四
54	600844	丹化科技	买一主买，成功率48.41	4.24	10.13	-379.23	1033.84	1413.06	2446.90	5796.09	-6.54	42.22	1.66	35	有价格涨跌幅限制的日收盘价格涨幅偏离值达到7的前三只证券	20201203	星期四
55	600871	石化油服	买一主买，成功率61.33	2.16	10.20	2388.72	6152.28	3763.56	9915.84	53207.45	4.49	18.64	2.08	260	有价格涨跌幅限制的日收盘价格涨幅偏离值达到7的前三只证券	20201203	星期四
56	601127	小康股份	普通席位卖出，成功率30.55	20.69	-10.00	-14314.78	9672.20	23986.98	33659.17	214590.13	-6.67	15.69	10.29	195	有价格涨跌幅限制的日价格振幅达到15的前三只证券	20201203	星期四
57	601127	小康股份	普通席位卖出，成功率30.55	20.69	-10.00	-14314.78	9672.20	23986.98	33659.17	214590.13	-6.67	15.69	10.29	195	有价格涨跌幅限制的日收盘价格跌幅偏离值达到7的前三只证券	20201203	星期四
58	601187	厦门银行	普通席位买入，成功率31.71	14.29	0.99	-5380.41	12516.32	17896.73	30413.05	237370.67	-2.27	12.81	61.78	38	有价格涨跌幅限制的日换手率达到20的前三只证券	20201203	星期四
59	603008	喜临门	2家机构卖出，成功率25.62	17.12	-8.64	-2212.13	9518.44	11730.57	21249.00	36351.78	-6.09	58.45	5.37	66	有价格涨跌幅限制的日价格振幅达到15的前三只证券	20201203	星期四
60	603439	贵州三力	实力游资买入，成功率45.56	24.23	9.99	765.12	3849.38	3084.26	6933.63	25342.26	3.02	27.36	16.63	10	非ST、*ST和S证券连续三个交易日内收盘价格涨幅偏离值累计达到20的证券	20201203	星期四
61	603655	朗博科技	卖一主卖，成功率50.63	45.68	-9.99	-169.47	156.23	325.70	481.92	325.70	-52.03	147.97	0.21	16	有价格涨跌幅限制的日收盘价格跌幅偏离值达到7的前三只证券	20201203	星期四
62	603976	正川股份	实力游资买入，成功率32.28	80.08	10.00	3582.14	16129.85	12547.71	28677.57	244472.64	1.47	11.73	6.69	121	非ST、*ST和S证券连续三个交易日内收盘价格涨幅偏离值累计达到20的证券	20201203	星期四
63	605007	五洲特纸	广东资金买入，成功率53.87	27.97	3.78	1421.87	5071.63	3649.76	8721.40	53366.06	2.66	16.34	47.16	11	有价格涨跌幅限制的日换手率达到20的前三只证券	20201203	星期四
64	605008	长鸿高科	卖一主卖，成功率42.73	28.35	-9.97	-5105.17	10079.11	15184.28	25263.39	97536.40	-5.23	25.90	22.30	13	非ST、*ST和S证券连续三个交易日内收盘价格跌幅偏离值累计达到20的证券	20201203	星期四
65	605068	明新旭腾	1家机构买入，成功率29.39	41.65	0.65	-541.55	5996.32	6537.87	12534.19	67513.50	-0.80	18.57	38.71	17	有价格涨跌幅限制的日换手率达到20的前三只证券	20201203	星期四
66	605258	N协和	买一主买，成功率45.06	38.25	44.01	523.84	576.69	52.85	629.54	576.69	90.83	109.17	0.69	8	无价格涨跌幅限制的证券	20201203	星期四
67	605258	N协和	买一主买，成功率45.06	38.25	44.01	523.84	576.69	52.85	629.54	576.69	90.83	109.17	0.69	8	当日无价格涨跌幅限制的A股，出现异常波动停牌的	20201203	星期四
68	605266	健之佳	买一主买，成功率36.96	127.01	10.00	2634.72	2727.21	92.49	2819.69	2727.21	96.61	103.39	1.22	17	非ST、*ST和S证券连续三个交易日内收盘价格涨幅偏离值累计达到20的证券	20201203	星期四
