1	000503	国新健康	实力游资卖出，成功率29.20	8.99	-8.45	-1395.71	1689.37	3085.08	4774.45	21501.22	-6.49	22.21	2.58	81	日跌幅偏离值达到7的前5只证券	20201216	星期三
2	000521	长虹美菱	实力游资卖出，成功率30.91	4.13	-10.02	-2992.84	4973.37	7966.21	12939.58	72818.17	-4.11	17.77	19.86	36	日跌幅偏离值达到7的前5只证券	20201216	星期三
3	000585	*ST东电	卖一主卖，成功率40.69	1.60	-4.76	-140.68	514.93	655.62	1170.55	2509.03	-5.61	46.65	0.94	10	连续三个交易日内，跌幅偏离值累计达到12的ST证券、*ST证券和未完成股改证券	20201216	星期三
4	000587	*ST金洲	实力游资卖出，成功率50.00	1.39	-4.79	-110.42	1718.69	1829.11	3547.79	3159.00	-3.50	112.31	0.88	17	连续三个交易日内，跌幅偏离值累计达到12的ST证券、*ST证券和未完成股改证券	20201216	星期三
5	000595	*ST宝实	北京资金卖出，成功率31.11	1.89	-5.03	-1379.52	994.25	2373.77	3368.02	5448.58	-25.32	61.81	0.76	22	连续三个交易日内，跌幅偏离值累计达到12的ST证券、*ST证券和未完成股改证券	20201216	星期三
6	000639	西王食品	实力游资买入，成功率36.89	6.33	10.09	-542.78	5194.72	5737.50	10932.22	33196.17	-1.64	32.93	5.01	68	日涨幅偏离值达到7的前5只证券	20201216	星期三
7	000662	*ST天夏	实力游资卖出，成功率41.10	0.97	-4.90	99.21	936.93	837.72	1774.65	7621.37	1.30	23.29	0.55	11	连续三个交易日内，跌幅偏离值累计达到12的ST证券、*ST证券和未完成股改证券	20201216	星期三
8	000673	*ST当代	卖一主卖，成功率36.38	1.24	-4.62	-907.10	639.79	1546.89	2186.68	3314.49	-27.37	65.97	0.66	10	连续三个交易日内，跌幅偏离值累计达到12的ST证券、*ST证券和未完成股改证券	20201216	星期三
9	000679	*ST友谊	卖一主卖，成功率23.03	2.82	-5.05	-111.72	390.44	502.16	892.61	2096.09	-5.33	42.58	0.97	10	连续三个交易日内，跌幅偏离值累计达到12的ST证券、*ST证券和未完成股改证券	20201216	星期三
10	000812	陕西金叶	买一主买，成功率44.36	3.70	10.12	4006.17	6428.88	2422.71	8851.59	30824.77	13.00	28.72	12.88	25	日涨幅偏离值达到7的前5只证券	20201216	星期三
11	000816	智慧农业	实力游资买入，成功率46.19	3.89	9.89	10051.36	23123.93	13072.56	36196.49	221048.82	4.55	16.37	22.86	52	连续三个交易日内，涨幅偏离值累计达到20的证券	20201216	星期三
12	000816	智慧农业	实力游资买入，成功率44.29	3.89	9.89	4449.06	13750.07	9301.01	23051.08	113251.39	3.93	20.35	22.86	52	日涨幅偏离值达到7的前5只证券	20201216	星期三
13	000816	智慧农业	实力游资买入，成功率44.29	3.89	9.89	4449.06	13750.07	9301.01	23051.08	113251.39	3.93	20.35	22.86	52	日换手率达到20的前5只证券	20201216	星期三
14	000835	*ST长动	主力做T，成功率40.00	1.65	-5.17	-7.90	755.39	763.28	1518.67	5073.99	-0.16	29.93	1.51	5	连续三个交易日内，跌幅偏离值累计达到12的ST证券、*ST证券和未完成股改证券	20201216	星期三
15	000848	承德露露	实力游资买入，成功率42.02	7.45	10.04	5108.89	8577.01	3468.12	12045.13	34084.83	14.99	35.34	4.37	80	日涨幅偏离值达到7的前5只证券	20201216	星期三
16	000899	赣能股份	1家机构卖出，成功率41.11	4.59	-7.46	-565.63	403.69	969.32	1373.01	4037.66	-14.01	34.01	0.88	45	日跌幅偏离值达到7的前5只证券	20201216	星期三
17	000939	凯迪退	实力游资买入，成功率43.78	0.15	0.00	40.17	350.29	310.11	660.40	1400.65	2.87	47.15	3.03	5	退市整理期	20201216	星期三
18	000995	皇台酒业	实力游资买入，成功率40.81	31.00	314.99	-645.45	13260.55	13905.99	27166.54	61119.15	-1.06	44.45	11.82	55	无价格涨跌幅限制的证券	20201216	星期三
19	001896	豫能控股	买一主买，成功率34.56	5.01	10.11	-2218.88	2434.73	4653.62	7088.35	22775.39	-9.74	31.12	4.00	58	日涨幅偏离值达到7的前5只证券	20201216	星期三
20	001896	豫能控股	实力游资买入，成功率43.84	5.01	10.11	180.78	11375.14	11194.36	22569.49	73135.39	0.25	30.86	4.00	58	连续三个交易日内，涨幅偏离值累计达到20的证券	20201216	星期三
21	002026	山东威达	买一主买，成功率38.45	11.77	10.00	2907.10	5153.09	2245.99	7399.08	14632.46	19.87	50.57	2.96	49	日涨幅偏离值达到7的前5只证券	20201216	星期三
22	002052	*ST同洲	主力做T，成功率18.67	1.05	-4.55	-0.12	924.97	925.08	1850.05	6570.89	0.00	28.16	1.27	8	连续三个交易日内，跌幅偏离值累计达到12的ST证券、*ST证券	20201216	星期三
23	002058	威尔泰	主力做T，成功率30.26	13.82	-9.97	542.22	3069.21	2526.99	5596.20	11023.72	4.92	50.77	2.08	20	连续三个交易日内，跌幅偏离值累计达到20的证券	20201216	星期三
24	002286	保龄宝	主力做T，成功率38.24	11.95	5.19	-2309.14	10336.69	12645.83	22982.52	129983.15	-1.78	17.68	20.82	44	连续三个交易日内，涨幅偏离值累计达到20的证券	20201216	星期三
25	002286	保龄宝	西藏自治区资金买入，成功率32.22	11.95	5.19	-4455.76	5592.54	10048.30	15640.84	90943.31	-4.90	17.20	20.82	44	日换手率达到20的前5只证券	20201216	星期三
26	002316	亚联发展	1家机构卖出，成功率35.55	4.26	-9.94	-273.52	531.87	805.38	1337.25	8043.34	-3.40	16.63	6.26	12	日跌幅偏离值达到7的前5只证券	20201216	星期三
27	002316	亚联发展	实力游资卖出，成功率38.11	4.26	-9.94	-2504.98	1665.60	4170.58	5836.18	36915.62	-6.79	15.81	6.26	12	连续三个交易日内，跌幅偏离值累计达到20的证券	20201216	星期三
28	002570	贝因美	买一主买，成功率31.37	6.23	10.07	1992.73	4842.68	2849.95	7692.62	31954.14	6.24	24.07	5.20	64	日涨幅偏离值达到7的前5只证券	20201216	星期三
29	002612	朗姿股份	1家机构卖出，成功率45.87	23.75	-3.92	3051.70	15204.70	12153.00	27357.70	148154.15	2.06	18.47	23.80	62	日换手率达到20的前5只证券	20201216	星期三
30	002638	*ST勤上	1家机构卖出，成功率31.15	1.57	-4.85	1214.44	2586.28	1371.85	3958.13	14165.39	8.57	27.94	1.74	15	连续三个交易日内，跌幅偏离值累计达到12的ST证券、*ST证券	20201216	星期三
31	002646	青青稞酒	西藏自治区资金买入，成功率30.44	21.34	10.00	-756.49	8327.92	9084.41	17412.32	126905.64	-0.60	13.72	13.78	96	日涨幅偏离值达到7的前5只证券	20201216	星期三
32	002647	仁东控股	实力游资卖出，成功率48.53	13.63	-9.97	-4342.25	10164.44	14506.68	24671.12	78453.93	-5.53	31.45	10.28	76	日跌幅偏离值达到7的前5只证券	20201216	星期三
33	002659	凯文教育	卖一主卖，成功率52.17	5.43	-6.86	-320.93	5113.37	5434.30	10547.66	47330.22	-0.68	22.29	4.43	27	连续三个交易日内，跌幅偏离值累计达到20的证券	20201216	星期三
34	002674	兴业科技	实力游资卖出，成功率38.09	13.94	-10.01	-896.07	1773.65	2669.72	4443.37	8689.35	-10.31	51.14	2.06	40	日跌幅偏离值达到7的前5只证券	20201216	星期三
35	002674	兴业科技	广东资金卖出，成功率60.81	13.94	-10.01	-1368.85	5005.48	6374.33	11379.82	34377.58	-3.98	33.10	2.06	40	连续三个交易日内，跌幅偏离值累计达到20的证券	20201216	星期三
36	002721	金一文化	实力游资买入，成功率39.39	3.65	9.94	1154.46	1494.51	340.05	1834.55	3280.08	35.20	55.93	1.25	27	日涨幅偏离值达到7的前5只证券	20201216	星期三
37	002730	电光科技	浙江资金卖出，成功率29.33	9.31	-9.96	-2247.55	4083.74	6331.29	10415.03	11548.45	-19.46	90.19	4.04	29	日跌幅偏离值达到7的前5只证券	20201216	星期三
38	002730	电光科技	浙江资金卖出，成功率24.67	9.31	-9.96	-2638.02	6836.21	9474.23	16310.45	23919.97	-11.03	68.19	4.04	29	连续三个交易日内，跌幅偏离值累计达到20的证券	20201216	星期三
39	002731	萃华珠宝	实力游资买入，成功率47.34	8.18	9.95	1843.20	3307.34	1464.14	4771.48	10310.43	17.88	46.28	5.69	18	日涨幅偏离值达到7的前5只证券	20201216	星期三
40	002731	萃华珠宝	实力游资买入，成功率48.63	8.18	9.95	3311.27	5171.20	1859.93	7031.13	15949.16	20.76	44.08	5.69	18	连续三个交易日内，涨幅偏离值累计达到20的证券	20201216	星期三
41	002862	实丰文化	实力游资卖出，成功率44.02	12.03	-9.07	-479.29	2889.63	3368.92	6258.55	22202.82	-2.16	28.19	15.96	14	日换手率达到20的前5只证券	20201216	星期三
42	002962	五方光电	实力游资卖出，成功率40.61	18.86	-10.02	-1345.30	1042.58	2387.88	3430.46	11676.89	-11.52	29.38	5.82	20	日跌幅偏离值达到7的前5只证券	20201216	星期三
43	003004	声迅股份	实力游资卖出，成功率38.27	37.49	-6.44	-503.41	1286.00	1789.41	3075.41	15896.18	-3.17	19.35	20.21	8	日换手率达到20的前5只证券	20201216	星期三
44	003023	彩虹集团	实力游资买入，成功率36.42	44.76	7.54	3426.02	9072.07	5646.05	14718.11	83524.87	4.10	17.62	61.54	9	连续三个交易日内，涨幅偏离值累计达到20的证券	20201216	星期三
45	003023	彩虹集团	实力游资买入，成功率29.57	44.76	7.54	-516.48	5165.37	5681.85	10847.22	55012.64	-0.94	19.72	61.54	9	日换手率达到20的前5只证券	20201216	星期三
46	003025	思进智能	买一主买，成功率45.78	40.90	10.01	807.52	833.10	25.58	858.69	833.10	96.93	103.07	0.88	8	连续三个交易日内，涨幅偏离值累计达到20的证券	20201216	星期三
47	300290	荣科科技	卖一主卖，成功率34.41	6.26	-19.95	-4103.70	2910.62	7014.32	9924.95	19212.09	-21.36	51.66	5.19	33	日跌幅达到15的前5只证券	20201216	星期三
48	300419	浩丰科技	西藏自治区资金卖出，成功率34.92	8.22	-17.80	1081.54	3868.96	2787.42	6656.38	59787.45	1.81	11.13	18.95	30	日跌幅达到15的前5只证券	20201216	星期三
49	300752	隆利科技	实力游资卖出，成功率23.11	46.63	-0.06	-809.87	3257.35	4067.22	7324.57	49659.47	-1.63	14.75	31.97	15	日换手率达到30的前5只证券	20201216	星期三
50	300766	每日互动	5家机构卖出，成功率50.00	17.30	-13.50	-15237.27	6913.76	22151.03	29064.79	63087.48	-24.15	46.07	9.60	54	连续三个交易日内，跌幅偏离值累计达到30的证券	20201216	星期三
51	300898	熊猫乳品	1家机构买入，成功率35.89	59.67	1.53	-2527.66	4630.92	7158.58	11789.50	65951.52	-3.83	17.88	41.60	16	日换手率达到30的前5只证券	20201216	星期三
52	600098	广州发展	实力游资买入，成功率64.25	7.22	10.06	-1926.06	1461.49	3387.55	4849.04	24635.98	-7.82	19.68	1.30	197	有价格涨跌幅限制的日收盘价格涨幅偏离值达到7的前三只证券	20201216	星期三
53	600135	乐凯胶片	实力游资买入，成功率56.58	7.32	10.08	2467.33	3015.46	548.13	3563.59	5022.36	49.13	70.95	1.84	27	有价格涨跌幅限制的日收盘价格涨幅偏离值达到7的前三只证券	20201216	星期三
54	600189	泉阳泉	实力游资买入，成功率33.42	11.75	10.02	-8464.21	6420.84	14885.06	21305.90	128674.52	-6.58	16.56	9.43	66	非ST、*ST和S证券连续三个交易日内收盘价格涨幅偏离值累计达到20的证券	20201216	星期三
55	600199	金种子酒	买一主买，成功率42.27	14.23	9.97	8724.35	27865.66	19141.31	47006.97	359627.17	2.43	13.07	11.32	86	非ST、*ST和S证券连续三个交易日内收盘价格涨幅偏离值累计达到20的证券	20201216	星期三
56	600293	三峡新材	实力游资买入，成功率44.91	2.97	10.00	-3658.25	4339.59	7997.84	12337.43	41519.74	-8.81	29.71	10.11	34	非ST、*ST和S证券连续三个交易日内收盘价格涨幅偏离值累计达到20的证券	20201216	星期三
57	600393	粤泰股份	广东资金卖出，成功率35.60	2.41	-10.07	-3270.72	2432.08	5702.80	8134.88	10850.60	-30.14	74.97	4.41	24	有价格涨跌幅限制的日收盘价格跌幅偏离值达到7的前三只证券	20201216	星期三
58	600559	老白干酒	买一主买，成功率37.13	30.06	9.99	-7334.00	87058.70	94392.70	181451.41	1212880.46	-0.60	14.96	17.21	264	非ST、*ST和S证券连续三个交易日内收盘价格涨幅偏离值累计达到20的证券	20201216	星期三
59	600616	金枫酒业	实力游资买入，成功率24.00	9.12	10.01	-3539.42	11844.88	15384.30	27229.18	238031.36	-1.49	11.44	16.26	61	非ST、*ST和S证券连续三个交易日内收盘价格涨幅偏离值累计达到20的证券	20201216	星期三
60	600734	*ST实达	实力游资卖出，成功率54.69	1.37	-4.86	-47.18	349.58	396.75	746.33	4388.87	-1.07	17.01	1.56	7	ST、*ST和S证券连续三个交易日内收盘价格跌幅偏离值累计达到15的证券	20201216	星期三
61	600816	*ST安信	卖一主卖，成功率21.85	1.20	-4.76	-247.67	815.48	1063.16	1878.64	11170.84	-2.22	16.82	0.45	63	ST、*ST和S证券连续三个交易日内收盘价格跌幅偏离值累计达到15的证券	20201216	星期三
62	600882	妙可蓝多	上海资金买入，成功率44.70	48.70	4.10	-4921.45	29638.62	34560.07	64198.69	250868.02	-1.96	25.59	4.64	199	非ST、*ST和S证券连续三个交易日内收盘价格涨幅偏离值累计达到20的证券	20201216	星期三
63	600978	*ST宜生	实力游资卖出，成功率28.39	0.90	-5.26	104.12	952.66	848.54	1801.20	9233.24	1.13	19.51	1.05	13	ST、*ST和S证券连续三个交易日内收盘价格跌幅偏离值累计达到15的证券	20201216	星期三
64	601015	陕西黑猫	实力游资卖出，成功率53.53	3.85	-3.02	2624.35	13559.83	10935.47	24495.30	122732.04	2.14	19.96	4.76	63	非ST、*ST和S证券连续三个交易日内收盘价格跌幅偏离值累计达到20的证券	20201216	星期三
65	601798	蓝科高新	河南资金卖出，成功率39.14	6.79	-9.95	-1298.39	1931.60	3229.99	5161.58	11353.70	-11.44	45.46	4.40	24	有价格涨跌幅限制的日价格振幅达到15的前三只证券	20201216	星期三
66	603025	大豪科技	买一主买，成功率73.76	16.94	10.00	3641.82	5427.16	1785.34	7212.50	5427.16	67.10	132.90	0.17	156	非ST、*ST和S证券连续三个交易日内收盘价格涨幅偏离值累计达到20的证券	20201216	星期三
67	603316	诚邦股份	卖一主卖，成功率28.88	7.79	-10.05	-1795.05	1906.24	3701.28	5607.52	7978.20	-22.50	70.29	4.91	16	有价格涨跌幅限制的日收盘价格跌幅偏离值达到7的前三只证券	20201216	星期三
68	603322	超讯通信	实力游资卖出，成功率54.51	17.88	-10.02	-1205.10	888.19	2093.30	2981.49	14752.17	-8.17	20.21	5.17	28	有价格涨跌幅限制的日收盘价格跌幅偏离值达到7的前三只证券	20201216	星期三
69	603655	朗博科技	实力游资卖出，成功率39.53	27.58	-9.99	-3706.94	2626.98	6333.92	8960.90	32397.45	-11.44	27.66	33.20	9	有价格涨跌幅限制的日价格振幅达到15的前三只证券	20201216	星期三
70	603996	*ST中新	实力游资卖出，成功率39.19	2.56	-4.83	-153.02	251.38	404.40	655.79	825.40	-18.54	79.45	0.05	8	ST、*ST和S证券连续三个交易日内收盘价格跌幅偏离值累计达到15的证券	20201216	星期三
71	605007	五洲特纸	实力游资买入，成功率45.92	31.58	4.95	8.07	3679.65	3671.58	7351.22	46352.95	0.02	15.86	37.28	13	有价格涨跌幅限制的日换手率达到20的前三只证券	20201216	星期三
72	605258	协和电子	实力游资卖出，成功率48.97	44.52	-4.40	-1849.30	3835.31	5684.61	9519.93	38810.63	-4.76	24.53	38.08	10	有价格涨跌幅限制的日换手率达到20的前三只证券	20201216	星期三
73	605299	舒华体育	实力游资买入，成功率46.67	11.52	10.03	235.37	248.27	12.90	261.18	248.27	94.80	105.20	0.43	6	有价格涨跌幅限制的日收盘价格涨幅偏离值达到7的前三只证券	20201216	星期三
74	605376	博迁新材	江苏资金买入，成功率36.61	29.81	10.00	4974.57	9171.94	4197.37	13369.31	30241.66	16.45	44.21	14.41	19	非ST、*ST和S证券连续三个交易日内收盘价格涨幅偏离值累计达到20的证券	20201216	星期三
75	605388	均瑶健康	实力游资买入，成功率22.74	25.68	7.09	-5993.93	2862.05	8855.98	11718.04	65862.76	-9.10	17.79	38.13	18	有价格涨跌幅限制的日换手率达到20的前三只证券	20201216	星期三
