1	000026	飞亚达	3家机构卖出，成功率52.37	12.40	-10.01	-7129.26	5392.03	12521.29	17913.32	34877.47	-20.44	51.36	7.62	44	日跌幅偏离值达到7的前5只证券	20201110	星期二
2	000029	深深房A	实力游资卖出，成功率42.09	10.70	-10.01	-6548.86	6438.05	12986.91	19424.95	83312.99	-7.86	23.32	8.41	95	日跌幅偏离值达到7的前5只证券	20201110	星期二
3	000034	神州数码	主力做T，成功率38.61	31.68	10.00	-10437.31	21752.46	32189.77	53942.23	234313.52	-4.45	23.02	15.59	157	日涨幅偏离值达到7的前5只证券	20201110	星期二
4	000550	江铃汽车	主力做T，成功率48.96	23.50	1.21	908.80	17355.21	16446.41	33801.62	102653.50	0.89	32.93	8.91	122	日振幅值达到15的前5只证券	20201110	星期二
5	000570	苏常柴A	1家机构买入，成功率45.03	5.34	10.10	3232.96	4169.70	936.74	5106.44	8033.65	40.24	63.56	3.76	22	日涨幅偏离值达到7的前5只证券	20201110	星期二
6	000681	视觉中国	主力做T，成功率25.75	16.94	10.00	7487.04	13058.21	5571.17	18629.38	50688.61	14.77	36.75	4.69	113	日涨幅偏离值达到7的前5只证券	20201110	星期二
7	000807	云铝股份	1家机构买入，成功率42.61	7.39	9.97	25606.26	48461.28	22855.02	71316.30	275672.78	9.29	25.87	14.68	193	日涨幅偏离值达到7的前5只证券	20201110	星期二
8	000807	云铝股份	主力做T，成功率41.63	7.39	9.97	18556.33	56485.94	37929.61	94415.55	435411.55	4.26	21.68	14.68	193	连续三个交易日内，涨幅偏离值累计达到20的证券	20201110	星期二
9	000816	智慧农业	实力游资买入，成功率32.11	3.88	4.86	-2515.66	18491.85	21007.50	39499.35	276591.68	-0.91	14.28	22.80	52	连续三个交易日内，涨幅偏离值累计达到20的证券	20201110	星期二
10	000816	智慧农业	实力游资买入，成功率39.52	3.88	4.86	-1312.43	9596.78	10909.21	20505.98	119861.20	-1.09	17.11	22.80	52	日换手率达到20的前5只证券	20201110	星期二
11	000923	河钢资源	普通席位买入，成功率41.11	17.36	10.01	4190.97	8705.76	4514.79	13220.54	24620.29	17.02	53.70	2.30	109	日涨幅偏离值达到7的前5只证券	20201110	星期二
12	000939	凯迪退	卖一主卖，成功率26.93	0.69	-10.39	-0.01	0.10	0.11	0.21	0.11	-12.50	187.50	0.00	21	退市整理期	20201110	星期二
13	002173	创新医疗	主力做T，成功率33.61	7.25	10.02	479.35	1831.31	1351.95	3183.26	5567.22	8.61	57.18	2.13	27	日涨幅偏离值达到7的前5只证券	20201110	星期二
14	002353	杰瑞股份	2家机构买入，成功率45.92	28.95	8.43	44082.98	62778.54	18695.55	81474.09	137687.35	32.02	59.17	7.90	175	日涨幅偏离值达到7的前5只证券	20201110	星期二
15	002362	汉王科技	2家机构卖出，成功率31.18	26.21	-9.12	-1850.07	5918.27	7768.34	13686.61	54266.15	-3.41	25.22	11.41	47	日跌幅偏离值达到7的前5只证券	20201110	星期二
16	002444	巨星科技	2家机构卖出，成功率48.68	26.26	-10.01	6552.68	24121.83	17569.15	41690.99	98072.11	6.68	42.51	3.67	266	日跌幅偏离值达到7的前5只证券	20201110	星期二
17	002459	晶澳科技	1家机构买入，成功率41.73	33.48	1.98	-14791.68	19481.36	34273.04	53754.39	216616.48	-6.83	24.82	17.77	130	日振幅值达到15的前5只证券	20201110	星期二
18	002612	朗姿股份	1家机构卖出，成功率50.14	12.75	-3.12	-2840.05	4975.97	7816.03	12792.00	36995.02	-7.68	34.58	10.89	33	日振幅值达到15的前5只证券	20201110	星期二
19	002705	新宝股份	3家机构卖出，成功率51.34	45.12	-9.99	-2502.12	13581.09	16083.21	29664.30	52221.27	-4.79	56.81	1.44	359	日跌幅偏离值达到7的前5只证券	20201110	星期二
20	002707	众信旅游	实力游资买入，成功率26.15	6.57	10.05	3115.24	3898.38	783.14	4681.52	5665.96	54.98	82.63	1.53	37	日涨幅偏离值达到7的前5只证券	20201110	星期二
21	002750	龙津药业	买一主买，成功率30.32	10.81	9.97	2187.29	8027.20	5839.91	13867.11	63290.21	3.46	21.91	15.27	43	日涨幅偏离值达到7的前5只证券	20201110	星期二
22	002919	名臣健康	主力做T，成功率32.89	47.55	-9.99	-401.80	895.84	1297.64	2193.49	2990.73	-13.43	73.34	1.41	21	日跌幅偏离值达到7的前5只证券	20201110	星期二
23	002919	名臣健康	卖一主卖，成功率35.35	47.55	-9.99	-3088.50	2237.23	5325.73	7562.97	15170.31	-20.36	49.85	1.41	21	连续三个交易日内，跌幅偏离值累计达到20的证券	20201110	星期二
24	003002	壶化股份	实力游资卖出，成功率56.84	16.02	-4.36	94.57	1865.32	1770.75	3636.07	23552.85	0.40	15.44	28.14	8	日换手率达到20的前5只证券	20201110	星期二
25	003006	百亚股份	2家机构买入，成功率43.72	21.71	3.53	433.17	3330.54	2897.37	6227.91	25163.82	1.72	24.75	27.70	9	日换手率达到20的前5只证券	20201110	星期二
26	003009	中天火箭	1家机构卖出，成功率28.23	69.00	-3.33	-7142.55	7078.14	14220.69	21298.83	132389.91	-5.40	16.09	46.66	27	日换手率达到20的前5只证券	20201110	星期二
27	003011	海象新材	1家机构买入，成功率52.28	62.50	7.35	3732.06	11082.76	7350.70	18433.46	41941.41	8.90	43.95	36.77	11	日换手率达到20的前5只证券	20201110	星期二
28	003015	日久光电	实力游资卖出，成功率53.39	17.65	-9.90	-2078.04	4201.99	6280.03	10482.02	54186.14	-3.84	19.34	41.78	12	日跌幅偏离值达到7的前5只证券	20201110	星期二
29	003015	日久光电	实力游资卖出，成功率53.39	17.65	-9.90	-2078.04	4201.99	6280.03	10482.02	54186.14	-3.84	19.34	41.78	12	日换手率达到20的前5只证券	20201110	星期二
30	003018	金富科技	买一主买，成功率41.67	15.57	10.04	188.14	197.30	9.16	206.46	197.30	95.36	104.64	0.20	10	日涨幅偏离值达到7的前5只证券	20201110	星期二
31	200029	深深房B	广东资金卖出，成功率53.86	4.30	-10.04	-57.87	146.36	204.23	350.59	496.43	-11.66	70.62	1.10	4	日跌幅偏离值达到7的前5只证券	20201110	星期二
32	200029	深深房B	广东资金卖出，成功率37.44	4.30	-10.04	-121.44	399.31	520.74	920.05	1570.19	-7.73	58.59	1.10	4	连续三个交易日内，跌幅偏离值累计达到20的证券	20201110	星期二
33	300062	中能电气	实力游资买入，成功率35.29	20.07	11.50	5274.40	10876.45	5602.05	16478.50	158082.52	3.34	10.42	42.89	39	日换手率达到30的前5只证券	20201110	星期二
34	300153	科泰电源	主力做T，成功率47.11	9.40	-16.37	1411.72	5785.83	4374.11	10159.94	73112.00	1.93	13.90	23.24	30	日跌幅达到15的前5只证券	20201110	星期二
35	300164	通源石油	买一主买，成功率42.51	5.23	19.95	2878.08	7098.15	4220.07	11318.21	22511.52	12.78	50.28	12.27	19	日涨幅达到15的前5只证券	20201110	星期二
36	300334	津膜科技	实力游资买入，成功率38.97	9.60	16.22	1054.54	3131.21	2076.67	5207.87	26339.32	4.00	19.77	10.00	28	日涨幅达到15的前5只证券	20201110	星期二
37	300538	同益股份	实力游资卖出，成功率34.71	27.57	-10.60	-4375.94	4702.77	9078.71	13781.48	104748.69	-4.18	13.16	43.09	21	日换手率达到30的前5只证券	20201110	星期二
38	300681	英搏尔	实力游资买入，成功率45.11	44.57	20.01	-2705.34	5339.71	8045.06	13384.77	35452.02	-7.63	37.75	20.60	18	日涨幅达到15的前5只证券	20201110	星期二
39	300850	新强联	4家机构买入，成功率47.85	112.08	20.00	3771.00	10573.53	6802.54	17376.07	82595.98	4.57	21.04	30.54	30	日涨幅达到15的前5只证券	20201110	星期二
40	300890	翔丰华	3家机构买入，成功率51.13	69.00	3.46	2123.39	10034.45	7911.06	17945.51	82029.33	2.59	21.88	49.51	16	日换手率达到30的前5只证券	20201110	星期二
41	300899	上海凯鑫	实力游资买入，成功率51.39	79.30	9.88	446.02	4061.80	3615.77	7677.57	51993.80	0.86	14.77	43.13	13	日换手率达到30的前5只证券	20201110	星期二
42	300900	广联航空	西藏自治区资金买入，成功率46.03	65.37	0.90	1463.58	7772.31	6308.73	14081.03	125548.90	1.17	11.22	41.46	29	日换手率达到30的前5只证券	20201110	星期二
43	600025	华能水电	买一主买，成功率40.00	4.20	1.45	14092.17	14092.17	-	14092.17	24337.29	57.90	57.90	0.65	375	单只标的证券的当日融资买入数量达到当日该证券总交易量的50％以上	20201110	星期二
44	600136	当代文体	实力游资买入，成功率43.15	7.24	10.03	1528.50	3221.28	1692.78	4914.07	13467.04	11.35	36.49	3.85	35	有价格涨跌幅限制的日收盘价格涨幅偏离值达到7的前三只证券	20201110	星期二
45	600686	金龙汽车	实力游资卖出，成功率35.76	9.12	-6.56	-4444.87	7824.62	12269.49	20094.10	86984.70	-5.11	23.10	14.87	55	有价格涨跌幅限制的日价格振幅达到15的前三只证券	20201110	星期二
46	600835	上海机电	2家机构买入，成功率51.34	23.29	10.01	9270.94	16660.57	7389.63	24050.20	45730.47	20.27	52.59	2.52	188	有价格涨跌幅限制的日收盘价格涨幅偏离值达到7的前三只证券	20201110	星期二
47	600960	渤海汽车	实力游资卖出，成功率28.25	3.96	-10.00	-5843.33	1795.50	7638.83	9434.33	29695.49	-19.68	31.77	7.69	38	有价格涨跌幅限制的日收盘价格跌幅偏离值达到7的前三只证券	20201110	星期二
48	601187	厦门银行	浙江资金卖出，成功率40.38	8.92	-2.09	-4681.03	8237.75	12918.77	21156.52	148631.67	-3.15	14.23	58.68	24	有价格涨跌幅限制的日换手率达到20的前三只证券	20201110	星期二
49	601702	华峰铝业	上海资金买入，成功率33.64	7.59	10.00	7606.71	10638.79	3032.07	13670.86	56413.93	13.48	24.23	7.96	19	非ST、*ST和S证券连续三个交易日内收盘价格涨幅偏离值累计达到20的证券	20201110	星期二
50	601866	中远海发	实力游资买入，成功率48.17	3.11	9.89	1732.84	20470.57	18737.73	39208.30	242645.45	0.71	16.16	4.04	247	非ST、*ST和S证券连续三个交易日内收盘价格涨幅偏离值累计达到20的证券	20201110	星期二
51	601995	中金公司	实力游资买入，成功率33.64	60.11	5.25	-17705.57	61978.95	79684.51	141663.46	1303768.19	-1.36	10.87	36.15	156	非ST、*ST和S证券连续三个交易日内收盘价格涨幅偏离值累计达到20的证券	20201110	星期二
52	603007	花王股份	买一主买，成功率51.18	7.02	10.03	475.52	3054.62	2579.10	5633.72	4592.37	10.35	122.68	1.97	23	有价格涨跌幅限制的日收盘价格涨幅偏离值达到7的前三只证券	20201110	星期二
53	603565	中谷物流	上海资金卖出，成功率66.25	25.73	-10.00	-6376.82	8706.93	15083.75	23790.68	72339.91	-8.82	32.89	40.73	17	有价格涨跌幅限制的日收盘价格跌幅偏离值达到7的前三只证券	20201110	星期二
54	603565	中谷物流	上海资金卖出，成功率66.25	25.73	-10.00	-6376.82	8706.93	15083.75	23790.68	72339.91	-8.82	32.89	40.73	17	有价格涨跌幅限制的日换手率达到20的前三只证券	20201110	星期二
55	603615	茶花股份	实力游资卖出，成功率26.64	12.34	-9.99	146.34	2588.48	2442.13	5030.61	15837.34	0.92	31.76	5.19	30	有价格涨跌幅限制的日收盘价格跌幅偏离值达到7的前三只证券	20201110	星期二
56	603919	金徽酒	广东资金买入，成功率43.19	44.95	10.01	4135.24	20809.37	16674.13	37483.50	213412.46	1.94	17.56	10.25	221	有价格涨跌幅限制的日价格振幅达到15的前三只证券	20201110	星期二
57	605007	N五洲	买一主买，成功率45.56	14.53	44.00	514.95	540.13	25.19	565.32	540.13	95.34	104.66	0.93	6	无价格涨跌幅限制的证券	20201110	星期二
58	605007	N五洲	买一主买，成功率45.56	14.53	44.00	514.95	540.13	25.19	565.32	540.13	95.34	104.66	0.93	6	当日无价格涨跌幅限制的A股，出现异常波动停牌的	20201110	星期二
59	605111	新洁能	3家机构买入，成功率49.56	173.60	5.26	-4146.06	22294.01	26440.07	48734.08	186843.26	-2.22	26.08	41.68	44	有价格涨跌幅限制的日换手率达到20的前三只证券	20201110	星期二
60	605358	立昂微	实力游资买入，成功率30.64	70.80	2.16	-5289.53	5065.64	10355.16	15420.80	81236.35	-6.51	18.98	28.11	29	有价格涨跌幅限制的日价格振幅达到15的前三只证券	20201110	星期二
