1	000029	深深房A	实力游资卖出，成功率42.62	9.63	-10.00	-1809.29	3259.72	5069.01	8328.73	51705.99	-3.50	16.11	5.94	86	日跌幅偏离值达到7的前5只证券	20201111	星期三
2	000034	神州数码	买一主买，成功率43.95	33.64	6.19	4328.73	26356.57	22027.84	48384.40	348198.80	1.24	13.90	21.01	167	日振幅值达到15的前5只证券	20201111	星期三
3	000034	神州数码	买一主买，成功率43.95	33.64	6.19	4328.73	26356.57	22027.84	48384.40	348198.80	1.24	13.90	21.01	167	日换手率达到20的前5只证券	20201111	星期三
4	000411	英特集团	1家机构买入，成功率33.28	21.22	7.01	3738.46	7077.12	3338.66	10415.78	65055.83	5.75	16.01	15.37	44	日振幅值达到15的前5只证券	20201111	星期三
5	000545	金浦钛业	实力游资买入，成功率34.60	2.74	10.04	2620.77	4524.57	1903.80	6428.37	14844.70	17.65	43.30	5.72	26	日涨幅偏离值达到7的前5只证券	20201111	星期三
6	000550	江铃汽车	卖一主卖，成功率29.22	21.20	-9.79	-9516.58	12606.26	22122.85	34729.11	76439.74	-12.45	45.43	6.79	110	日跌幅偏离值达到7的前5只证券	20201111	星期三
7	000570	苏常柴A	主力做T，成功率46.59	5.87	9.93	119.93	4301.51	4181.58	8483.10	14673.06	0.82	57.81	6.18	24	日涨幅偏离值达到7的前5只证券	20201111	星期三
8	000570	苏常柴A	买一主买，成功率49.87	5.87	9.93	2853.92	7047.38	4193.46	11240.85	22706.71	12.57	49.50	6.18	24	连续三个交易日内，涨幅偏离值累计达到20的证券	20201111	星期三
9	000695	滨海能源	实力游资买入，成功率15.93	8.10	10.05	-870.09	4206.89	5076.98	9283.87	9201.17	-9.46	100.90	1.61	18	连续三个交易日内，涨幅偏离值累计达到20的证券	20201111	星期三
10	000717	韶钢松山	买一主买，成功率39.18	4.88	9.91	11016.17	14761.31	3745.14	18506.45	44285.63	24.88	41.79	3.85	118	日涨幅偏离值达到7的前5只证券	20201111	星期三
11	000816	智慧农业	实力游资买入，成功率45.01	4.27	10.05	4796.62	9582.82	4786.20	14369.02	78948.26	6.08	18.20	14.23	57	日涨幅偏离值达到7的前5只证券	20201111	星期三
12	000877	天山股份	1家机构买入，成功率57.80	16.87	9.97	7798.79	18616.54	10817.75	29434.29	111935.51	6.97	26.30	7.72	148	日涨幅偏离值达到7的前5只证券	20201111	星期三
13	000923	河钢资源	主力做T，成功率57.12	17.71	2.02	9106.74	22073.58	12966.84	35040.42	108468.33	8.40	32.30	4.46	111	连续三个交易日内，涨幅偏离值累计达到20的证券	20201111	星期三
14	000939	凯迪退	卖一主卖，成功率31.85	0.62	-10.14	-0.02	0.12	0.14	0.26	0.14	-17.39	182.61	0.00	19	退市整理期	20201111	星期三
15	002056	横店东磁	主力做T，成功率42.03	13.90	-8.91	-11497.69	13100.77	24598.46	37699.23	115968.99	-9.91	32.51	4.99	226	日跌幅偏离值达到7的前5只证券	20201111	星期三
16	002088	鲁阳节能	2家机构买入，成功率41.64	13.33	9.98	3071.36	7770.48	4699.11	12469.59	33874.72	9.07	36.81	8.23	42	日涨幅偏离值达到7的前5只证券	20201111	星期三
17	002141	贤丰控股	江苏资金买入，成功率39.61	2.99	9.93	2273.36	4510.08	2236.71	6746.79	15667.40	14.51	43.06	8.39	19	日涨幅偏离值达到7的前5只证券	20201111	星期三
18	002263	大东南	实力游资买入，成功率38.11	2.85	10.04	2350.33	7245.15	4894.82	12139.97	64864.73	3.62	18.72	12.28	54	日涨幅偏离值达到7的前5只证券	20201111	星期三
19	002426	*ST胜利	1家机构买入，成功率29.60	2.23	4.69	1871.31	7929.95	6058.64	13988.59	76834.89	2.44	18.21	4.29	65	连续三个交易日内，涨幅偏离值累计达到12的ST证券、*ST证券	20201111	星期三
20	002594	比亚迪	主力做T，成功率39.14	164.35	-9.98	-31948.45	161033.56	192982.01	354015.56	1384094.98	-2.31	25.58	7.03	1883	日跌幅偏离值达到7的前5只证券	20201111	星期三
21	002646	青青稞酒	浙江资金买入，成功率39.33	12.50	10.04	2060.69	5797.03	3736.34	9533.37	24515.49	8.41	38.89	4.43	56	日涨幅偏离值达到7的前5只证券	20201111	星期三
22	002750	龙津药业	卖一主卖，成功率25.17	9.73	-9.99	-4500.69	3716.61	8217.30	11933.92	36734.41	-12.25	32.49	9.27	39	日跌幅偏离值达到7的前5只证券	20201111	星期三
23	002833	弘亚数控	3家机构卖出，成功率42.87	45.17	-10.00	-4114.98	2530.54	6645.52	9176.05	19156.36	-21.48	47.90	3.30	56	日跌幅偏离值达到7的前5只证券	20201111	星期三
24	002919	名臣健康	福建资金卖出，成功率35.49	42.80	-9.99	-551.69	362.52	914.21	1276.72	936.04	-58.94	136.40	0.49	19	日跌幅偏离值达到7的前5只证券	20201111	星期三
25	002996	顺博合金	1家机构买入，成功率40.21	14.70	6.75	1672.01	5189.68	3517.67	8707.35	32288.54	5.18	26.97	42.43	8	日换手率达到20的前5只证券	20201111	星期三
26	002999	天禾股份	买一主买，成功率47.90	12.70	3.50	2168.47	4607.36	2438.89	7046.25	24217.01	8.95	29.10	31.00	8	日换手率达到20的前5只证券	20201111	星期三
27	003002	壶化股份	1家机构买入，成功率35.41	17.05	6.43	1634.29	4485.21	2850.91	7336.12	34610.52	4.72	21.20	40.30	9	日换手率达到20的前5只证券	20201111	星期三
28	003009	中天火箭	1家机构买入，成功率40.80	70.70	2.46	2958.92	7714.64	4755.72	12470.36	79763.63	3.71	15.63	29.63	27	日换手率达到20的前5只证券	20201111	星期三
29	003013	地铁设计	实力游资买入，成功率46.89	22.26	5.40	505.84	2388.60	1882.76	4271.36	23561.44	2.15	18.13	27.00	9	日换手率达到20的前5只证券	20201111	星期三
30	003018	金富科技	买一主买，成功率49.11	17.13	10.02	304.89	326.60	21.71	348.30	326.60	93.35	106.65	0.29	11	日涨幅偏离值达到7的前5只证券	20201111	星期三
31	003018	金富科技	买一主买，成功率42.67	17.13	10.02	498.82	523.90	25.08	548.97	523.90	95.21	104.79	0.29	11	连续三个交易日内，涨幅偏离值累计达到20的证券	20201111	星期三
32	200029	深深房B	广东资金卖出，成功率38.10	3.87	-10.00	-70.25	31.50	101.74	133.24	118.49	-59.29	112.45	0.30	4	日跌幅偏离值达到7的前5只证券	20201111	星期三
33	300062	中能电气	实力游资卖出，成功率34.02	16.26	-18.98	-1330.30	4539.08	5869.38	10408.46	111326.71	-1.19	9.35	32.10	32	日跌幅达到15的前5只证券	20201111	星期三
34	300555	路通视信	买一主买，成功率47.29	13.40	19.96	3222.64	7524.18	4301.53	11825.71	62243.16	5.18	19.00	27.13	23	日涨幅达到15的前5只证券	20201111	星期三
35	300565	科信技术	1家机构卖出，成功率42.71	17.93	-16.41	2424.34	7257.71	4833.37	12091.08	73695.94	3.29	16.41	25.71	27	日跌幅达到15的前5只证券	20201111	星期三
36	300727	润禾材料	1家机构买入，成功率40.12	24.60	2.76	-36.25	3313.81	3350.06	6663.88	35219.77	-0.10	18.92	36.41	10	日换手率达到30的前5只证券	20201111	星期三
37	300781	因赛集团	主力做T，成功率43.79	43.56	-12.35	1766.47	5750.66	3984.19	9734.85	42659.80	4.14	22.82	34.13	12	日换手率达到30的前5只证券	20201111	星期三
38	300821	东岳硅材	1家机构买入，成功率41.38	14.10	5.54	6721.13	12180.93	5459.80	17640.73	150271.49	4.47	11.74	34.27	42	日换手率达到30的前5只证券	20201111	星期三
39	300890	翔丰华	1家机构买入，成功率46.83	71.50	3.62	-478.13	9721.60	10199.73	19921.32	96167.82	-0.50	20.72	54.24	17	日换手率达到30的前5只证券	20201111	星期三
40	300891	惠云钛业	主力做T，成功率41.51	21.13	10.22	2487.52	5216.26	2728.74	7945.00	91999.52	2.70	8.64	46.53	20	日换手率达到30的前5只证券	20201111	星期三
41	600321	正源股份	实力游资买入，成功率39.58	2.38	10.19	2616.20	3786.97	1170.77	4957.75	12821.72	20.40	38.67	3.63	36	有价格涨跌幅限制的日收盘价格涨幅偏离值达到7的前三只证券	20201111	星期三
42	600428	中远海特	实力游资卖出，成功率42.83	3.87	-10.00	191.22	3735.35	3544.12	7279.47	39097.91	0.49	18.62	4.65	83	有价格涨跌幅限制的日收盘价格跌幅偏离值达到7的前三只证券	20201111	星期三
43	600543	莫高股份	实力游资买入，成功率41.81	7.66	10.06	1717.81	3405.09	1687.28	5092.37	12344.00	13.92	41.25	5.12	25	有价格涨跌幅限制的日收盘价格涨幅偏离值达到7的前三只证券	20201111	星期三
44	601187	厦门银行	实力游资买入，成功率40.27	9.81	9.98	10635.70	16444.05	5808.35	22252.40	117137.98	9.08	19.00	49.58	26	有价格涨跌幅限制的日价格振幅达到15的前三只证券	20201111	星期三
45	601187	厦门银行	实力游资买入，成功率40.27	9.81	9.98	10635.70	16444.05	5808.35	22252.40	117137.98	9.08	19.00	49.58	26	有价格涨跌幅限制的日换手率达到20的前三只证券	20201111	星期三
46	603158	腾龙股份	实力游资卖出，成功率26.99	19.80	-10.00	-11.04	1288.96	1300.00	2588.96	8681.91	-0.13	29.82	1.93	43	有价格涨跌幅限制的日收盘价格跌幅偏离值达到7的前三只证券	20201111	星期三
47	603333	尚纬股份	实力游资买入，成功率52.47	9.68	10.00	2230.86	6247.57	4016.71	10264.28	9879.28	22.58	103.90	1.80	50	非ST、*ST和S证券连续三个交易日内收盘价格涨幅偏离值累计达到20的证券	20201111	星期三
48	603501	韦尔股份	3家机构卖出，成功率43.65	202.42	-10.00	-23321.12	71435.88	94757.00	166192.88	375288.58	-6.21	44.28	2.36	1544	有价格涨跌幅限制的日收盘价格跌幅偏离值达到7的前三只证券	20201111	星期三
49	603533	掌阅科技	实力游资买入，成功率48.00	44.45	10.00	9971.81	11898.11	1926.31	13824.42	18164.51	54.90	76.11	0.58	178	非ST、*ST和S证券连续三个交易日内收盘价格涨幅偏离值累计达到20的证券	20201111	星期三
50	603919	金徽酒	实力游资买入，成功率38.52	49.45	10.01	-1026.72	25528.79	26555.52	52084.31	429226.36	-0.24	12.13	9.13	243	非ST、*ST和S证券连续三个交易日内收盘价格涨幅偏离值累计达到20的证券	20201111	星期三
51	605006	山东玻纤	实力游资买入，成功率41.99	10.07	10.05	5118.42	8170.74	3052.31	11223.05	51907.03	9.86	21.62	53.11	10	有价格涨跌幅限制的日收盘价格涨幅偏离值达到7的前三只证券	20201111	星期三
52	605006	山东玻纤	实力游资买入，成功率41.99	10.07	10.05	5118.42	8170.74	3052.31	11223.05	51907.03	9.86	21.62	53.11	10	有价格涨跌幅限制的日换手率达到20的前三只证券	20201111	星期三
53	605169	洪通燃气	买一主买，成功率49.36	30.58	10.00	3767.61	5805.37	2037.76	7843.14	55058.63	6.84	14.25	46.58	12	有价格涨跌幅限制的日换手率达到20的前三只证券	20201111	星期三
54	689009	九号公司	实力游资卖出，成功率40.37	56.00	-17.56	-1538.50	14252.16	15790.66	30042.81	138445.35	-1.11	21.70	-	-	有价格涨跌幅限制的日收盘价格跌幅达到15的前五只证券	20201111	星期三
55	689009	九号公司	实力游资卖出，成功率40.37	56.00	-17.56	-1538.50	14252.16	15790.66	30042.81	138445.35	-1.11	21.70	-	-	有价格涨跌幅限制的日换手率达到30的前五只证券	20201111	星期三
