1	000612	焦作万方	2家机构买入，成功率42.65	6.95	9.97	5095.41	6433.28	1337.87	7771.15	27239.84	18.71	28.53	3.38	83	日涨幅偏离值达到7的前5只证券	20201103	星期二
2	000816	智慧农业	实力游资买入，成功率42.10	2.52	10.04	1938.73	6285.24	4346.50	10631.74	41147.19	4.71	25.84	12.34	34	日涨幅偏离值达到7的前5只证券	20201103	星期二
3	000878	云南铜业	1家机构买入，成功率40.10	13.77	9.98	19955.05	25914.15	5959.10	31873.25	84675.36	23.57	37.64	3.82	226	日涨幅偏离值达到7的前5只证券	20201103	星期二
4	000908	景峰医药	浙江资金买入，成功率18.33	5.14	10.06	2243.78	5172.67	2928.89	8101.56	18981.78	11.82	42.68	5.27	37	日涨幅偏离值达到7的前5只证券	20201103	星期二
5	000996	中国中期	买一主买，成功率43.82	9.09	10.05	4092.74	4991.83	899.10	5890.93	13572.26	30.16	43.40	4.43	31	日涨幅偏离值达到7的前5只证券	20201103	星期二
6	002256	*ST兆新	广东资金卖出，成功率30.12	0.98	-4.85	-386.90	435.18	822.09	1257.27	3966.74	-9.75	31.70	0.37	14	连续三个交易日内，跌幅偏离值累计达到12的ST证券、*ST证券	20201103	星期二
7	002340	格林美	1家机构买入，成功率39.56	4.91	10.09	21096.20	28997.31	7901.10	36898.41	95025.03	22.20	38.83	4.81	203	日涨幅偏离值达到7的前5只证券	20201103	星期二
8	002478	常宝股份	实力游资买入，成功率36.67	5.58	10.06	-1095.77	1229.74	2325.52	3555.26	10928.78	-10.03	32.53	3.40	33	日涨幅偏离值达到7的前5只证券	20201103	星期二
9	002488	金固股份	1家机构买入，成功率34.89	9.30	10.06	3027.31	7694.62	4667.31	12361.93	43197.34	7.01	28.62	5.84	76	日涨幅偏离值达到7的前5只证券	20201103	星期二
10	002524	光正眼科	广东资金买入，成功率43.29	15.15	10.02	1839.98	10274.64	8434.66	18709.30	70825.48	2.60	26.42	9.97	73	日涨幅偏离值达到7的前5只证券	20201103	星期二
11	002759	天际股份	1家机构卖出，成功率45.24	15.78	-9.41	-3345.47	3610.62	6956.09	10566.71	41106.61	-8.14	25.71	6.26	63	日跌幅偏离值达到7的前5只证券	20201103	星期二
12	002976	瑞玛工业	实力游资买入，成功率46.55	35.63	7.55	-4.26	1905.33	1909.59	3814.92	27634.19	-0.02	13.81	31.18	9	日换手率达到20的前5只证券	20201103	星期二
13	003006	百亚股份	1家机构卖出，成功率39.31	20.19	-1.27	-11.53	2940.40	2951.93	5892.34	23840.52	-0.05	24.72	27.61	9	日换手率达到20的前5只证券	20201103	星期二
14	003009	中天火箭	1家机构买入，成功率28.72	64.08	2.38	-894.36	6026.37	6920.73	12947.10	87154.90	-1.03	14.86	36.39	25	日换手率达到20的前5只证券	20201103	星期二
15	003015	日久光电	实力游资卖出，成功率41.70	15.19	-2.13	-91.22	3415.42	3506.64	6922.06	34770.14	-0.26	19.91	33.23	11	日换手率达到20的前5只证券	20201103	星期二
16	003017	大洋生物	1家机构买入，成功率40.13	53.11	10.00	1357.43	3597.10	2239.67	5836.77	21507.13	6.31	27.14	28.19	8	日涨幅偏离值达到7的前5只证券	20201103	星期二
17	003017	大洋生物	1家机构买入，成功率40.13	53.11	10.00	1357.43	3597.10	2239.67	5836.77	21507.13	6.31	27.14	28.19	8	日换手率达到20的前5只证券	20201103	星期二
18	300176	派生科技	2家机构买入，成功率36.04	11.45	20.02	2545.83	5489.78	2943.95	8433.73	59368.76	4.29	14.21	14.40	43	日涨幅达到15的前5只证券	20201103	星期二
19	300402	宝色股份	1家机构买入，成功率49.91	24.53	20.01	5198.10	7152.19	1954.09	9106.28	53208.69	9.77	17.11	11.51	50	日涨幅达到15的前5只证券	20201103	星期二
20	300403	汉宇集团	实力游资买入，成功率42.46	9.96	20.00	4509.67	9280.03	4770.36	14050.38	66724.45	6.76	21.06	7.26	38	连续三个交易日内，涨幅偏离值累计达到30的证券	20201103	星期二
21	300431	暴风退	广东资金买入，成功率33.03	0.28	0.00	4.17	93.09	88.91	182.00	286.04	1.46	63.63	4.12	1	退市整理期	20201103	星期二
22	300514	友讯达	实力游资买入，成功率41.38	21.74	19.98	-5132.24	5594.53	10726.77	16321.30	64981.70	-7.90	25.12	20.17	33	日涨幅达到15的前5只证券	20201103	星期二
23	300514	友讯达	主力做T，成功率38.05	21.74	19.98	-4313.83	8084.42	12398.24	20482.66	93375.26	-4.62	21.94	20.17	33	连续三个交易日内，涨幅偏离值累计达到30的证券	20201103	星期二
24	300708	聚灿光电	1家机构买入，成功率41.24	33.66	20.00	6600.25	11946.47	5346.23	17292.70	132205.22	4.99	13.08	25.40	54	日涨幅达到15的前5只证券	20201103	星期二
25	300720	海川智能	实力游资卖出，成功率39.80	32.35	-6.23	715.40	5246.35	4530.95	9777.29	63096.65	1.13	15.50	46.30	14	日换手率达到30的前5只证券	20201103	星期二
26	300781	因赛集团	实力游资卖出，成功率31.64	50.01	-17.48	650.52	6275.20	5624.69	11899.89	79070.09	0.82	15.05	53.92	14	日跌幅达到15的前5只证券	20201103	星期二
27	300781	因赛集团	实力游资卖出，成功率31.64	50.01	-17.48	650.52	6275.20	5624.69	11899.89	79070.09	0.82	15.05	53.92	14	日换手率达到30的前5只证券	20201103	星期二
28	300831	派瑞股份	实力游资买入，成功率53.97	30.32	19.98	8425.71	13721.19	5295.47	19016.66	134571.80	6.26	14.13	58.77	24	日涨幅达到15的前5只证券	20201103	星期二
29	300831	派瑞股份	实力游资买入，成功率53.97	30.32	19.98	8425.71	13721.19	5295.47	19016.66	134571.80	6.26	14.13	58.77	24	日换手率达到30的前5只证券	20201103	星期二
30	300836	佰奥智能	1家机构买入，成功率49.85	73.55	4.44	-4440.92	4011.47	8452.39	12463.85	54212.71	-8.19	22.99	59.50	9	日换手率达到30的前5只证券	20201103	星期二
31	300843	胜蓝股份	西藏自治区资金买入，成功率39.71	48.94	0.99	-660.94	8993.06	9654.00	18647.06	153567.66	-0.43	12.14	80.19	18	日换手率达到30的前5只证券	20201103	星期二
32	600059	古越龙山	实力游资买入，成功率18.37	9.76	10.03	2462.01	5311.34	2849.33	8160.67	15679.02	15.70	52.05	2.05	79	有价格涨跌幅限制的日收盘价格涨幅偏离值达到7的前三只证券	20201103	星期二
33	600178	东安动力	1家机构买入，成功率43.71	7.67	10.04	3935.46	4612.59	677.13	5289.72	15604.16	25.22	33.90	4.53	35	有价格涨跌幅限制的日收盘价格涨幅偏离值达到7的前三只证券	20201103	星期二
34	600185	格力地产	1家机构买入，成功率49.12	10.11	10.01	10086.69	16080.53	5993.83	22074.36	60489.83	16.68	36.49	3.00	208	有价格涨跌幅限制的日价格振幅达到15的前三只证券	20201103	星期二
35	601187	厦门银行	实力游资买入，成功率34.34	8.09	8.45	8548.40	15059.75	6511.35	21571.11	83571.94	10.23	25.81	39.85	21	有价格涨跌幅限制的日换手率达到20的前三只证券	20201103	星期二
36	601865	福莱特	实力游资卖出，成功率31.94	41.80	-5.92	-2557.14	8918.30	11475.44	20393.74	85670.60	-2.98	23.80	5.95	143	有价格涨跌幅限制的日收盘价格跌幅偏离值达到7的前三只证券	20201103	星期二
37	601995	中金公司	买一主买，成功率34.86	41.47	10.00	46455.48	66121.65	19666.16	85787.81	359110.05	12.94	23.89	34.17	108	有价格涨跌幅限制的日换手率达到20的前三只证券	20201103	星期二
38	603002	宏昌电子	买一主买，成功率51.43	5.49	10.02	1487.61	2860.12	1372.51	4232.63	12477.71	11.92	33.92	3.79	34	有价格涨跌幅限制的日收盘价格涨幅偏离值达到7的前三只证券	20201103	星期二
39	603569	长久物流	卖一主卖，成功率30.72	8.88	-1.11	-3781.78	1467.67	5249.45	6717.12	28295.39	-13.37	23.74	0.92	50	非ST、*ST和S证券连续三个交易日内收盘价格跌幅偏离值累计达到20的证券	20201103	星期二
40	603976	正川股份	实力游资买入，成功率37.13	76.85	6.29	1662.90	8105.05	6442.15	14547.20	109513.12	1.52	13.28	9.73	116	有价格涨跌幅限制的日价格振幅达到15的前三只证券	20201103	星期二
41	605198	德利股份	买一主买，成功率32.84	28.31	9.98	490.92	4721.27	4230.36	8951.63	19477.45	2.52	45.96	35.53	6	有价格涨跌幅限制的日换手率达到20的前三只证券	20201103	星期二
42	900904	神奇B股	卖一主卖，成功率57.78	0.52	-6.81	2.01	11.41	9.41	20.82	26.42	7.60	78.80	0.92	0	有价格涨跌幅限制的日收盘价格跌幅偏离值达到7的前三只证券	20201103	星期二
