1	000155	川能动力	主力做T，成功率36.56	7.02	10.03	5431.54	14513.58	9082.05	23595.63	95422.30	5.69	24.73	7.64	89	连续三个交易日内，涨幅偏离值累计达到20的证券	20201116	星期一
2	000622	恒立实业	实力游资卖出，成功率35.68	4.59	-1.92	-2254.50	3965.38	6219.89	10185.27	43392.52	-5.20	23.47	21.88	20	日换手率达到20的前5只证券	20201116	星期一
3	000625	长安汽车	实力游资买入，成功率49.54	18.78	10.02	43595.82	68998.09	25402.27	94400.35	268781.31	16.22	35.12	3.74	733	日涨幅偏离值达到7的前5只证券	20201116	星期一
4	000807	云铝股份	1家机构买入，成功率48.47	8.13	10.01	2200.11	21795.63	19595.52	41391.15	138772.66	1.59	29.83	6.77	212	日涨幅偏离值达到7的前5只证券	20201116	星期一
5	000816	智慧农业	买一主买，成功率37.61	4.80	10.09	3861.84	13733.05	9871.20	23604.25	154567.86	2.50	15.27	25.41	64	日振幅值达到15的前5只证券	20201116	星期一
6	000816	智慧农业	买一主买，成功率37.61	4.80	10.09	3861.84	13733.05	9871.20	23604.25	154567.86	2.50	15.27	25.41	64	日涨幅偏离值达到7的前5只证券	20201116	星期一
7	000816	智慧农业	买一主买，成功率37.61	4.80	10.09	3861.84	13733.05	9871.20	23604.25	154567.86	2.50	15.27	25.41	64	日换手率达到20的前5只证券	20201116	星期一
8	000830	鲁西化工	主力做T，成功率45.46	12.64	10.01	6120.52	21051.33	14930.81	35982.13	119299.96	5.13	30.16	6.66	185	日涨幅偏离值达到7的前5只证券	20201116	星期一
9	000933	神火股份	2家机构买入，成功率47.59	7.12	10.05	-955.74	12292.11	13247.85	25539.96	106527.12	-0.90	23.98	8.08	135	日涨幅偏离值达到7的前5只证券	20201116	星期一
10	000939	凯迪退	卖一主卖，成功率36.67	0.45	-10.00	-0.17	0.27	0.44	0.71	0.44	-38.14	161.86	0.00	14	退市整理期	20201116	星期一
11	002149	西部材料	实力游资买入，成功率37.34	10.90	9.99	2614.05	5165.21	2551.16	7716.37	27226.44	9.60	28.34	6.09	46	日涨幅偏离值达到7的前5只证券	20201116	星期一
12	002466	天齐锂业	主力做T，成功率48.17	22.69	-7.69	13408.64	42238.92	28830.29	71069.21	354185.59	3.79	20.07	10.61	334	日跌幅偏离值达到7的前5只证券	20201116	星期一
13	002612	朗姿股份	实力游资买入，成功率30.48	16.82	10.01	-3728.35	8342.95	12071.30	20414.24	90710.25	-4.11	22.50	20.82	44	日涨幅偏离值达到7的前5只证券	20201116	星期一
14	002623	亚玛顿	1家机构买入，成功率44.22	47.70	10.01	3504.32	8916.23	5411.91	14328.15	47665.36	7.35	30.06	6.32	76	日涨幅偏离值达到7的前5只证券	20201116	星期一
15	002646	青青稞酒	实力游资买入，成功率41.02	15.20	9.99	3106.24	7363.87	4257.63	11621.51	45313.02	6.86	25.65	6.80	68	日涨幅偏离值达到7的前5只证券	20201116	星期一
16	002759	天际股份	3家机构卖出，成功率42.58	14.51	-9.99	-2844.37	3843.97	6688.34	10532.31	34635.30	-8.21	30.41	5.83	58	日跌幅偏离值达到7的前5只证券	20201116	星期一
17	002785	万里石	2家机构买入，成功率36.48	22.06	10.02	1027.35	4804.03	3776.68	8580.71	26079.67	3.94	32.90	7.53	36	日涨幅偏离值达到7的前5只证券	20201116	星期一
18	002919	名臣健康	实力游资卖出，成功率42.54	38.11	-9.05	1249.89	3798.99	2549.10	6348.09	14924.18	8.37	42.54	8.54	17	日跌幅偏离值达到7的前5只证券	20201116	星期一
19	002996	顺博合金	买一主买，成功率48.53	15.19	6.52	-732.17	2880.88	3613.05	6493.93	30042.65	-2.44	21.62	37.82	8	日换手率达到20的前5只证券	20201116	星期一
20	002998	优彩资源	买一主买，成功率43.93	11.18	3.61	-1491.89	2284.05	3775.94	6059.99	30733.65	-4.85	19.72	34.11	9	日换手率达到20的前5只证券	20201116	星期一
21	003002	壶化股份	1家机构买入，成功率32.25	18.90	3.34	-4087.69	4588.82	8676.52	13265.34	38851.39	-10.52	34.14	41.89	9	日换手率达到20的前5只证券	20201116	星期一
22	003006	百亚股份	1家机构卖出，成功率13.33	20.23	-6.13	-1473.58	1550.62	3024.20	4574.81	22596.66	-6.52	20.25	24.99	9	日换手率达到20的前5只证券	20201116	星期一
23	003018	金富科技	1家机构卖出，成功率38.50	16.64	-5.24	731.81	3297.29	2565.48	5862.78	34421.92	2.13	17.03	32.01	11	日换手率达到20的前5只证券	20201116	星期一
24	200029	深深房B	实力游资卖出，成功率25.81	3.31	-5.97	-46.74	85.81	132.55	218.36	373.54	-12.51	58.46	1.09	3	日跌幅偏离值达到7的前5只证券	20201116	星期一
25	200625	长安B	广东资金买入，成功率32.78	5.64	9.94	1563.91	3643.70	2079.79	5723.48	6340.70	24.66	90.27	1.50	43	日涨幅偏离值达到7的前5只证券	20201116	星期一
26	300064	ST金刚	主力做T，成功率62.50	3.22	-5.57	15162.72	680758.32	665595.60	1346353.92	344766.50	4.40	390.51	9.89	22	严重异常期间日收盘价格跌幅偏离值累计达到50的证券	20201116	星期一
27	300132	青松股份	2家机构买入，成功率47.03	26.08	20.02	11418.36	23731.65	12313.30	36044.95	74241.66	15.38	48.55	6.53	120	日涨幅达到15的前5只证券	20201116	星期一
28	300727	润禾材料	江苏资金卖出，成功率40.32	34.22	-3.39	-3386.68	6398.84	9785.52	16184.35	88533.17	-3.83	18.28	63.22	13	日换手率达到30的前5只证券	20201116	星期一
29	300795	米奥会展	1家机构买入，成功率38.14	31.76	3.28	-3209.14	2823.76	6032.90	8856.66	40421.31	-7.94	21.91	35.12	12	日换手率达到30的前5只证券	20201116	星期一
30	300798	锦鸡股份	主力做T，成功率35.10	20.25	6.69	-521.47	2764.05	3285.52	6049.57	36665.53	-1.42	16.50	44.85	8	日换手率达到30的前5只证券	20201116	星期一
31	300819	聚杰微纤	实力游资买入，成功率37.36	43.17	7.95	-5608.04	2383.73	7991.77	10375.51	46630.81	-12.03	22.25	43.63	11	日换手率达到30的前5只证券	20201116	星期一
32	300891	惠云钛业	实力游资买入，成功率43.13	26.52	20.00	1109.69	13026.42	11916.73	24943.15	156251.63	0.71	15.96	65.66	25	日涨幅达到15的前5只证券	20201116	星期一
33	300891	惠云钛业	实力游资买入，成功率43.13	26.52	20.00	1109.69	13026.42	11916.73	24943.15	156251.63	0.71	15.96	65.66	25	日换手率达到30的前5只证券	20201116	星期一
34	600121	郑州煤电	实力游资买入，成功率45.75	2.37	10.23	1757.27	2861.45	1104.18	3965.62	10426.80	16.85	38.03	3.75	29	有价格涨跌幅限制的日收盘价格涨幅偏离值达到7的前三只证券	20201116	星期一
35	600189	吉林森工	实力游资买入，成功率26.89	9.80	5.15	-1122.49	3841.31	4963.80	8805.12	64338.87	-1.74	13.69	13.82	51	有价格涨跌幅限制的日价格振幅达到15的前三只证券	20201116	星期一
36	600321	正源股份	实力游资买入，成功率21.03	3.17	10.07	-271.12	4849.93	5121.05	9970.98	78986.31	-0.34	12.62	17.16	48	有价格涨跌幅限制的日价格振幅达到15的前三只证券	20201116	星期一
37	600481	双良节能	浙江资金买入，成功率28.00	4.13	10.13	765.49	3793.96	3028.47	6822.42	28972.27	2.64	23.55	4.50	67	有价格涨跌幅限制的日收盘价格涨幅偏离值达到7的前三只证券	20201116	星期一
38	600517	国网英大	3家机构卖出，成功率41.85	6.02	-6.52	-14226.70	1273.44	15500.14	16773.57	22227.37	-64.01	75.46	2.08	106	有价格涨跌幅限制的日收盘价格跌幅偏离值达到7的前三只证券	20201116	星期一
39	600563	法拉电子	2家机构卖出，成功率44.37	95.10	-7.66	-8493.27	17133.51	25626.78	42760.29	57905.86	-14.67	73.84	2.65	214	有价格涨跌幅限制的日收盘价格跌幅偏离值达到7的前三只证券	20201116	星期一
40	600609	金杯汽车	实力游资卖出，成功率40.94	5.21	-7.13	-315.28	1901.62	2216.89	4118.51	14708.71	-2.14	28.00	2.58	57	有价格涨跌幅限制的日收盘价格跌幅偏离值达到7的前三只证券	20201116	星期一
41	601388	怡球资源	买一主买，成功率38.42	3.03	10.18	5500.89	8201.56	2700.67	10902.23	48349.91	11.38	22.55	8.16	61	有价格涨跌幅限制的日收盘价格涨幅偏离值达到7的前三只证券	20201116	星期一
42	601702	华峰铝业	实力游资买入，成功率42.40	9.69	9.99	-2226.17	4529.92	6756.09	11286.02	59328.24	-3.75	19.02	25.63	24	有价格涨跌幅限制的日换手率达到20的前三只证券	20201116	星期一
43	601995	中金公司	1家机构买入，成功率39.69	60.38	5.56	3090.00	25705.21	22615.21	48320.43	430008.17	0.72	11.24	28.32	157	有价格涨跌幅限制的日换手率达到20的前三只证券	20201116	星期一
44	603167	渤海轮渡	实力游资买入，成功率66.05	11.43	10.01	-6945.18	7540.12	14485.30	22025.41	112111.08	-6.19	19.65	4.89	53	非ST、*ST和S证券连续三个交易日内收盘价格涨幅偏离值累计达到20的证券	20201116	星期一
45	603919	金徽酒	实力游资买入，成功率37.37	52.29	6.80	9627.30	24216.76	14589.47	38806.23	234814.19	4.10	16.53	9.46	257	有价格涨跌幅限制的日价格振幅达到15的前三只证券	20201116	星期一
46	605006	山东玻纤	1家机构买入，成功率41.02	10.16	4.10	-1181.27	3130.00	4311.27	7441.27	34675.83	-3.41	21.46	34.03	10	有价格涨跌幅限制的日换手率达到20的前三只证券	20201116	星期一
47	689009	九号公司	2家机构买入，成功率35.04	73.42	20.01	15281.49	24878.78	9597.29	34476.06	120168.17	12.72	28.69	-	-	有价格涨跌幅限制的日收盘价格涨幅达到15的前五只证券	20201116	星期一
