1	000048	京基智农	实力游资卖出，成功率43.78	23.83	-10.01	-2294.94	14155.02	16449.96	30604.98	43245.24	-5.31	70.77	4.51	96	日跌幅偏离值达到7的前5只证券	20201127	星期五
2	000048	京基智农	实力游资卖出，成功率42.78	23.83	-10.01	-5927.35	15836.44	21763.79	37600.23	76220.65	-7.78	49.33	4.51	96	连续三个交易日内，跌幅偏离值累计达到20的证券	20201127	星期五
3	000558	莱茵体育	实力游资买入，成功率40.52	3.37	10.13	2643.55	4620.18	1976.63	6596.81	15085.84	17.52	43.73	3.54	43	日涨幅偏离值达到7的前5只证券	20201127	星期五
4	000628	高新发展	实力游资买入，成功率36.03	8.91	10.00	2099.40	2661.09	561.69	3222.78	2661.09	78.89	121.11	1.59	17	日涨幅偏离值达到7的前5只证券	20201127	星期五
5	000680	山推股份	买一主买，成功率45.86	3.85	7.84	7037.45	9580.75	2543.29	12124.04	36394.50	19.34	33.31	8.87	41	日涨幅偏离值达到7的前5只证券	20201127	星期五
6	000798	中水渔业	买一主买，成功率44.11	6.70	10.02	1288.26	1969.16	680.91	2650.07	5990.89	21.50	44.24	2.89	21	日涨幅偏离值达到7的前5只证券	20201127	星期五
7	000863	三湘印象	实力游资买入，成功率29.78	4.99	8.71	-461.09	2014.86	2475.95	4490.81	13955.05	-3.30	32.18	2.38	59	日涨幅偏离值达到7的前5只证券	20201127	星期五
8	000923	河钢资源	卖一主卖，成功率51.36	20.35	-3.10	-1147.23	11119.36	12266.59	23385.96	54677.05	-2.10	42.77	4.16	128	日振幅值达到15的前5只证券	20201127	星期五
9	000939	凯迪退	卖一主卖，成功率35.00	0.18	-10.00	-186.41	151.92	338.33	490.25	628.88	-29.64	77.96	1.15	5	退市整理期	20201127	星期五
10	002069	獐子岛	买一主买，成功率31.81	4.10	9.92	2963.09	3678.56	715.47	4394.03	13396.46	22.12	32.80	4.86	28	日涨幅偏离值达到7的前5只证券	20201127	星期五
11	002194	武汉凡谷	1家机构卖出，成功率38.23	15.67	-9.89	-897.98	2667.40	3565.38	6232.78	50181.68	-1.79	12.42	6.33	77	日跌幅偏离值达到7的前5只证券	20201127	星期五
12	002227	奥特迅	买一主买，成功率32.19	18.71	9.99	4508.28	7033.08	2524.80	9557.88	47068.51	9.58	20.31	11.68	41	日涨幅偏离值达到7的前5只证券	20201127	星期五
13	002232	启明信息	1家机构卖出，成功率49.00	13.71	-5.71	-10660.21	4227.80	14888.01	19115.81	67852.95	-15.71	28.17	11.52	56	日振幅值达到15的前5只证券	20201127	星期五
14	002553	南方轴承	主力做T，成功率44.59	8.93	-3.77	2409.82	13788.27	11378.45	25166.73	167716.01	1.44	15.01	16.91	21	连续三个交易日内，跌幅偏离值累计达到20的证券	20201127	星期五
15	002575	*ST群兴	江苏资金卖出，成功率50.22	3.33	-5.13	-921.91	548.49	1470.40	2018.89	3279.16	-28.11	61.57	0.63	20	连续三个交易日内，跌幅偏离值累计达到12的ST证券、*ST证券	20201127	星期五
16	002647	仁东控股	卖一主卖，成功率50.44	43.87	-9.99	-272.87	490.47	763.34	1253.80	763.34	-35.75	164.25	0.03	246	日跌幅偏离值达到7的前5只证券	20201127	星期五
17	002670	国盛金控	主力做T，成功率39.87	11.56	9.99	-1438.01	11561.64	12999.65	24561.28	94594.91	-1.52	25.96	5.39	188	日涨幅偏离值达到7的前5只证券	20201127	星期五
18	002682	龙洲股份	实力游资买入，成功率38.32	5.87	9.93	-1824.92	8091.42	9916.34	18007.76	83019.52	-2.20	21.69	25.81	32	日涨幅偏离值达到7的前5只证券	20201127	星期五
19	002682	龙洲股份	实力游资买入，成功率38.32	5.87	9.93	-1824.92	8091.42	9916.34	18007.76	83019.52	-2.20	21.69	25.81	32	日换手率达到20的前5只证券	20201127	星期五
20	002806	华锋股份	实力游资卖出，成功率14.64	13.02	-8.18	-2290.24	1636.78	3927.02	5563.81	22586.38	-10.14	24.63	15.66	15	日跌幅偏离值达到7的前5只证券	20201127	星期五
21	002808	恒久科技	浙江资金卖出，成功率44.89	8.23	-9.96	-3344.98	2335.01	5679.99	8015.00	18320.75	-18.26	43.75	12.91	14	日跌幅偏离值达到7的前5只证券	20201127	星期五
22	002808	恒久科技	实力游资卖出，成功率39.28	8.23	-9.96	-4987.38	2929.16	7916.54	10845.70	30180.94	-16.52	35.94	12.91	14	连续三个交易日内，跌幅偏离值累计达到20的证券	20201127	星期五
23	002862	实丰文化	广东资金卖出，成功率30.00	21.66	-10.01	-348.23	7356.65	7704.88	15061.53	24369.12	-1.43	61.81	8.75	25	日振幅值达到15的前5只证券	20201127	星期五
24	002862	实丰文化	广东资金卖出，成功率30.00	21.66	-10.01	-348.23	7356.65	7704.88	15061.53	24369.12	-1.43	61.81	8.75	25	日跌幅偏离值达到7的前5只证券	20201127	星期五
25	002863	今飞凯达	浙江资金买入，成功率53.39	10.67	10.00	2940.39	11699.30	8758.90	20458.20	34210.11	8.60	59.80	8.60	42	日涨幅偏离值达到7的前5只证券	20201127	星期五
26	002863	今飞凯达	浙江资金买入，成功率46.67	10.67	10.00	2459.86	20715.87	18256.01	38971.89	82032.95	3.00	47.51	8.60	42	连续三个交易日内，涨幅偏离值累计达到20的证券	20201127	星期五
27	002997	瑞鹄模具	1家机构卖出，成功率43.76	20.36	-6.22	137.94	1923.54	1785.60	3709.15	25288.18	0.55	14.67	26.57	9	日换手率达到20的前5只证券	20201127	星期五
28	003000	华文食品	1家机构买入，成功率29.48	19.00	7.95	529.48	3100.09	2570.62	5670.71	20204.38	2.62	28.07	27.19	8	日换手率达到20的前5只证券	20201127	星期五
29	003002	壶化股份	2家机构卖出，成功率36.26	17.69	-6.80	-1176.12	1462.46	2638.59	4101.05	20316.04	-5.79	20.19	22.46	9	日换手率达到20的前5只证券	20201127	星期五
30	200625	长安B	广东资金买入，成功率21.46	8.56	9.04	4552.71	8900.24	4347.53	13247.78	13506.52	33.71	98.08	2.11	66	日涨幅偏离值达到7的前5只证券	20201127	星期五
31	200625	长安B	广东资金买入，成功率23.84	8.56	9.04	16273.24	25191.79	8918.56	34110.35	37811.55	43.04	90.21	2.11	66	连续三个交易日内，涨幅偏离值累计达到20的证券	20201127	星期五
32	300094	国联水产	实力游资买入，成功率44.96	5.26	20.09	1979.00	4047.00	2068.00	6115.01	29677.69	6.67	20.60	6.84	46	日涨幅达到15的前5只证券	20201127	星期五
33	300225	金力泰	实力游资卖出，成功率46.37	16.80	-20.00	-1372.62	5798.09	7170.71	12968.81	35266.86	-3.89	36.77	4.12	79	日跌幅达到15的前5只证券	20201127	星期五
34	300225	金力泰	实力游资卖出，成功率26.09	16.80	-20.00	547.10	17934.65	17387.56	35322.21	123236.90	0.44	28.66	4.12	79	连续三个交易日内，跌幅偏离值累计达到30的证券	20201127	星期五
35	300589	江龙船艇	1家机构卖出，成功率38.93	37.20	-3.48	-14342.05	10322.29	24664.35	34986.64	155853.13	-9.20	22.45	42.82	35	日换手率达到30的前5只证券	20201127	星期五
36	300733	西菱动力	实力游资买入，成功率31.59	23.90	0.04	-3095.94	4742.60	7838.54	12581.14	72354.58	-4.28	17.39	43.23	16	日换手率达到30的前5只证券	20201127	星期五
37	300822	贝仕达克	3家机构买入，成功率38.72	63.62	3.51	-1677.28	6474.01	8151.30	14625.31	64438.92	-2.60	22.70	37.58	17	日换手率达到30的前5只证券	20201127	星期五
38	300910	瑞丰新材	3家机构买入，成功率47.70	103.00	240.38	30333.41	34673.90	4340.49	39014.38	237408.23	12.78	16.43	74.58	37	无价格涨跌幅限制的证券	20201127	星期五
39	600105	永鼎股份	浙江资金卖出，成功率30.00	5.59	-9.98	-2933.31	609.20	3542.51	4151.71	3557.25	-82.46	116.71	0.47	76	有价格涨跌幅限制的日收盘价格跌幅偏离值达到7的前三只证券	20201127	星期五
40	600105	永鼎股份	实力游资卖出，成功率36.78	5.59	-9.98	706.10	9015.18	8309.08	17324.27	29906.36	2.36	57.93	0.47	76	非ST、*ST和S证券连续三个交易日内收盘价格跌幅偏离值累计达到20的证券	20201127	星期五
41	600121	郑州煤电	实力游资买入，成功率40.03	3.39	10.06	-57.39	4890.02	4947.42	9837.44	52737.49	-0.11	18.65	14.68	41	有价格涨跌幅限制的日价格振幅达到15的前三只证券	20201127	星期五
42	600121	郑州煤电	实力游资买入，成功率40.03	3.39	10.06	-57.39	4890.02	4947.42	9837.44	52737.49	-0.11	18.65	14.68	41	有价格涨跌幅限制的日收盘价格涨幅偏离值达到7的前三只证券	20201127	星期五
43	600596	新安股份	卖一主卖，成功率23.76	15.07	-9.65	-8337.97	13898.16	22236.13	36134.30	208576.96	-4.00	17.32	18.90	105	有价格涨跌幅限制的日收盘价格跌幅偏离值达到7的前三只证券	20201127	星期五
44	600616	金枫酒业	实力游资卖出，成功率37.78	6.63	-5.56	-534.90	10192.92	10727.82	20920.74	151713.59	-0.35	13.79	10.17	44	非ST、*ST和S证券连续三个交易日内收盘价格跌幅偏离值累计达到20的证券	20201127	星期五
45	601127	小康股份	卖一主卖，成功率39.01	18.00	-9.09	-1600.87	11045.37	12646.24	23691.61	165295.49	-0.97	14.33	9.08	168	有价格涨跌幅限制的日价格振幅达到15的前三只证券	20201127	星期五
46	601187	厦门银行	实力游资买入，成功率37.98	11.36	9.97	3628.22	10545.81	6917.59	17463.40	130182.72	2.79	13.41	45.70	30	有价格涨跌幅限制的日换手率达到20的前三只证券	20201127	星期五
47	603011	合锻智能	买一主买，成功率48.98	6.89	10.06	4370.62	9048.72	4678.10	13726.81	48885.83	8.94	28.08	16.06	31	有价格涨跌幅限制的日收盘价格涨幅偏离值达到7的前三只证券	20201127	星期五
48	603026	石大胜华	1家机构卖出，成功率31.10	51.93	-10.00	-3448.84	6407.50	9856.34	16263.84	70322.36	-4.90	23.13	6.32	105	有价格涨跌幅限制的日收盘价格跌幅偏离值达到7的前三只证券	20201127	星期五
49	603701	德宏股份	实力游资买入，成功率48.20	10.73	10.05	2328.82	4520.33	2191.51	6711.83	10720.51	21.72	62.61	3.85	28	有价格涨跌幅限制的日收盘价格涨幅偏离值达到7的前三只证券	20201127	星期五
50	603948	建业股份	实力游资卖出，成功率39.60	22.35	-5.78	-791.72	3296.66	4088.38	7385.05	90240.50	-0.88	8.18	20.06	9	非ST、*ST和S证券连续三个交易日内收盘价格跌幅偏离值累计达到20的证券	20201127	星期五
51	605068	明新旭腾	实力游资卖出，成功率30.04	41.10	-7.45	-189.18	5626.79	5815.97	11442.76	98806.26	-0.19	11.58	54.45	17	有价格涨跌幅限制的日价格振幅达到15的前三只证券	20201127	星期五
52	605068	明新旭腾	实力游资卖出，成功率30.04	41.10	-7.45	-189.18	5626.79	5815.97	11442.76	98806.26	-0.19	11.58	54.45	17	有价格涨跌幅限制的日换手率达到20的前三只证券	20201127	星期五
53	605399	晨光新材	卖一主卖，成功率26.40	23.70	-2.07	-2883.05	3390.72	6273.77	9664.49	47713.13	-6.04	20.26	42.13	11	有价格涨跌幅限制的日换手率达到20的前三只证券	20201127	星期五
54	900948	伊泰Ｂ股	卖一主卖，成功率47.78	0.56	-8.89	-512.50	138.00	650.50	788.50	988.89	-51.83	79.74	1.28	6	有价格涨跌幅限制的日收盘价格跌幅偏离值达到7的前三只证券	20201127	星期五
