1	000048	京基智农	实力游资卖出，成功率37.17	26.48	-9.99	-1411.91	422.09	1834.00	2256.10	2199.69	-64.19	102.56	0.21	107	日跌幅偏离值达到7的前5只证券	20201126	星期四
2	000403	双林生物	1家机构卖出，成功率50.70	38.20	-9.99	-3256.44	4324.05	7580.49	11904.54	21139.83	-15.40	56.31	1.12	186	日跌幅偏离值达到7的前5只证券	20201126	星期四
3	000422	ST宜化	实力游资买入，成功率29.67	3.05	5.17	599.75	1557.46	957.71	2515.16	9399.99	6.38	26.76	1.48	27	连续三个交易日内，涨幅偏离值累计达到12的ST证券、*ST证券和未完成股改证券	20201126	星期四
4	000613	大东海A	1家机构买入，成功率45.53	6.17	8.82	1392.09	3406.81	2014.72	5421.53	15447.95	9.01	35.10	9.50	16	日涨幅偏离值达到7的前5只证券	20201126	星期四
5	000700	模塑科技	实力游资买入，成功率33.65	6.89	10.06	7433.79	9662.90	2229.11	11892.00	20378.23	36.48	58.36	3.74	56	日涨幅偏离值达到7的前5只证券	20201126	星期四
6	000768	中航飞机	上海资金买入，成功率39.65	31.75	8.21	-6628.05	45538.00	52166.05	97704.05	338331.05	-1.96	28.88	3.96	879	日涨幅偏离值达到7的前5只证券	20201126	星期四
7	000791	甘肃电投	实力游资买入，成功率32.76	4.09	7.63	886.93	3189.29	2302.37	5491.66	36146.53	2.45	15.19	6.60	56	日涨幅偏离值达到7的前5只证券	20201126	星期四
8	000809	铁岭新城	实力游资卖出，成功率31.07	2.21	-9.80	-2760.87	2122.49	4883.36	7005.85	19614.84	-14.08	35.72	10.72	18	日跌幅偏离值达到7的前5只证券	20201126	星期四
9	000903	云内动力	卖一主卖，成功率50.00	4.35	-9.94	-1640.34	985.19	2625.53	3610.72	5036.82	-32.57	71.69	0.66	77	日跌幅偏离值达到7的前5只证券	20201126	星期四
10	000939	凯迪退	卖一主卖，成功率56.67	0.20	-9.09	-97.86	118.13	215.99	334.12	232.92	-42.01	143.45	0.38	6	退市整理期	20201126	星期四
11	000966	长源电力	买一主买，成功率46.81	4.18	10.00	7112.32	9003.56	1891.24	10894.79	19301.80	36.85	56.44	4.23	46	日涨幅偏离值达到7的前5只证券	20201126	星期四
12	000981	*ST银亿	浙江资金买入，成功率60.33	2.18	4.81	667.15	2506.42	1839.27	4345.70	8821.97	7.56	49.26	0.34	56	连续三个交易日内，涨幅偏离值累计达到12的ST证券、*ST证券和未完成股改证券	20201126	星期四
13	002075	沙钢股份	2家机构卖出，成功率32.59	13.54	-9.91	-16673.89	16810.73	33484.63	50295.36	189623.05	-8.79	26.52	6.21	299	日跌幅偏离值达到7的前5只证券	20201126	星期四
14	002096	南岭民爆	实力游资买入，成功率60.00	14.88	2.83	4966.91	8170.55	3203.65	11374.20	27847.57	17.84	40.84	5.30	55	日振幅值达到15的前5只证券	20201126	星期四
15	002098	浔兴股份	买一主买，成功率34.73	5.90	1.20	-82.87	2091.87	2174.74	4266.60	17218.30	-0.48	24.78	8.02	21	日振幅值达到15的前5只证券	20201126	星期四
16	002147	*ST新光	主力做T，成功率34.09	1.45	5.07	-9.53	760.82	770.35	1531.17	3246.15	-0.29	47.17	2.27	8	连续三个交易日内，涨幅偏离值累计达到12的ST证券、*ST证券	20201126	星期四
17	002232	启明信息	1家机构买入，成功率53.79	14.54	9.98	10545.65	12939.31	2393.66	15332.97	33546.49	31.44	45.71	5.88	59	日涨幅偏离值达到7的前5只证券	20201126	星期四
18	002249	大洋电机	实力游资买入，成功率37.88	5.01	3.09	-16238.32	13490.53	29728.85	43219.37	200838.14	-8.09	21.52	22.97	84	日换手率达到20的前5只证券	20201126	星期四
19	002553	南方轴承	实力游资卖出，成功率49.80	9.28	-8.75	-2413.75	4444.72	6858.47	11303.19	56181.63	-4.30	20.12	25.47	22	日换手率达到20的前5只证券	20201126	星期四
20	002647	仁东控股	浙江资金卖出，成功率46.96	48.74	-9.99	-476.19	188.14	664.33	852.46	664.33	-71.68	128.32	0.02	273	日跌幅偏离值达到7的前5只证券	20201126	星期四
21	002647	仁东控股	广东资金卖出，成功率43.33	48.74	-9.99	12176.52	41609.14	29432.62	71041.76	89041.55	13.68	79.78	0.02	273	连续三个交易日内，跌幅偏离值累计达到20的证券	20201126	星期四
22	002650	ST加加	主力做T，成功率47.46	6.95	0.00	-818.82	6001.27	6820.09	12821.36	63058.37	-1.30	20.33	3.33	80	连续三个交易日内，涨幅偏离值累计达到12的ST证券、*ST证券	20201126	星期四
23	002670	国盛金控	主力做T，成功率51.22	10.51	10.05	4686.28	10648.27	5961.99	16610.26	43129.51	10.87	38.51	2.62	171	日涨幅偏离值达到7的前5只证券	20201126	星期四
24	002682	龙洲股份	实力游资买入，成功率31.73	5.34	10.10	985.48	4565.48	3580.00	8145.48	26093.76	3.78	31.22	8.96	29	日涨幅偏离值达到7的前5只证券	20201126	星期四
25	002786	银宝山新	实力游资卖出，成功率63.84	8.24	-10.04	-3246.05	1179.39	4425.44	5604.83	24635.28	-13.18	22.75	7.74	31	日跌幅偏离值达到7的前5只证券	20201126	星期四
26	002808	恒久科技	实力游资卖出，成功率30.61	9.14	-9.95	-1936.23	1478.60	3414.83	4893.44	11860.19	-16.33	41.26	7.47	16	日跌幅偏离值达到7的前5只证券	20201126	星期四
27	002838	道恩股份	实力游资卖出，成功率31.75	23.49	-10.00	54.55	2605.23	2550.69	5155.92	36885.66	0.15	13.98	4.59	79	日跌幅偏离值达到7的前5只证券	20201126	星期四
28	002862	实丰文化	实力游资买入，成功率31.72	24.07	10.01	847.72	5967.81	5120.09	11087.90	21576.70	3.93	51.39	8.14	27	日涨幅偏离值达到7的前5只证券	20201126	星期四
29	002862	实丰文化	实力游资买入，成功率32.04	24.07	10.01	1524.76	7107.72	5582.95	12690.67	30246.06	5.04	41.96	8.14	27	连续三个交易日内，涨幅偏离值累计达到20的证券	20201126	星期四
30	002863	今飞凯达	浙江资金买入，成功率46.67	9.70	9.98	1942.15	7771.63	5829.48	13601.12	21033.84	9.23	64.66	5.84	38	日涨幅偏离值达到7的前5只证券	20201126	星期四
31	002997	瑞鹄模具	卖一主卖，成功率34.00	21.71	-2.91	-1517.10	2098.17	3615.27	5713.43	43355.68	-3.50	13.18	42.27	10	日换手率达到20的前5只证券	20201126	星期四
32	003002	壶化股份	2家机构买入，成功率45.75	18.98	0.90	1099.16	3464.74	2365.58	5830.31	34148.79	3.22	17.07	36.18	9	日换手率达到20的前5只证券	20201126	星期四
33	003004	声迅股份	买一主买，成功率33.33	29.17	43.98	306.83	331.63	24.79	356.42	331.63	92.52	107.48	0.56	6	无价格涨跌幅限制的证券	20201126	星期四
34	003015	日久光电	1家机构买入，成功率24.78	17.90	5.48	670.56	2280.50	1609.94	3890.44	36723.73	1.83	10.59	29.51	13	日换手率达到20的前5只证券	20201126	星期四
35	200625	长安B	广东资金买入，成功率23.33	7.85	9.94	6037.64	9044.68	3007.04	12051.73	12255.65	49.26	98.34	2.13	60	日涨幅偏离值达到7的前5只证券	20201126	星期四
36	300065	海兰信	实力游资买入，成功率43.71	15.42	20.00	3570.98	7568.55	3997.57	11566.12	36835.01	9.69	31.40	7.63	51	日涨幅达到15的前5只证券	20201126	星期四
37	300391	康跃科技	卖一主卖，成功率23.86	11.30	-17.76	-9747.66	3104.99	12852.65	15957.64	51640.06	-18.88	30.90	13.06	39	日跌幅达到15的前5只证券	20201126	星期四
38	300391	康跃科技	实力游资卖出，成功率33.07	11.30	-17.76	-15440.46	4375.63	19816.10	24191.73	75146.36	-20.55	32.19	13.06	39	连续三个交易日内，跌幅偏离值累计达到30的证券	20201126	星期四
39	300589	江龙船艇	1家机构买入，成功率41.65	38.54	19.99	12268.89	18560.64	6291.75	24852.38	124942.04	9.82	19.89	35.95	37	日涨幅达到15的前5只证券	20201126	星期四
40	300589	江龙船艇	1家机构买入，成功率41.65	38.54	19.99	12268.89	18560.64	6291.75	24852.38	124942.04	9.82	19.89	35.95	37	日换手率达到30的前5只证券	20201126	星期四
41	300711	广哈通信	1家机构买入，成功率41.46	24.92	9.49	-199.37	10195.81	10395.18	20590.99	155948.77	-0.13	13.20	19.70	51	连续三个交易日内，涨幅偏离值累计达到30的证券	20201126	星期四
42	300727	润禾材料	主力做T，成功率35.04	35.05	-3.97	1012.98	3363.55	2350.57	5714.11	54601.34	1.86	10.47	38.92	14	日换手率达到30的前5只证券	20201126	星期四
43	300733	西菱动力	1家机构买入，成功率40.31	23.89	19.99	-935.28	6080.58	7015.86	13096.43	42103.72	-2.22	31.11	27.93	16	日涨幅达到15的前5只证券	20201126	星期四
44	300819	聚杰微纤	主力做T，成功率41.77	45.74	-8.54	1710.77	4446.61	2735.83	7182.44	38385.67	4.46	18.71	32.85	11	日换手率达到30的前5只证券	20201126	星期四
45	300890	翔丰华	江苏资金卖出，成功率43.82	65.88	-7.21	-2616.02	7874.64	10490.66	18365.30	61765.26	-4.24	29.73	38.31	16	日换手率达到30的前5只证券	20201126	星期四
46	300901	中胤时尚	北京资金买入，成功率36.02	31.75	4.44	2226.52	6645.48	4418.96	11064.44	71429.61	3.12	15.49	39.23	18	日换手率达到30的前5只证券	20201126	星期四
47	600105	永鼎股份	浙江资金卖出，成功率36.68	6.21	-10.00	2579.71	8994.78	6415.07	15409.84	26349.11	9.79	58.48	3.06	85	有价格涨跌幅限制的日收盘价格跌幅偏离值达到7的前三只证券	20201126	星期四
48	600421	ST华嵘	实力游资买入，成功率37.78	11.96	5.00	32.81	585.89	553.08	1138.97	2623.69	1.25	43.41	0.29	23	ST、*ST和S证券连续三个交易日内收盘价格涨幅偏离值累计达到15的证券	20201126	星期四
49	600679	上海凤凰	实力游资买入，成功率48.89	15.35	0.99	-384.25	2434.57	2818.83	5253.40	35925.74	-1.07	14.62	10.00	35	有价格涨跌幅限制的日价格振幅达到15的前三只证券	20201126	星期四
50	600707	彩虹股份	实力游资买入，成功率29.32	5.34	10.10	1694.28	7935.76	6241.49	14177.25	56042.10	3.02	25.30	4.47	132	有价格涨跌幅限制的日收盘价格涨幅偏离值达到7的前三只证券	20201126	星期四
51	600707	彩虹股份	实力游资买入，成功率34.31	5.34	10.10	3885.43	10451.40	6565.96	17017.36	83425.49	4.66	20.40	4.47	132	非ST、*ST和S证券连续三个交易日内收盘价格涨幅偏离值累计达到20的证券	20201126	星期四
52	600744	华银电力	实力游资买入，成功率36.94	3.25	10.17	3587.73	7122.59	3534.87	10657.46	14397.16	24.92	74.02	5.36	27	有价格涨跌幅限制的日收盘价格涨幅偏离值达到7的前三只证券	20201126	星期四
53	601702	华峰铝业	实力游资买入，成功率29.32	9.11	6.55	2885.96	6781.63	3895.67	10677.31	75911.83	3.80	14.07	34.41	23	有价格涨跌幅限制的日换手率达到20的前三只证券	20201126	星期四
54	603010	万盛股份	实力游资卖出，成功率45.79	23.18	-9.98	-1430.50	5991.36	7421.86	13413.21	47146.04	-3.03	28.45	5.78	80	有价格涨跌幅限制的日收盘价格跌幅偏离值达到7的前三只证券	20201126	星期四
55	603011	合锻智能	买一主买，成功率42.01	6.26	10.02	2704.55	4021.13	1316.59	5337.72	17085.04	15.83	31.24	6.26	28	有价格涨跌幅限制的日收盘价格涨幅偏离值达到7的前三只证券	20201126	星期四
56	603528	多伦科技	广东资金卖出，成功率42.95	11.26	-9.99	-1082.60	2447.09	3529.69	5976.78	20939.20	-5.17	28.54	2.90	70	有价格涨跌幅限制的日收盘价格跌幅偏离值达到7的前三只证券	20201126	星期四
57	603758	秦安股份	买一主买，成功率39.35	10.04	9.97	-2750.65	2526.76	5277.42	7804.18	38561.35	-7.13	20.24	5.74	44	非ST、*ST和S证券连续三个交易日内收盘价格涨幅偏离值累计达到20的证券	20201126	星期四
58	603996	*ST中新	实力游资买入，成功率36.41	2.71	5.04	70.76	469.80	399.04	868.84	1506.49	4.70	57.67	0.78	8	ST、*ST和S证券连续三个交易日内收盘价格涨幅偏离值累计达到15的证券	20201126	星期四
59	605068	明新旭腾	实力游资买入，成功率33.11	44.41	10.01	747.81	5693.65	4945.84	10639.50	66056.03	1.13	16.11	37.57	18	有价格涨跌幅限制的日价格振幅达到15的前三只证券	20201126	星期四
60	605068	明新旭腾	实力游资买入，成功率33.11	44.41	10.01	747.81	5693.65	4945.84	10639.50	66056.03	1.13	16.11	37.57	18	有价格涨跌幅限制的日换手率达到20的前三只证券	20201126	星期四
61	605399	晨光新材	买一主买，成功率39.50	24.20	10.00	4077.27	6204.10	2126.83	8330.93	36852.31	11.06	22.61	34.31	11	有价格涨跌幅限制的日换手率达到20的前三只证券	20201126	星期四
