1	000048	京基智农	1家机构卖出，成功率45.74	29.42	-10.00	-7204.07	3676.17	10880.25	14556.42	30775.72	-23.41	47.30	2.42	118	日振幅值达到15的前5只证券	20201125	星期三
2	000048	京基智农	1家机构卖出，成功率45.74	29.42	-10.00	-7204.07	3676.17	10880.25	14556.42	30775.72	-23.41	47.30	2.42	118	日跌幅偏离值达到7的前5只证券	20201125	星期三
3	000545	金浦钛业	实力游资卖出，成功率28.26	3.74	-9.88	-165.61	6389.52	6555.13	12944.65	95356.36	-0.17	13.58	26.23	36	日跌幅偏离值达到7的前5只证券	20201125	星期三
4	000545	金浦钛业	实力游资卖出，成功率28.26	3.74	-9.88	-165.61	6389.52	6555.13	12944.65	95356.36	-0.17	13.58	26.23	36	日换手率达到20的前5只证券	20201125	星期三
5	000572	ST海马	实力游资买入，成功率53.10	3.08	5.12	292.14	3361.31	3069.17	6430.48	16903.39	1.73	38.04	1.63	51	连续三个交易日内，涨幅偏离值累计达到12的ST证券、*ST证券和未完成股改证券	20201125	星期三
6	000573	粤宏远A	实力游资卖出，成功率45.00	3.37	-9.89	-1111.73	3510.14	4621.88	8132.02	17885.42	-6.22	45.47	8.31	21	日跌幅偏离值达到7的前5只证券	20201125	星期三
7	000625	长安汽车	买一主买，成功率59.27	23.66	10.00	21942.67	110993.10	89050.43	200043.53	795586.83	2.76	25.14	8.76	923	日涨幅偏离值达到7的前5只证券	20201125	星期三
8	000766	通化金马	实力游资买入，成功率44.39	3.96	10.00	2181.98	3189.47	1007.49	4196.96	9867.41	22.11	42.53	3.71	28	日涨幅偏离值达到7的前5只证券	20201125	星期三
9	000816	智慧农业	实力游资卖出，成功率22.88	3.71	-9.95	-3789.80	8106.85	11896.65	20003.50	117713.49	-3.22	16.99	23.32	50	日跌幅偏离值达到7的前5只证券	20201125	星期三
10	000816	智慧农业	实力游资卖出，成功率22.88	3.71	-9.95	-3789.80	8106.85	11896.65	20003.50	117713.49	-3.22	16.99	23.32	50	日换手率达到20的前5只证券	20201125	星期三
11	000820	*ST节能	主力做T，成功率46.67	1.14	4.59	327.18	1034.34	707.16	1741.50	4293.27	7.62	40.56	9.82	3	连续三个交易日内，涨幅偏离值累计达到12的ST证券、*ST证券和未完成股改证券	20201125	星期三
12	000837	*ST秦机	买一主买，成功率42.22	6.88	4.56	4012.32	6187.29	2174.97	8362.27	26199.40	15.31	31.92	2.97	48	连续三个交易日内，涨幅偏离值累计达到12的ST证券、*ST证券和未完成股改证券	20201125	星期三
13	000903	云内动力	实力游资卖出，成功率31.60	4.83	-10.06	-69.22	1631.72	1700.94	3332.66	11299.59	-0.61	29.49	1.32	85	日跌幅偏离值达到7的前5只证券	20201125	星期三
14	000939	凯迪退	卖一主卖，成功率31.67	0.22	-8.33	-16.85	28.67	45.52	74.18	57.59	-29.26	128.82	0.09	7	退市整理期	20201125	星期三
15	002075	沙钢股份	主力做T，成功率36.41	15.03	-10.00	-4801.98	15757.19	20559.16	36316.35	117781.54	-4.08	30.83	3.51	332	日跌幅偏离值达到7的前5只证券	20201125	星期三
16	002227	奥特迅	主力做T，成功率29.43	18.38	9.99	-460.36	3816.66	4277.02	8093.68	27316.95	-1.69	29.63	6.87	40	日涨幅偏离值达到7的前5只证券	20201125	星期三
17	002227	奥特迅	1家机构买入，成功率45.58	18.38	9.99	3207.08	7534.54	4327.46	11862.00	37205.47	8.62	31.88	6.87	40	连续三个交易日内，涨幅偏离值累计达到20的证券	20201125	星期三
18	002249	大洋电机	主力做T，成功率41.07	4.86	9.95	4469.86	8834.98	4365.12	13200.10	44847.41	9.97	29.43	5.68	82	日涨幅偏离值达到7的前5只证券	20201125	星期三
19	002256	*ST兆新	1家机构买入，成功率50.95	1.24	2.48	25.21	1474.53	1449.33	2923.86	14308.41	0.18	20.43	3.10	17	连续三个交易日内，涨幅偏离值累计达到12的ST证券、*ST证券	20201125	星期三
20	002356	*ST赫美	实力游资买入，成功率36.84	1.32	4.76	-153.32	636.90	790.22	1427.12	2335.00	-6.57	61.12	0.32	7	连续三个交易日内，涨幅偏离值累计达到12的ST证券、*ST证券	20201125	星期三
21	002553	南方轴承	1家机构卖出，成功率42.83	10.17	-10.00	1506.68	8276.87	6770.18	15047.05	76149.96	1.98	19.76	30.28	24	日振幅值达到15的前5只证券	20201125	星期三
22	002553	南方轴承	1家机构卖出，成功率42.83	10.17	-10.00	1506.68	8276.87	6770.18	15047.05	76149.96	1.98	19.76	30.28	24	日跌幅偏离值达到7的前5只证券	20201125	星期三
23	002553	南方轴承	1家机构卖出，成功率42.83	10.17	-10.00	1506.68	8276.87	6770.18	15047.05	76149.96	1.98	19.76	30.28	24	日换手率达到20的前5只证券	20201125	星期三
24	002646	青青稞酒	实力游资卖出，成功率29.99	16.79	-9.97	-187.86	6539.36	6727.22	13266.58	65114.32	-0.29	20.37	8.39	76	日跌幅偏离值达到7的前5只证券	20201125	星期三
25	002647	仁东控股	1家机构卖出，成功率39.33	54.15	-10.01	7037.72	19398.20	12360.48	31758.68	42270.03	16.65	75.13	1.32	303	日跌幅偏离值达到7的前5只证券	20201125	星期三
26	002682	龙洲股份	实力游资买入，成功率50.02	4.85	9.98	2188.20	3111.85	923.65	4035.51	7956.45	27.50	50.72	1.16	27	连续三个交易日内，涨幅偏离值累计达到20的证券	20201125	星期三
27	002786	银宝山新	实力游资买入，成功率48.63	9.16	9.96	1065.48	5103.92	4038.45	9142.37	43659.84	2.44	20.94	12.96	35	日涨幅偏离值达到7的前5只证券	20201125	星期三
28	002786	银宝山新	主力做T，成功率50.79	9.16	9.96	3867.09	7908.34	4041.25	11949.58	50420.82	7.67	23.70	12.96	35	连续三个交易日内，涨幅偏离值累计达到20的证券	20201125	星期三
29	002805	丰元股份	1家机构卖出，成功率29.00	14.41	-9.82	-3423.60	2773.61	6197.22	8970.83	40016.12	-8.56	22.42	27.01	14	日换手率达到20的前5只证券	20201125	星期三
30	002920	德赛西威	3家机构卖出，成功率46.82	77.19	-10.00	4648.70	19030.01	14381.31	33411.32	78224.78	5.94	42.71	8.05	94	日跌幅偏离值达到7的前5只证券	20201125	星期三
31	002997	瑞鹄模具	买一主买，成功率45.05	22.36	9.99	1158.46	3344.16	2185.70	5529.85	33186.38	3.49	16.66	33.96	10	日涨幅偏离值达到7的前5只证券	20201125	星期三
32	002997	瑞鹄模具	买一主买，成功率45.05	22.36	9.99	1158.46	3344.16	2185.70	5529.85	33186.38	3.49	16.66	33.96	10	日换手率达到20的前5只证券	20201125	星期三
33	002998	优彩资源	1家机构卖出，成功率41.66	11.49	-6.36	543.38	5281.25	4737.87	10019.13	39882.16	1.36	25.12	41.26	9	日换手率达到20的前5只证券	20201125	星期三
34	003002	壶化股份	主力做T，成功率35.74	18.81	10.00	983.17	2643.54	1660.37	4303.90	28226.57	3.48	15.25	30.81	9	日涨幅偏离值达到7的前5只证券	20201125	星期三
35	003002	壶化股份	主力做T，成功率35.74	18.81	10.00	983.17	2643.54	1660.37	4303.90	28226.57	3.48	15.25	30.81	9	日换手率达到20的前5只证券	20201125	星期三
36	200625	长安B	广东资金买入，成功率27.22	7.14	10.02	3745.14	8019.66	4274.52	12294.18	12049.38	31.08	102.03	2.23	55	日涨幅偏离值达到7的前5只证券	20201125	星期三
37	300391	康跃科技	卖一主卖，成功率30.79	13.74	-20.02	-4153.96	3506.73	7660.69	11167.42	23506.30	-17.67	47.51	4.35	48	日跌幅达到15的前5只证券	20201125	星期三
38	300711	广哈通信	实力游资买入，成功率44.08	22.76	19.98	3673.86	6737.14	3063.28	9800.42	56594.67	6.49	17.32	12.87	47	日涨幅达到15的前5只证券	20201125	星期三
39	300713	英可瑞	1家机构买入，成功率47.07	35.22	20.00	3506.57	9762.33	6255.76	16018.09	99568.47	3.52	16.09	37.65	28	日涨幅达到15的前5只证券	20201125	星期三
40	300713	英可瑞	1家机构买入，成功率47.07	35.22	20.00	3506.57	9762.33	6255.76	16018.09	99568.47	3.52	16.09	37.65	28	日换手率达到30的前5只证券	20201125	星期三
41	300727	润禾材料	1家机构卖出，成功率33.98	36.50	-11.94	-1119.56	4038.44	5158.00	9196.44	74756.74	-1.50	12.30	50.41	14	日换手率达到30的前5只证券	20201125	星期三
42	300807	天迈科技	主力做T，成功率25.55	56.90	1.39	-1112.07	2887.20	3999.27	6886.48	43214.69	-2.57	15.94	44.18	10	日换手率达到30的前5只证券	20201125	星期三
43	300819	聚杰微纤	实力游资买入，成功率42.77	50.01	1.85	39.02	4054.75	4015.72	8070.47	47505.40	0.08	16.99	38.84	12	日换手率达到30的前5只证券	20201125	星期三
44	300822	贝仕达克	4家机构买入，成功率47.67	62.74	3.84	3674.08	15835.98	12161.90	27997.87	172043.22	2.14	16.27	36.90	17	连续三个交易日内，涨幅偏离值累计达到30的证券	20201125	星期三
45	300890	翔丰华	江苏资金买入，成功率32.48	71.00	9.52	5845.02	10151.05	4306.03	14457.07	79324.40	7.37	18.23	46.67	17	日换手率达到30的前5只证券	20201125	星期三
46	600105	永鼎股份	卖一主卖，成功率32.27	6.90	-5.48	9808.32	35821.46	26013.13	61834.59	97156.59	10.10	63.64	9.78	94	有价格涨跌幅限制的日价格振幅达到15的前三只证券	20201125	星期三
47	600363	联创光电	上海资金卖出，成功率57.11	26.82	-10.00	-7878.84	20333.16	28212.00	48545.16	121034.82	-6.51	40.11	9.56	119	有价格涨跌幅限制的日收盘价格跌幅偏离值达到7的前三只证券	20201125	星期三
48	600616	金枫酒业	实力游资卖出，成功率31.54	7.38	-10.00	-1803.20	4842.77	6645.98	11488.75	45862.98	-3.93	25.05	9.22	49	有价格涨跌幅限制的日收盘价格跌幅偏离值达到7的前三只证券	20201125	星期三
49	600679	上海凤凰	广东资金买入，成功率57.56	15.20	9.04	254.36	2343.01	2088.65	4431.66	27121.14	0.94	16.34	8.33	35	有价格涨跌幅限制的日价格振幅达到15的前三只证券	20201125	星期三
50	600723	首商股份	实力游资卖出，成功率43.52	9.71	-10.01	-588.39	3266.55	3854.94	7121.49	20451.19	-2.88	34.82	3.18	64	有价格涨跌幅限制的日收盘价格跌幅偏离值达到7的前三只证券	20201125	星期三
51	600723	首商股份	上海资金卖出，成功率41.67	9.71	-10.01	-1244.09	5815.47	7059.56	12875.03	57374.13	-2.17	22.44	3.18	64	非ST、*ST和S证券连续三个交易日内收盘价格跌幅偏离值累计达到20的证券	20201125	星期三
52	600731	湖南海利	实力游资买入，成功率35.48	11.83	10.05	2774.74	9263.34	6488.59	15751.93	39895.47	6.96	39.48	10.46	39	有价格涨跌幅限制的日收盘价格涨幅偏离值达到7的前三只证券	20201125	星期三
53	600979	广安爱众	实力游资买入，成功率39.85	3.97	9.97	1741.22	3886.28	2145.06	6031.35	18493.37	9.42	32.61	2.66	49	非ST、*ST和S证券连续三个交易日内收盘价格涨幅偏离值累计达到20的证券	20201125	星期三
54	601127	小康股份	实力游资买入，成功率41.34	19.64	10.03	-5731.89	13942.59	19674.48	33617.06	77316.64	-7.41	43.48	4.35	183	有价格涨跌幅限制的日收盘价格涨幅偏离值达到7的前三只证券	20201125	星期三
55	601127	小康股份	实力游资买入，成功率44.90	19.64	10.03	-1997.75	18641.98	20639.73	39281.71	118188.81	-1.69	33.24	4.35	183	非ST、*ST和S证券连续三个交易日内收盘价格涨幅偏离值累计达到20的证券	20201125	星期三
56	603602	纵横通信	实力游资买入，成功率42.91	12.72	10.03	2129.28	3465.64	1336.36	4802.00	9723.08	21.90	49.39	3.82	26	有价格涨跌幅限制的日收盘价格涨幅偏离值达到7的前三只证券	20201125	星期三
57	603619	中曼石油	实力游资买入，成功率44.94	11.87	10.01	1211.97	3946.67	2734.70	6681.38	57627.80	2.10	11.59	9.02	47	非ST、*ST和S证券连续三个交易日内收盘价格涨幅偏离值累计达到20的证券	20201125	星期三
58	603948	建业股份	实力游资卖出，成功率41.77	26.35	-8.16	-870.59	2342.47	3213.05	5555.52	47669.89	-1.83	11.65	41.06	11	有价格涨跌幅限制的日价格振幅达到15的前三只证券	20201125	星期三
59	603948	建业股份	实力游资卖出，成功率41.77	26.35	-8.16	-870.59	2342.47	3213.05	5555.52	47669.89	-1.83	11.65	41.06	11	有价格涨跌幅限制的日换手率达到20的前三只证券	20201125	星期三
60	605007	五洲特纸	实力游资买入，成功率63.02	26.76	6.61	1204.26	5749.91	4545.65	10295.56	53919.22	2.23	19.09	51.64	11	有价格涨跌幅限制的日换手率达到20的前三只证券	20201125	星期三
61	605068	明新旭腾	实力游资买入，成功率26.14	40.37	10.00	3118.95	6032.77	2913.82	8946.60	90681.92	3.44	9.87	54.95	17	非ST、*ST和S证券连续三个交易日内收盘价格涨幅偏离值累计达到20的证券	20201125	星期三
62	605068	明新旭腾	实力游资买入，成功率26.14	40.37	10.00	3127.02	6032.77	2905.75	8938.52	90251.64	3.46	9.90	54.95	17	有价格涨跌幅限制的日换手率达到20的前三只证券	20201125	星期三
63	605177	N东亚	买一主买，成功率74.90	44.83	44.01	913.31	979.32	66.01	1045.33	979.32	93.26	106.74	0.77	13	无价格涨跌幅限制的证券	20201125	星期三
64	605177	N东亚	买一主买，成功率74.90	44.83	44.01	913.31	979.32	66.01	1045.33	979.32	93.26	106.74	0.77	13	当日无价格涨跌幅限制的A股，出现异常波动停牌的	20201125	星期三
