1	000029	深深房A	实力游资买入，成功率31.45	11.89	9.99	-3915.43	12616.87	16532.30	29149.18	109399.04	-3.58	26.64	10.93	106	日涨幅偏离值达到7的前5只证券	20201109	星期一
2	000039	中集集团	主力做T，成功率34.19	16.28	10.00	-9476.90	19627.84	29104.75	48732.59	165111.74	-5.74	29.51	6.91	250	日涨幅偏离值达到7的前5只证券	20201109	星期一
3	000550	江铃汽车	实力游资买入，成功率36.95	23.22	10.00	9753.36	17383.72	7630.37	25014.09	91490.55	10.66	27.34	7.78	120	日涨幅偏离值达到7的前5只证券	20201109	星期一
4	000776	广发证券	买一主买，成功率34.90	17.67	10.02	47973.25	78585.49	30612.25	109197.74	318984.21	15.04	34.23	3.14	1046	日涨幅偏离值达到7的前5只证券	20201109	星期一
5	000807	云铝股份	1家机构买入，成功率42.61	6.72	9.98	11033.70	20642.81	9609.10	30251.91	100230.30	11.01	30.18	5.81	175	日涨幅偏离值达到7的前5只证券	20201109	星期一
6	000939	凯迪退	卖一主卖，成功率32.22	0.77	-10.47	0.00	0.04	0.04	0.08	0.04	0.00	200.00	0.00	23	退市整理期	20201109	星期一
7	002049	紫光国微	买一主买，成功率30.94	116.27	10.00	16137.52	51623.34	35485.82	87109.17	299790.04	5.38	29.06	4.36	705	日涨幅偏离值达到7的前5只证券	20201109	星期一
8	002354	*ST天娱	实力游资卖出，成功率62.67	3.38	-5.06	-3247.35	1473.91	4721.26	6195.16	14039.63	-23.13	44.13	2.51	24	连续三个交易日内，跌幅偏离值累计达到12的ST证券、*ST证券	20201109	星期一
9	002384	东山精密	1家机构买入，成功率45.52	29.34	10.01	75443.27	103066.92	27623.65	130690.56	293841.12	25.67	44.48	8.08	371	日涨幅偏离值达到7的前5只证券	20201109	星期一
10	002459	晶澳科技	湖北资金卖出，成功率38.30	32.83	-10.01	-4821.44	1274.79	6096.23	7371.02	6959.30	-69.28	105.92	0.55	128	日跌幅偏离值达到7的前5只证券	20201109	星期一
11	002459	晶澳科技	3家机构卖出，成功率46.31	32.83	-10.01	-10656.61	12853.98	23510.60	36364.58	112745.01	-9.45	32.25	0.55	128	连续三个交易日内，跌幅偏离值累计达到20的证券	20201109	星期一
12	002466	天齐锂业	1家机构买入，成功率37.15	26.33	9.98	32887.18	65543.19	32656.00	98199.19	404995.51	8.12	24.25	10.84	388	日涨幅偏离值达到7的前5只证券	20201109	星期一
13	002569	ST步森	实力游资卖出，成功率48.72	12.20	-4.91	-1100.02	647.93	1747.95	2395.88	4924.08	-22.34	48.66	1.58	17	连续三个交易日内，跌幅偏离值累计达到12的ST证券、*ST证券	20201109	星期一
14	002575	*ST群兴	卖一主卖，成功率36.67	4.21	-3.44	-555.52	2043.48	2599.00	4642.48	6391.00	-8.69	72.64	0.84	25	连续三个交易日内，跌幅偏离值累计达到12的ST证券、*ST证券	20201109	星期一
15	002617	露笑科技	买一主买，成功率48.13	8.24	10.01	18525.80	24441.38	5915.58	30356.96	86491.73	21.42	35.10	9.12	98	日涨幅偏离值达到7的前5只证券	20201109	星期一
16	002750	龙津药业	实力游资买入，成功率25.87	9.83	9.96	-337.13	5752.47	6089.59	11842.06	28220.96	-1.19	41.96	6.18	39	连续三个交易日内，涨幅偏离值累计达到20的证券	20201109	星期一
17	002816	和科达	广东资金卖出，成功率34.22	31.95	-6.20	-1908.23	1361.93	3270.16	4632.09	12592.76	-15.15	36.78	3.89	31	日振幅值达到15的前5只证券	20201109	星期一
18	002816	和科达	广东资金卖出，成功率34.22	31.95	-6.20	-1908.23	1361.93	3270.16	4632.09	12592.76	-15.15	36.78	3.89	31	日跌幅偏离值达到7的前5只证券	20201109	星期一
19	002824	和胜股份	主力做T，成功率39.65	19.56	10.01	-1669.29	4318.00	5987.29	10305.29	47274.98	-3.53	21.80	13.80	21	连续三个交易日内，涨幅偏离值累计达到20的证券	20201109	星期一
20	002919	名臣健康	1家机构卖出，成功率26.46	52.83	-10.00	-2821.00	1929.85	4750.84	6680.69	12179.57	-23.16	54.85	4.99	24	日跌幅偏离值达到7的前5只证券	20201109	星期一
21	002998	优彩资源	广东资金买入，成功率55.25	10.35	9.99	3855.35	5719.55	1864.20	7583.75	25054.38	15.39	30.27	30.48	8	日换手率达到20的前5只证券	20201109	星期一
22	003002	壶化股份	实力游资买入，成功率38.13	16.75	2.38	-180.62	1386.44	1567.06	2953.50	21768.42	-0.83	13.57	26.21	8	日换手率达到20的前5只证券	20201109	星期一
23	003009	中天火箭	1家机构买入，成功率42.87	71.38	10.00	8494.23	12135.18	3640.95	15776.13	89870.19	9.45	17.55	34.63	28	日涨幅偏离值达到7的前5只证券	20201109	星期一
24	003009	中天火箭	1家机构买入，成功率42.87	71.38	10.00	8494.23	12135.18	3640.95	15776.13	89870.19	9.45	17.55	34.63	28	日换手率达到20的前5只证券	20201109	星期一
25	003015	日久光电	实力游资买入，成功率36.89	19.59	9.99	1011.45	6014.43	5002.98	11017.41	58962.34	1.72	18.69	44.81	14	日换手率达到20的前5只证券	20201109	星期一
26	003017	大洋生物	实力游资卖出，成功率28.71	56.38	-2.10	-746.80	2525.43	3272.23	5797.66	23079.99	-3.24	25.12	27.67	8	日换手率达到20的前5只证券	20201109	星期一
27	200029	深深房B	主力做T，成功率34.16	4.78	-9.98	-78.95	353.67	432.62	786.30	1073.77	-7.35	73.23	2.19	5	日跌幅偏离值达到7的前5只证券	20201109	星期一
28	300333	兆日科技	1家机构买入，成功率45.45	14.04	20.00	8769.05	14226.73	5457.68	19684.41	60990.06	14.38	32.27	14.06	47	日涨幅达到15的前5只证券	20201109	星期一
29	300431	暴风退	主力做T，成功率22.78	0.28	-3.45	0.92	209.68	208.76	418.44	799.41	0.12	52.34	11.23	1	退市整理期	20201109	星期一
30	300538	同益股份	福建资金买入，成功率46.30	30.84	20.00	-1466.34	6678.51	8144.85	14823.36	52331.34	-2.80	28.33	22.43	24	日涨幅达到15的前5只证券	20201109	星期一
31	300538	同益股份	主力做T，成功率37.79	30.84	20.00	834.31	9478.28	8643.97	18122.25	78214.50	1.07	23.17	22.43	24	连续三个交易日内，涨幅偏离值累计达到30的证券	20201109	星期一
32	300565	科信技术	1家机构买入，成功率43.83	20.17	19.99	2706.10	7299.28	4593.18	11892.46	44059.90	6.14	26.99	14.56	31	日涨幅达到15的前5只证券	20201109	星期一
33	300590	移为通信	1家机构买入，成功率38.97	32.00	7.93	688.91	9104.14	8415.23	17519.37	226257.70	0.30	7.74	17.29	55	连续三个交易日内，涨幅偏离值累计达到30的证券	20201109	星期一
34	300623	捷捷微电	实力游资买入，成功率45.89	53.33	20.00	10104.43	21023.36	10918.93	31942.29	216722.09	4.66	14.74	11.99	190	日涨幅达到15的前5只证券	20201109	星期一
35	300677	英科医疗	买一主买，成功率46.46	144.60	20.00	21658.76	49917.82	28259.06	78176.89	296527.00	7.30	26.36	9.31	335	日涨幅达到15的前5只证券	20201109	星期一
36	300781	因赛集团	1家机构买入，成功率40.14	54.08	1.83	2286.56	6626.50	4339.93	10966.43	70476.31	3.24	15.56	48.21	15	日换手率达到30的前5只证券	20201109	星期一
37	300807	天迈科技	1家机构卖出，成功率43.24	51.64	-4.35	550.74	4037.04	3486.30	7523.34	36289.31	1.52	20.73	41.55	9	日换手率达到30的前5只证券	20201109	星期一
38	300809	华辰装备	1家机构买入，成功率43.84	28.45	4.56	-2973.88	3706.10	6679.98	10386.09	61017.84	-4.87	17.02	56.65	11	日换手率达到30的前5只证券	20201109	星期一
39	300890	翔丰华	买一主买，成功率38.06	66.69	3.85	3303.88	7823.90	4520.02	12343.93	59225.75	5.58	20.84	38.38	16	日换手率达到30的前5只证券	20201109	星期一
40	300902	国安达	1家机构买入，成功率41.77	60.48	3.92	3065.07	7253.03	4187.95	11440.98	89951.85	3.41	12.72	50.24	18	日换手率达到30的前5只证券	20201109	星期一
41	600428	中远海特	实力游资买入，成功率37.36	4.25	10.10	-5758.97	4998.29	10757.26	15755.55	53489.32	-10.77	29.46	6.04	91	有价格涨跌幅限制的日收盘价格涨幅偏离值达到7的前三只证券	20201109	星期一
42	600428	中远海特	江苏资金买入，成功率32.36	4.25	10.10	-1109.95	10463.35	11573.30	22036.66	95475.42	-1.16	23.08	6.04	91	非ST、*ST和S证券连续三个交易日内收盘价格涨幅偏离值累计达到20的证券	20201109	星期一
43	600807	济南高新	实力游资买入，成功率36.37	4.45	1.83	866.17	2663.22	1797.05	4460.27	20102.52	4.31	22.19	5.94	35	有价格涨跌幅限制的日价格振幅达到15的前三只证券	20201109	星期一
44	601187	厦门银行	浙江资金买入，成功率34.77	9.11	10.02	-4696.56	10123.36	14819.92	24943.27	95247.56	-4.93	26.19	42.00	24	有价格涨跌幅限制的日换手率达到20的前三只证券	20201109	星期一
45	601598	中国外运	1家机构买入，成功率54.16	4.90	10.11	3680.93	8148.98	4468.05	12617.03	41844.75	8.80	30.15	6.43	66	有价格涨跌幅限制的日收盘价格涨幅偏离值达到7的前三只证券	20201109	星期一
46	601866	中远海发	实力游资买入，成功率34.93	2.83	10.12	-1725.64	9947.75	11673.39	21621.14	61304.84	-2.81	35.27	2.81	224	有价格涨跌幅限制的日收盘价格涨幅偏离值达到7的前三只证券	20201109	星期一
47	603185	上机数控	4家机构卖出，成功率38.85	75.20	-6.21	-20103.58	8269.94	28373.52	36643.46	68126.94	-29.51	53.79	15.59	44	有价格涨跌幅限制的日收盘价格跌幅偏离值达到7的前三只证券	20201109	星期一
48	603348	文灿股份	1家机构买入，成功率46.34	31.20	0.91	3257.08	9249.70	5992.62	15242.32	40102.58	8.12	38.01	13.80	29	有价格涨跌幅限制的日价格振幅达到15的前三只证券	20201109	星期一
49	603615	茶花股份	1家机构买入，成功率29.15	13.71	8.72	927.45	6387.34	5459.89	11847.23	45918.81	2.02	25.80	8.20	33	非ST、*ST和S证券连续三个交易日内收盘价格涨幅偏离值累计达到20的证券	20201109	星期一
50	603931	格林达	实力游资买入，成功率40.64	53.60	7.52	-1625.87	2268.18	3894.04	6162.22	42466.75	-3.83	14.51	31.98	14	有价格涨跌幅限制的日换手率达到20的前三只证券	20201109	星期一
51	605111	新洁能	1家机构买入，成功率39.20	164.93	10.00	1774.58	28421.60	26647.02	55068.62	219291.94	0.81	25.11	10.62	42	非ST、*ST和S证券连续三个交易日内收盘价格涨幅偏离值累计达到20的证券	20201109	星期一
52	605136	丽人丽妆	买一主买，成功率38.68	41.69	10.00	-1815.64	5524.98	7340.62	12865.60	52097.58	-3.49	24.70	32.22	17	有价格涨跌幅限制的日换手率达到20的前三只证券	20201109	星期一
53	605358	立昂微	实力游资买入，成功率58.37	69.30	10.00	-3981.86	15837.11	19818.97	35656.08	144016.51	-2.76	24.76	8.96	28	非ST、*ST和S证券连续三个交易日内收盘价格涨幅偏离值累计达到20的证券	20201109	星期一
54	688179	阿拉丁	广东资金买入，成功率35.78	55.00	15.72	2297.36	5872.98	3575.62	9448.59	36201.51	6.35	26.10	31.01	13	有价格涨跌幅限制的日收盘价格涨幅达到15的前五只证券	20201109	星期一
55	688179	阿拉丁	广东资金买入，成功率35.78	55.00	15.72	2297.36	5872.98	3575.62	9448.59	36201.51	6.35	26.10	31.01	13	有价格涨跌幅限制的日换手率达到30的前五只证券	20201109	星期一
56	688189	南新制药	1家机构买入，成功率57.39	60.48	20.00	1322.42	4970.24	3647.82	8618.07	21205.54	6.24	40.64	10.62	20	有价格涨跌幅限制的日收盘价格涨幅达到15的前五只证券	20201109	星期一
57	688508	芯朋微	1家机构买入，成功率41.36	131.88	20.00	2969.51	13265.36	10295.84	23561.20	63982.14	4.64	36.82	19.47	34	有价格涨跌幅限制的日收盘价格涨幅达到15的前五只证券	20201109	星期一
58	688521	芯原股份	买一主买，成功率38.50	109.72	20.00	5458.84	12585.48	7126.64	19712.12	54978.18	9.93	35.85	12.50	47	有价格涨跌幅限制的日收盘价格涨幅达到15的前五只证券	20201109	星期一
59	688595	芯海科技	1家机构买入，成功率36.41	81.00	15.60	557.50	9701.64	9144.15	18845.79	67552.31	0.83	27.90	41.88	16	有价格涨跌幅限制的日收盘价格涨幅达到15的前五只证券	20201109	星期一
60	688595	芯海科技	1家机构买入，成功率36.41	81.00	15.60	557.50	9701.64	9144.15	18845.79	67552.31	0.83	27.90	41.88	16	有价格涨跌幅限制的日换手率达到30的前五只证券	20201109	星期一
61	689009	九号公司	2家机构卖出，成功率33.01	68.04	-0.82	-870.14	13859.41	14729.55	28588.97	151792.77	-0.57	18.83	-	-	有价格涨跌幅限制的日换手率达到30的前五只证券	20201109	星期一
62	900919	绿庭B股	买一主买，成功率40.50	0.29	9.89	15.23	57.39	42.16	99.55	109.97	13.85	90.52	1.11	1	有价格涨跌幅限制的日收盘价格涨幅偏离值达到7的前三只证券	20201109	星期一
