1	000029	深深房A	实力游资卖出，成功率32.91	8.98	-6.75	-1562.10	2277.31	3839.41	6116.72	39785.67	-3.93	15.37	4.92	80	日跌幅偏离值达到7的前5只证券	20201112	星期四
2	000029	深深房A	实力游资卖出，成功率38.53	8.98	-6.75	-9546.80	9556.63	19103.42	28660.05	174804.66	-5.46	16.40	4.92	80	连续三个交易日内，跌幅偏离值累计达到20的证券	20201112	星期四
3	000034	神州数码	主力做T，成功率38.19	35.80	6.42	-12167.13	41770.21	53937.34	95707.54	840838.10	-1.45	11.38	14.87	178	连续三个交易日内，涨幅偏离值累计达到20的证券	20201112	星期四
4	000545	金浦钛业	实力游资买入，成功率51.44	3.01	9.85	3483.76	6774.10	3290.34	10064.44	29100.49	11.97	34.59	10.67	29	日振幅值达到15的前5只证券	20201112	星期四
5	000545	金浦钛业	实力游资买入，成功率51.44	3.01	9.85	3483.76	6774.10	3290.34	10064.44	29100.49	11.97	34.59	10.67	29	日涨幅偏离值达到7的前5只证券	20201112	星期四
6	000545	金浦钛业	实力游资买入，成功率45.22	3.01	9.85	5608.75	9735.02	4126.26	13861.28	43945.19	12.76	31.54	10.67	29	连续三个交易日内，涨幅偏离值累计达到20的证券	20201112	星期四
7	000570	苏常柴A	1家机构卖出，成功率41.86	5.42	-7.67	-3478.23	1506.44	4984.67	6491.12	28934.78	-12.02	22.43	12.38	22	日振幅值达到15的前5只证券	20201112	星期四
8	000570	苏常柴A	1家机构卖出，成功率41.86	5.42	-7.67	-3478.23	1506.44	4984.67	6491.12	28934.78	-12.02	22.43	12.38	22	日跌幅偏离值达到7的前5只证券	20201112	星期四
9	000571	*ST大洲	浙江资金买入，成功率56.90	3.06	5.15	189.63	911.26	721.63	1632.89	3898.78	4.86	41.88	0.69	25	连续三个交易日内，涨幅偏离值累计达到12的ST证券、*ST证券和未完成股改证券	20201112	星期四
10	000608	阳光股份	买一主买，成功率28.19	4.16	10.05	2527.46	4070.30	1542.84	5613.14	11133.36	22.70	50.42	3.66	31	日涨幅偏离值达到7的前5只证券	20201112	星期四
11	000622	恒立实业	1家机构买入，成功率43.24	4.25	10.10	1432.77	3911.04	2478.27	6389.31	12725.13	11.26	50.21	7.23	18	日涨幅偏离值达到7的前5只证券	20201112	星期四
12	000669	*ST金鸿	1家机构买入，成功率15.95	2.38	4.85	165.27	1022.82	857.55	1880.37	9106.80	1.81	20.65	2.44	16	连续三个交易日内，涨幅偏离值累计达到12的ST证券、*ST证券和未完成股改证券	20201112	星期四
13	000695	滨海能源	实力游资卖出，成功率53.89	7.40	-8.64	-2075.66	2497.17	4572.83	7070.00	18702.39	-11.10	37.80	10.95	16	日振幅值达到15的前5只证券	20201112	星期四
14	000695	滨海能源	实力游资卖出，成功率53.89	7.40	-8.64	-2075.66	2497.17	4572.83	7070.00	18702.39	-11.10	37.80	10.95	16	日跌幅偏离值达到7的前5只证券	20201112	星期四
15	000816	智慧农业	主力做T，成功率26.60	4.70	10.07	-5556.75	8546.31	14103.06	22649.37	141013.08	-3.94	16.06	22.79	63	日涨幅偏离值达到7的前5只证券	20201112	星期四
16	000816	智慧农业	主力做T，成功率33.59	4.70	10.07	1926.75	15404.25	13477.50	28881.75	219961.34	0.88	13.13	22.79	63	连续三个交易日内，涨幅偏离值累计达到20的证券	20201112	星期四
17	000816	智慧农业	主力做T，成功率26.60	4.70	10.07	-5556.75	8546.31	14103.06	22649.37	141013.08	-3.94	16.06	22.79	63	日换手率达到20的前5只证券	20201112	星期四
18	000923	河钢资源	1家机构买入，成功率54.97	19.48	9.99	4347.59	12158.21	7810.62	19968.83	44491.43	9.77	44.88	3.83	122	日涨幅偏离值达到7的前5只证券	20201112	星期四
19	000939	凯迪退	卖一主卖，成功率30.00	0.56	-9.68	-0.22	0.69	0.91	1.60	0.91	-24.54	175.46	0.00	17	退市整理期	20201112	星期四
20	002035	华帝股份	实力游资买入，成功率38.84	10.00	10.01	-4524.13	9017.64	13541.77	22559.41	54247.46	-8.34	41.59	7.15	78	日涨幅偏离值达到7的前5只证券	20201112	星期四
21	002099	海翔药业	卖一主卖，成功率31.01	8.69	-8.43	-2316.21	10063.71	12379.93	22443.64	50050.80	-4.63	44.84	3.52	140	日跌幅偏离值达到7的前5只证券	20201112	星期四
22	002113	*ST天润	1家机构买入，成功率39.52	1.74	4.82	1405.22	2816.78	1411.56	4228.34	19256.31	7.30	21.96	5.25	16	连续三个交易日内，涨幅偏离值累计达到12的ST证券、*ST证券	20201112	星期四
23	002141	贤丰控股	实力游资买入，成功率34.73	3.29	10.03	626.39	4908.69	4282.30	9190.98	32994.02	1.90	27.86	16.14	21	日涨幅偏离值达到7的前5只证券	20201112	星期四
24	002141	贤丰控股	主力做T，成功率52.93	3.29	10.03	3895.20	8855.57	4960.37	13815.93	48661.41	8.00	28.39	16.14	21	连续三个交易日内，涨幅偏离值累计达到20的证券	20201112	星期四
25	002163	海南发展	1家机构买入，成功率44.14	20.39	9.98	5501.75	14339.80	8838.05	23177.85	111041.00	4.95	20.87	6.89	164	日涨幅偏离值达到7的前5只证券	20201112	星期四
26	002230	科大讯飞	主力做T，成功率36.18	44.00	10.00	26472.36	76744.90	50272.54	127017.43	452473.97	5.85	28.07	5.18	891	日涨幅偏离值达到7的前5只证券	20201112	星期四
27	002290	ST中科创	主力做T，成功率52.02	7.20	4.96	-286.66	1671.82	1958.48	3630.30	12527.05	-2.29	28.98	3.78	16	连续三个交易日内，涨幅偏离值累计达到12的ST证券、*ST证券	20201112	星期四
28	002501	*ST利源	买一主买，成功率27.21	1.83	5.17	27.99	1332.70	1304.71	2637.42	7324.07	0.38	36.01	1.50	21	连续三个交易日内，涨幅偏离值累计达到12的ST证券、*ST证券	20201112	星期四
29	002507	涪陵榨菜	4家机构卖出，成功率47.63	37.60	-8.00	-3225.57	53600.03	56825.60	110425.63	211464.37	-1.53	52.22	7.14	292	日跌幅偏离值达到7的前5只证券	20201112	星期四
30	002612	朗姿股份	实力游资买入，成功率55.36	13.90	9.97	3029.20	6596.48	3567.28	10163.77	46237.91	6.55	21.98	12.99	36	日涨幅偏离值达到7的前5只证券	20201112	星期四
31	002646	青青稞酒	买一主买，成功率46.75	13.75	10.00	1972.30	9502.09	7529.79	17031.89	51153.21	3.86	33.30	4.48	62	连续三个交易日内，涨幅偏离值累计达到20的证券	20201112	星期四
32	002750	龙津药业	实力游资卖出，成功率37.65	8.76	-9.97	-845.18	2466.94	3312.12	5779.06	25720.92	-3.29	22.47	7.30	35	日跌幅偏离值达到7的前5只证券	20201112	星期四
33	002919	名臣健康	实力游资买入，成功率34.76	43.99	2.78	934.60	5183.93	4249.34	9433.27	23234.38	4.02	40.60	12.83	20	日振幅值达到15的前5只证券	20201112	星期四
34	002996	顺博合金	1家机构卖出，成功率32.29	13.96	-5.03	-1475.21	1782.73	3257.93	5040.66	20388.63	-7.24	24.72	27.72	7	日换手率达到20的前5只证券	20201112	星期四
35	002998	优彩资源	1家机构卖出，成功率73.70	10.51	-0.85	-273.42	2436.93	2710.35	5147.28	18135.83	-1.51	28.38	21.14	9	日换手率达到20的前5只证券	20201112	星期四
36	003002	壶化股份	1家机构卖出，成功率45.98	16.63	-2.46	-643.17	3289.95	3933.12	7223.07	23030.54	-2.79	31.36	27.64	8	日换手率达到20的前5只证券	20201112	星期四
37	003009	中天火箭	2家机构卖出，成功率29.24	66.70	-5.66	-3959.08	3194.63	7153.72	10348.35	64481.86	-6.14	16.05	24.44	26	日换手率达到20的前5只证券	20201112	星期四
38	003015	日久光电	实力游资卖出，成功率52.30	16.63	-6.31	-1077.09	2143.97	3221.07	5365.04	30456.52	-3.54	17.62	25.83	12	日换手率达到20的前5只证券	20201112	星期四
39	200029	深深房B	广东资金卖出，成功率27.03	3.51	-9.30	-44.73	265.84	310.56	576.40	1006.15	-4.45	57.29	2.81	4	日跌幅偏离值达到7的前5只证券	20201112	星期四
40	300019	硅宝科技	实力游资买入，成功率52.49	19.98	20.00	6257.97	12803.47	6545.50	19348.97	89956.54	6.96	21.51	17.96	54	日涨幅达到15的前5只证券	20201112	星期四
41	300350	华鹏飞	广东资金买入，成功率37.07	8.18	19.94	10687.31	12903.74	2216.43	15120.17	52430.56	20.38	28.84	20.67	27	日涨幅达到15的前5只证券	20201112	星期四
42	300555	路通视信	1家机构买入，成功率38.93	16.08	20.00	-3025.78	7917.46	10943.24	18860.71	95996.74	-3.15	19.65	36.53	28	日涨幅达到15的前5只证券	20201112	星期四
43	300555	路通视信	1家机构买入，成功率39.57	16.08	20.00	-1214.68	12125.65	13340.33	25465.98	158239.90	-0.77	16.09	36.53	28	连续三个交易日内，涨幅偏离值累计达到30的证券	20201112	星期四
44	300670	大烨智能	1家机构买入，成功率39.15	12.38	19.96	4451.21	7152.17	2700.96	9853.13	45097.37	9.87	21.85	21.37	22	日涨幅达到15的前5只证券	20201112	星期四
45	300727	润禾材料	实力游资买入，成功率42.82	29.52	20.00	1416.31	5691.94	4275.63	9967.57	60674.87	2.33	16.43	59.45	11	日涨幅达到15的前5只证券	20201112	星期四
46	300727	润禾材料	实力游资买入，成功率42.82	29.52	20.00	1416.31	5691.94	4275.63	9967.57	60674.87	2.33	16.43	59.45	11	日振幅值达到30的前5只证券	20201112	星期四
47	300727	润禾材料	实力游资买入，成功率42.82	29.52	20.00	1416.31	5691.94	4275.63	9967.57	60674.87	2.33	16.43	59.45	11	日换手率达到30的前5只证券	20201112	星期四
48	300821	东岳硅材	1家机构买入，成功率55.85	15.62	10.78	3224.85	13026.18	9801.33	22827.51	185061.10	1.74	12.34	41.44	47	日换手率达到30的前5只证券	20201112	星期四
49	300884	狄耐克	西藏自治区资金买入，成功率31.05	76.60	208.00	2393.27	6354.81	3961.54	10316.34	142316.74	1.68	7.25	65.65	-	无价格涨跌幅限制的证券	20201112	星期四
50	300890	翔丰华	1家机构卖出，成功率42.37	68.30	-4.48	545.08	8501.48	7956.40	16457.88	66991.15	0.81	24.57	40.55	16	日换手率达到30的前5只证券	20201112	星期四
51	300891	惠云钛业	2家机构买入，成功率44.72	22.10	4.59	1076.30	7793.82	6717.53	14511.35	104651.08	1.03	13.87	50.93	21	日换手率达到30的前5只证券	20201112	星期四
52	300903	科翔股份	2家机构卖出，成功率35.25	59.34	-10.35	-4833.23	4426.98	9260.21	13687.20	96472.26	-5.01	14.19	38.50	24	日换手率达到30的前5只证券	20201112	星期四
53	600189	吉林森工	买一主买，成功率43.24	8.70	9.99	814.86	9359.43	8544.57	17904.00	83454.72	0.98	21.45	11.43	43	非ST、*ST和S证券连续三个交易日内收盘价格涨幅偏离值累计达到20的证券	20201112	星期四
54	600321	正源股份	实力游资买入，成功率33.50	2.62	10.08	1114.94	1962.54	847.60	2810.13	3789.19	29.42	74.16	0.96	40	有价格涨跌幅限制的日收盘价格涨幅偏离值达到7的前三只证券	20201112	星期四
55	600321	正源股份	江苏资金买入，成功率41.29	2.62	10.08	2611.65	4120.52	1508.87	5629.38	16610.91	15.72	33.89	0.96	40	非ST、*ST和S证券连续三个交易日内收盘价格涨幅偏离值累计达到20的证券	20201112	星期四
56	600336	澳柯玛	实力游资买入，成功率49.48	8.95	9.95	2398.66	10773.18	8374.52	19147.70	149483.51	1.60	12.81	15.40	70	非ST、*ST和S证券连续三个交易日内收盘价格涨幅偏离值累计达到20的证券	20201112	星期四
57	600396	金山股份	买一主买，成功率30.63	2.71	10.16	1693.93	4114.15	2420.23	6534.38	20316.71	8.34	32.16	5.16	40	有价格涨跌幅限制的日收盘价格涨幅偏离值达到7的前三只证券	20201112	星期四
58	600491	龙元建设	江苏资金卖出，成功率46.32	6.82	-10.03	-3559.65	2401.05	5960.70	8361.75	14836.16	-23.99	56.36	1.40	104	有价格涨跌幅限制的日收盘价格跌幅偏离值达到7的前三只证券	20201112	星期四
59	600543	莫高股份	实力游资买入，成功率47.19	8.43	10.05	-1603.01	5197.23	6800.24	11997.47	61088.85	-2.62	19.64	18.31	27	非ST、*ST和S证券连续三个交易日内收盘价格涨幅偏离值累计达到20的证券	20201112	星期四
60	600573	惠泉啤酒	广东资金买入，成功率32.65	10.00	9.89	839.06	3727.90	2888.84	6616.73	32758.79	2.56	20.20	13.70	25	有价格涨跌幅限制的日价格振幅达到15的前三只证券	20201112	星期四
61	600648	外高桥	实力游资卖出，成功率30.06	15.50	-9.99	848.30	8974.49	8126.19	17100.69	41570.31	2.04	41.14	2.72	145	有价格涨跌幅限制的日收盘价格跌幅偏离值达到7的前三只证券	20201112	星期四
62	600686	金龙汽车	实力游资卖出，成功率32.44	7.62	-7.19	-5175.33	10255.12	15430.45	25685.57	169774.48	-3.05	15.13	8.98	46	非ST、*ST和S证券连续三个交易日内收盘价格跌幅偏离值累计达到20的证券	20201112	星期四
63	600898	*ST美讯	实力游资买入，成功率40.68	7.59	4.98	-24.67	2751.34	2776.01	5527.35	14163.52	-0.17	39.03	3.51	19	ST、*ST和S证券连续三个交易日内收盘价格涨幅偏离值累计达到15的证券	20201112	星期四
64	601008	连云港	实力游资买入，成功率17.01	3.81	10.12	1928.59	4420.58	2491.98	6912.56	23132.15	8.34	29.88	6.07	39	有价格涨跌幅限制的日收盘价格涨幅偏离值达到7的前三只证券	20201112	星期四
65	601702	华峰铝业	实力游资卖出，成功率39.18	8.01	-4.07	-5436.06	7935.80	13371.86	21307.66	132881.22	-4.09	16.04	63.26	20	有价格涨跌幅限制的日价格振幅达到15的前三只证券	20201112	星期四
66	601702	华峰铝业	实力游资卖出，成功率39.18	8.01	-4.07	-5436.06	7935.80	13371.86	21307.66	132881.22	-4.09	16.04	63.26	20	有价格涨跌幅限制的日换手率达到20的前三只证券	20201112	星期四
67	603126	中材节能	实力游资买入，成功率47.73	5.91	10.06	4045.36	5743.24	1697.88	7441.11	21680.00	18.66	34.32	2.78	36	非ST、*ST和S证券连续三个交易日内收盘价格涨幅偏离值累计达到20的证券	20201112	星期四
68	603198	迎驾贡酒	实力游资买入，成功率44.00	36.27	10.01	-1465.04	26373.57	27838.61	54212.18	393303.01	-0.37	13.78	5.39	290	非ST、*ST和S证券连续三个交易日内收盘价格涨幅偏离值累计达到20的证券	20201112	星期四
69	603333	尚纬股份	卖一主卖，成功率53.78	8.71	-10.02	-430.70	9428.94	9859.63	19288.57	72162.69	-0.60	26.73	14.94	45	有价格涨跌幅限制的日价格振幅达到15的前三只证券	20201112	星期四
70	603333	尚纬股份	卖一主卖，成功率53.78	8.71	-10.02	-430.70	9428.94	9859.63	19288.57	72162.69	-0.60	26.73	14.94	45	有价格涨跌幅限制的日收盘价格跌幅偏离值达到7的前三只证券	20201112	星期四
71	605006	山东玻纤	实力游资买入，成功率24.91	10.32	2.48	-3944.18	3614.13	7558.31	11172.44	50308.33	-7.84	22.21	50.93	10	有价格涨跌幅限制的日换手率达到20的前三只证券	20201112	星期四
72	605007	五洲特纸	买一主买，成功率46.67	17.58	10.01	374.79	394.67	19.88	414.55	394.67	94.96	105.04	0.32	7	非ST、*ST和S证券连续三个交易日内收盘价格涨幅偏离值累计达到20的证券	20201112	星期四
73	605198	德利股份	买一主买，成功率39.21	30.19	6.08	-2010.15	6250.15	8260.30	14510.45	26524.02	-7.58	54.71	45.45	6	有价格涨跌幅限制的日换手率达到20的前三只证券	20201112	星期四
