1	000034	神州数码	2家机构卖出，成功率35.59	32.22	-10.00	-9946.50	19702.87	29649.37	49352.24	247022.93	-4.03	19.98	15.03	160	日跌幅偏离值达到7的前5只证券	20201113	星期五
2	000155	川能动力	买一主买，成功率55.56	6.38	10.00	3339.87	4277.79	937.92	5215.71	4277.79	78.07	121.93	0.53	81	日涨幅偏离值达到7的前5只证券	20201113	星期五
3	000545	金浦钛业	实力游资买入，成功率54.24	3.31	9.97	1195.03	5351.75	4156.73	9508.48	25586.83	4.67	37.16	8.17	32	日涨幅偏离值达到7的前5只证券	20201113	星期五
4	000622	恒立实业	实力游资买入，成功率65.56	4.68	10.12	2159.77	2565.62	405.85	2971.47	4196.33	51.47	70.81	2.11	20	日涨幅偏离值达到7的前5只证券	20201113	星期五
5	000622	恒立实业	实力游资买入，成功率52.87	4.68	10.12	2409.88	5119.56	2709.68	7829.24	20804.36	11.58	37.63	2.11	20	连续三个交易日内，涨幅偏离值累计达到20的证券	20201113	星期五
6	000629	攀钢钒钛	四川资金买入，成功率42.06	2.37	10.23	6797.17	13010.55	6213.38	19223.93	56404.07	12.05	34.08	3.27	177	日涨幅偏离值达到7的前5只证券	20201113	星期五
7	000695	滨海能源	卖一主卖，成功率25.92	6.76	-8.65	-508.42	1125.98	1634.40	2760.38	8962.94	-5.67	30.80	5.91	15	日跌幅偏离值达到7的前5只证券	20201113	星期五
8	000811	冰轮环境	实力游资买入，成功率57.63	7.77	10.06	664.33	5110.55	4446.22	9556.77	29385.52	2.26	32.52	5.30	58	日振幅值达到15的前5只证券	20201113	星期五
9	000811	冰轮环境	实力游资买入，成功率57.63	7.77	10.06	664.33	5110.55	4446.22	9556.77	29385.52	2.26	32.52	5.30	58	日涨幅偏离值达到7的前5只证券	20201113	星期五
10	000816	智慧农业	实力游资卖出，成功率31.80	4.36	-7.23	-3786.58	16252.11	20038.69	36290.80	196225.71	-1.93	18.49	31.11	58	日振幅值达到15的前5只证券	20201113	星期五
11	000816	智慧农业	实力游资卖出，成功率31.80	4.36	-7.23	-3786.58	16252.11	20038.69	36290.80	196225.71	-1.93	18.49	31.11	58	日换手率达到20的前5只证券	20201113	星期五
12	000860	顺鑫农业	1家机构卖出，成功率55.43	54.04	-7.64	-11151.16	18634.97	29786.14	48421.11	107506.03	-10.37	45.04	2.65	401	日跌幅偏离值达到7的前5只证券	20201113	星期五
13	000869	张裕A	1家机构卖出，成功率84.97	35.98	-10.01	458.11	6337.09	5878.97	12216.06	35326.30	1.30	34.58	2.10	163	日跌幅偏离值达到7的前5只证券	20201113	星期五
14	000929	兰州黄河	实力游资卖出，成功率44.35	8.41	-8.59	-302.37	1071.01	1373.38	2444.39	7674.91	-3.94	31.85	4.82	16	日跌幅偏离值达到7的前5只证券	20201113	星期五
15	000939	凯迪退	卖一主卖，成功率34.76	0.50	-10.71	-0.36	1.07	1.44	2.52	1.44	-25.35	174.65	0.00	15	退市整理期	20201113	星期五
16	002049	紫光国微	4家机构卖出，成功率40.52	95.38	-7.42	-15026.59	27481.16	42507.74	69988.90	387633.51	-3.88	18.06	6.77	578	日跌幅偏离值达到7的前5只证券	20201113	星期五
17	002080	中材科技	3家机构卖出，成功率47.10	18.76	-9.94	-17693.27	13927.68	31620.94	45548.62	133067.02	-13.30	34.23	4.10	315	日跌幅偏离值达到7的前5只证券	20201113	星期五
18	002086	*ST东洋	主力做T，成功率64.85	2.32	4.98	-954.10	1210.59	2164.69	3375.28	10816.00	-8.82	31.21	2.63	13	连续三个交易日内，涨幅偏离值累计达到12的ST证券、*ST证券	20201113	星期五
19	002141	贤丰控股	江苏资金卖出，成功率54.27	2.96	-10.03	-1843.49	3141.11	4984.60	8125.71	23172.32	-7.96	35.07	11.83	19	日跌幅偏离值达到7的前5只证券	20201113	星期五
20	002348	高乐股份	实力游资卖出，成功率26.44	2.61	-7.77	-1714.70	1337.35	3052.05	4389.40	13457.06	-12.74	32.62	6.08	22	日跌幅偏离值达到7的前5只证券	20201113	星期五
21	002612	朗姿股份	买一主买，成功率41.18	15.29	10.00	3849.40	5629.01	1779.61	7408.61	11281.46	34.12	65.67	2.86	40	日涨幅偏离值达到7的前5只证券	20201113	星期五
22	002612	朗姿股份	实力游资买入，成功率32.37	15.29	10.00	7505.46	13785.25	6279.79	20065.04	90191.02	8.32	22.25	2.86	40	连续三个交易日内，涨幅偏离值累计达到20的证券	20201113	星期五
23	002750	龙津药业	卖一主卖，成功率25.53	8.53	-2.63	-5331.17	6188.42	11519.58	17708.00	81194.43	-6.57	21.81	5.55	34	连续三个交易日内，跌幅偏离值累计达到20的证券	20201113	星期五
24	002782	可立克	1家机构买入，成功率49.78	15.71	10.01	1272.99	4081.84	2808.85	6890.69	30990.47	4.11	22.23	4.79	67	日涨幅偏离值达到7的前5只证券	20201113	星期五
25	002824	和胜股份	1家机构买入，成功率42.91	19.56	10.01	2427.30	4521.33	2094.04	6615.37	32718.32	7.42	20.22	16.61	21	日涨幅偏离值达到7的前5只证券	20201113	星期五
26	002920	德赛西威	主力做T，成功率35.61	77.89	10.00	-14819.55	15024.55	29844.10	44868.65	68479.58	-21.64	65.52	7.31	95	日涨幅偏离值达到7的前5只证券	20201113	星期五
27	002996	顺博合金	3家机构买入，成功率45.35	14.26	2.15	-139.15	3238.27	3377.42	6615.69	23372.02	-0.60	28.31	31.32	8	日换手率达到20的前5只证券	20201113	星期五
28	002998	优彩资源	实力游资买入，成功率29.84	10.79	2.66	-461.10	2501.51	2962.61	5464.13	22857.29	-2.02	23.91	26.60	9	日换手率达到20的前5只证券	20201113	星期五
29	003002	壶化股份	实力游资买入，成功率41.76	18.29	9.98	2768.76	5293.02	2524.26	7817.28	28839.98	9.60	27.11	32.49	9	日涨幅偏离值达到7的前5只证券	20201113	星期五
30	003002	壶化股份	实力游资买入，成功率41.76	18.29	9.98	2768.76	5293.02	2524.26	7817.28	28839.98	9.60	27.11	32.49	9	日换手率达到20的前5只证券	20201113	星期五
31	003009	中天火箭	西藏自治区资金卖出，成功率39.14	65.99	-1.06	123.90	3390.70	3266.80	6657.49	60318.83	0.21	11.04	23.78	26	日换手率达到20的前5只证券	20201113	星期五
32	003018	金富科技	1家机构卖出，成功率31.79	17.56	-6.79	1862.47	4750.86	2888.39	7639.24	62038.29	3.00	12.31	52.84	11	日振幅值达到15的前5只证券	20201113	星期五
33	003018	金富科技	1家机构卖出，成功率31.79	17.56	-6.79	1862.47	4750.86	2888.39	7639.24	62038.29	3.00	12.31	52.84	11	日换手率达到20的前5只证券	20201113	星期五
34	300108	吉药控股	实力游资买入，成功率25.09	5.03	20.05	4532.30	6475.05	1942.74	8417.79	29039.31	15.61	28.99	13.31	22	日涨幅达到15的前5只证券	20201113	星期五
35	300442	普丽盛	上海资金买入，成功率42.77	38.42	19.99	3305.66	6318.17	3012.51	9330.68	6894.23	47.95	135.34	1.81	38	日涨幅达到15的前5只证券	20201113	星期五
36	300442	普丽盛	上海资金买入，成功率42.77	38.42	19.99	3945.27	7196.61	3251.34	10447.96	8526.29	46.27	122.54	1.81	38	连续三个交易日内，涨幅偏离值累计达到30的证券	20201113	星期五
37	300555	路通视信	1家机构卖出，成功率48.52	13.20	-17.91	-3516.47	4629.80	8146.27	12776.06	87923.70	-4.00	14.53	35.30	23	日跌幅达到15的前5只证券	20201113	星期五
38	300681	英搏尔	实力游资买入，成功率55.16	42.96	20.00	2214.32	8773.65	6559.32	15332.97	44941.87	4.93	34.12	26.46	18	日涨幅达到15的前5只证券	20201113	星期五
39	300727	润禾材料	江苏资金买入，成功率48.29	35.42	19.99	3532.30	10371.46	6839.16	17210.62	84226.17	4.19	20.43	69.34	14	日涨幅达到15的前5只证券	20201113	星期五
40	300727	润禾材料	江苏资金买入，成功率48.29	35.42	19.99	3532.30	10371.46	6839.16	17210.62	84226.17	4.19	20.43	69.34	14	日振幅值达到30的前5只证券	20201113	星期五
41	300727	润禾材料	江苏资金买入，成功率48.29	35.42	19.99	3532.30	10371.46	6839.16	17210.62	84226.17	4.19	20.43	69.34	14	日换手率达到30的前5只证券	20201113	星期五
42	300727	润禾材料	实力游资买入，成功率44.36	35.42	19.99	3372.01	13794.84	10422.83	24217.67	144901.03	2.33	16.71	69.34	14	连续三个交易日内，涨幅偏离值累计达到30的证券	20201113	星期五
43	300758	七彩化学	3家机构买入，成功率50.48	28.14	20.00	4695.90	7835.21	3139.31	10974.52	41031.45	11.44	26.75	12.66	35	日涨幅达到15的前5只证券	20201113	星期五
44	300798	锦鸡股份	1家机构买入，成功率48.40	18.98	6.09	-1524.70	2077.03	3601.74	5678.77	30295.42	-5.03	18.74	38.27	8	日换手率达到30的前5只证券	20201113	星期五
45	300835	龙磁科技	实力游资买入，成功率27.24	69.97	5.82	452.24	3470.99	3018.76	6489.75	46979.58	0.96	13.81	37.64	12	日换手率达到30的前5只证券	20201113	星期五
46	300890	翔丰华	1家机构买入，成功率40.67	69.20	1.32	-4375.68	3842.82	8218.50	12061.32	61237.16	-7.15	19.70	37.48	16	日换手率达到30的前5只证券	20201113	星期五
47	300891	惠云钛业	西藏自治区资金买入，成功率36.68	22.10	0.00	-4398.43	4525.57	8924.01	13449.58	107237.13	-4.10	12.54	49.59	21	日换手率达到30的前5只证券	20201113	星期五
48	600166	福田汽车	实力游资买入，成功率53.08	3.16	10.10	-399.52	6216.18	6615.70	12831.88	98780.62	-0.40	12.99	4.85	208	有价格涨跌幅限制的日收盘价格涨幅偏离值达到7的前三只证券	20201113	星期五
49	600197	伊力特	1家机构卖出，成功率58.57	23.46	-10.01	-2607.89	8229.03	10836.92	19065.94	71551.24	-3.64	26.65	6.87	102	有价格涨跌幅限制的日收盘价格跌幅偏离值达到7的前三只证券	20201113	星期五
50	600559	老白干酒	实力游资卖出，成功率29.63	16.47	-10.00	-10690.53	17377.68	28068.21	45445.89	247895.43	-4.31	18.33	16.48	144	有价格涨跌幅限制的日收盘价格跌幅偏离值达到7的前三只证券	20201113	星期五
51	601187	厦门银行	卖一主卖，成功率42.46	8.98	-2.18	-2447.46	4452.03	6899.48	11351.51	66140.88	-3.70	17.16	27.54	24	有价格涨跌幅限制的日换手率达到20的前三只证券	20201113	星期五
52	601702	华峰铝业	实力游资买入，成功率37.01	8.81	9.99	5630.83	10170.83	4540.00	14710.83	91684.62	6.14	16.05	44.72	22	有价格涨跌幅限制的日价格振幅达到15的前三只证券	20201113	星期五
53	601702	华峰铝业	实力游资买入，成功率37.01	8.81	9.99	5630.83	10170.83	4540.00	14710.83	91684.62	6.14	16.05	44.72	22	有价格涨跌幅限制的日收盘价格涨幅偏离值达到7的前三只证券	20201113	星期五
54	601702	华峰铝业	实力游资买入，成功率37.01	8.81	9.99	5630.83	10170.83	4540.00	14710.83	91684.62	6.14	16.05	44.72	22	有价格涨跌幅限制的日换手率达到20的前三只证券	20201113	星期五
55	603126	中材节能	实力游资卖出，成功率56.88	5.32	-9.98	-3550.80	2014.99	5565.79	7580.77	33951.31	-10.46	22.33	9.76	32	有价格涨跌幅限制的日价格振幅达到15的前三只证券	20201113	星期五
56	603198	迎驾贡酒	1家机构卖出，成功率39.71	32.64	-10.01	-3722.74	7570.36	11293.10	18863.46	104360.94	-3.57	18.08	3.88	261	有价格涨跌幅限制的日收盘价格跌幅偏离值达到7的前三只证券	20201113	星期五
57	603617	君禾股份	实力游资卖出，成功率39.64	12.57	-7.37	-424.58	3847.88	4272.46	8120.34	23785.16	-1.79	34.14	9.02	25	有价格涨跌幅限制的日价格振幅达到15的前三只证券	20201113	星期五
58	605006	山东玻纤	实力游资卖出，成功率20.97	9.76	-5.43	356.67	2491.59	2134.92	4626.50	30098.89	1.18	15.37	30.47	10	有价格涨跌幅限制的日换手率达到20的前三只证券	20201113	星期五
59	605007	五洲特纸	买一主买，成功率62.86	19.34	10.01	812.95	859.70	46.75	906.45	859.70	94.56	105.44	1.11	8	有价格涨跌幅限制的日收盘价格涨幅偏离值达到7的前三只证券	20201113	星期五
60	688133	泰坦科技	2家机构买入，成功率29.50	97.19	20.00	485.95	10073.08	9587.12	19660.20	45092.79	1.08	43.60	31.15	15	有价格涨跌幅限制的日收盘价格涨幅达到15的前五只证券	20201113	星期五
61	688179	阿拉丁	上海资金买入，成功率37.57	57.88	16.91	2354.28	4935.04	2580.76	7515.79	28286.35	8.32	26.57	22.48	13	有价格涨跌幅限制的日收盘价格涨幅达到15的前五只证券	20201113	星期五
