1	000034	神州数码	广东资金卖出，成功率31.05	28.22	-10.01	-4197.36	1690.66	5888.02	7578.68	16813.19	-24.96	45.08	1.20	140	日跌幅偏离值达到7的前5只证券	20201117	星期二
2	000034	神州数码	1家机构卖出，成功率38.12	28.22	-10.01	-4396.28	31650.62	36046.90	67697.52	453679.16	-0.97	14.92	1.20	140	连续三个交易日内，跌幅偏离值累计达到20的证券	20201117	星期二
3	000517	荣安地产	实力游资买入，成功率38.43	2.98	9.96	3635.22	5292.77	1657.56	6950.33	13491.20	26.95	51.52	1.91	74	日涨幅偏离值达到7的前5只证券	20201117	星期二
4	000523	广州浪奇	1家机构买入，成功率39.90	4.43	9.93	1034.78	1792.72	757.94	2550.65	4761.46	21.73	53.57	1.73	28	日涨幅偏离值达到7的前5只证券	20201117	星期二
5	000545	金浦钛业	实力游资买入，成功率51.05	4.00	9.89	2049.68	3434.36	1384.68	4819.04	7265.62	28.21	66.33	1.89	38	日涨幅偏离值达到7的前5只证券	20201117	星期二
6	000545	金浦钛业	实力游资买入，成功率47.75	4.00	9.89	3284.83	8253.06	4968.23	13221.29	46199.00	7.11	28.62	1.89	38	连续三个交易日内，涨幅偏离值累计达到20的证券	20201117	星期二
7	000545	金浦钛业	实力游资买入，成功率47.75	4.00	9.89	3284.83	8253.06	4968.23	13221.29	46198.60	7.11	28.62	1.89	38	异常期间价格涨幅偏离值累计达到30.19	20201117	星期二
8	000560	我爱我家	1家机构买入，成功率37.37	4.19	9.97	3346.97	5370.54	2023.57	7394.12	18235.15	18.35	40.55	2.35	80	日涨幅偏离值达到7的前5只证券	20201117	星期二
9	000615	京汉股份	买一主买，成功率39.55	5.10	9.91	4361.13	5752.83	1391.70	7144.53	9683.62	45.04	73.78	2.46	39	日涨幅偏离值达到7的前5只证券	20201117	星期二
10	000622	恒立实业	主力做T，成功率35.85	4.14	-9.80	-1000.92	1898.99	2899.91	4798.89	25386.02	-3.94	18.90	13.98	18	日跌幅偏离值达到7的前5只证券	20201117	星期二
11	000625	长安汽车	1家机构买入，成功率49.32	20.30	8.09	46949.82	158562.38	111612.57	270174.95	908693.34	5.17	29.73	6.58	792	连续三个交易日内，涨幅偏离值累计达到20的证券	20201117	星期二
12	000811	冰轮环境	实力游资买入，成功率32.56	8.76	7.48	-32387.05	12113.40	44500.45	56613.85	275352.07	-11.76	20.56	22.31	65	连续三个交易日内，涨幅偏离值累计达到20的证券	20201117	星期二
13	000811	冰轮环境	实力游资买入，成功率26.85	8.76	7.48	-9428.89	8031.47	17460.37	25491.84	141704.08	-6.65	17.99	22.31	65	日换手率达到20的前5只证券	20201117	星期二
14	000816	智慧农业	实力游资卖出，成功率23.38	4.32	-10.00	-2478.23	11742.21	14220.44	25962.66	138037.82	-1.80	18.81	23.31	58	日跌幅偏离值达到7的前5只证券	20201117	星期二
15	000816	智慧农业	实力游资卖出，成功率23.38	4.32	-10.00	-2478.23	11742.21	14220.44	25962.66	138037.82	-1.80	18.81	23.31	58	日换手率达到20的前5只证券	20201117	星期二
16	000829	天音控股	浙江资金卖出，成功率39.24	7.92	-10.00	-6833.10	7496.97	14330.07	21827.03	93932.81	-7.27	23.24	12.14	74	日振幅值达到15的前5只证券	20201117	星期二
17	000829	天音控股	浙江资金卖出，成功率39.24	7.92	-10.00	-6833.10	7496.97	14330.07	21827.03	93932.81	-7.27	23.24	12.14	74	日跌幅偏离值达到7的前5只证券	20201117	星期二
18	000939	凯迪退	卖一主卖，成功率63.33	0.41	-8.89	-0.25	4.86	5.11	9.97	5.11	-4.97	195.03	0.00	12	退市整理期	20201117	星期二
19	000971	*ST高升	买一主买，成功率43.33	2.58	2.38	417.39	2036.80	1619.42	3656.22	9354.24	4.46	39.09	1.57	21	连续三个交易日内，涨幅偏离值累计达到12的ST证券、*ST证券和未完成股改证券	20201117	星期二
20	002040	南京港	1家机构买入，成功率40.79	7.26	10.00	1905.72	3674.16	1768.43	5442.59	20087.83	9.49	27.09	5.92	35	日涨幅偏离值达到7的前5只证券	20201117	星期二
21	002172	澳洋健康	浙江资金买入，成功率45.56	3.53	9.97	2764.06	3512.88	748.82	4261.70	4268.40	64.76	99.84	1.56	27	日涨幅偏离值达到7的前5只证券	20201117	星期二
22	002172	澳洋健康	实力游资买入，成功率46.57	3.53	9.97	4005.90	5864.97	1859.08	7724.05	16837.66	23.79	45.87	1.56	27	连续三个交易日内，涨幅偏离值累计达到20的证券	20201117	星期二
23	002289	ST宇顺	主力做T，成功率39.14	9.40	-4.57	-451.80	1193.35	1645.14	2838.49	6196.66	-7.29	45.81	1.10	24	连续三个交易日内，跌幅偏离值累计达到12的ST证券、*ST证券	20201117	星期二
24	002331	皖通科技	1家机构卖出，成功率33.90	11.05	-10.02	170.57	2464.88	2294.31	4759.20	19752.81	0.86	24.09	4.56	42	日跌幅偏离值达到7的前5只证券	20201117	星期二
25	002416	爱施德	1家机构卖出，成功率45.92	8.82	-8.79	-2840.33	6377.66	9217.99	15595.65	61926.17	-4.59	25.18	5.57	108	日跌幅偏离值达到7的前5只证券	20201117	星期二
26	002553	南方轴承	买一主买，成功率52.47	7.71	9.99	1035.87	4200.63	3164.76	7365.39	17201.75	6.02	42.82	9.91	18	日涨幅偏离值达到7的前5只证券	20201117	星期二
27	002612	朗姿股份	实力游资卖出，成功率35.32	16.23	-3.51	-5594.54	5731.45	11325.99	17057.44	108046.02	-5.18	15.79	23.94	42	日振幅值达到15的前5只证券	20201117	星期二
28	002612	朗姿股份	实力游资卖出，成功率35.32	16.23	-3.51	-5594.54	5731.45	11325.99	17057.44	108046.02	-5.18	15.79	23.94	42	日换手率达到20的前5只证券	20201117	星期二
29	002646	青青稞酒	主力做T，成功率26.12	16.72	10.00	862.81	8651.30	7788.50	16439.80	65521.22	1.32	25.09	8.82	75	日涨幅偏离值达到7的前5只证券	20201117	星期二
30	002646	青青稞酒	实力游资买入，成功率35.90	16.72	10.00	4062.25	12893.91	8831.66	21725.57	110834.24	3.67	19.60	8.82	75	连续三个交易日内，涨幅偏离值累计达到20的证券	20201117	星期二
31	002759	天际股份	2家机构卖出，成功率47.88	13.06	-9.99	-4921.91	5249.92	10171.84	15421.76	36077.96	-13.64	42.75	6.65	53	日跌幅偏离值达到7的前5只证券	20201117	星期二
32	002785	万里石	湖北资金卖出，成功率46.09	19.85	-10.02	-2621.10	3458.22	6079.32	9537.54	34696.99	-7.55	27.49	10.49	32	日跌幅偏离值达到7的前5只证券	20201117	星期二
33	002813	路畅科技	买一主买，成功率36.77	20.35	10.00	2046.28	2789.05	742.76	3531.81	5641.10	36.27	62.61	8.16	7	日涨幅偏离值达到7的前5只证券	20201117	星期二
34	002882	金龙羽	卖一主卖，成功率50.00	10.40	-3.35	-2075.35	1391.19	3466.53	4857.72	13608.71	-15.25	35.70	5.15	26	日振幅值达到15的前5只证券	20201117	星期二
35	002884	凌霄泵业	4家机构卖出，成功率44.65	28.85	-10.01	-1229.36	3277.81	4507.17	7784.98	19079.62	-6.44	40.80	3.01	61	日跌幅偏离值达到7的前5只证券	20201117	星期二
36	002996	顺博合金	1家机构卖出，成功率40.47	14.23	-6.32	-1646.03	1276.37	2922.40	4198.77	22018.00	-7.48	19.07	28.74	8	日换手率达到20的前5只证券	20201117	星期二
37	002998	优彩资源	卖一主卖，成功率48.78	10.58	-5.37	-97.52	2205.11	2302.63	4507.74	22041.25	-0.44	20.45	25.10	9	日换手率达到20的前5只证券	20201117	星期二
38	003002	壶化股份	1家机构卖出，成功率22.10	17.50	-7.41	-1609.41	1745.78	3355.19	5100.98	25736.19	-6.25	19.82	29.03	9	日换手率达到20的前5只证券	20201117	星期二
39	003018	金富科技	主力做T，成功率34.71	16.34	-1.80	360.23	3030.49	2670.26	5700.75	29242.91	1.23	19.49	27.95	11	日换手率达到20的前5只证券	20201117	星期二
40	003019	宸展光电	买一主买，成功率57.88	33.96	44.02	613.35	650.21	36.86	687.07	650.21	94.33	105.67	0.60	11	无价格涨跌幅限制的证券	20201117	星期二
41	300064	ST金刚	实力游资买入，成功率38.62	3.86	19.88	790.57	3706.68	2916.11	6622.79	48862.14	1.62	13.55	19.29	27	日涨幅达到15的前5只证券	20201117	星期二
42	300549	优德精密	1家机构买入，成功率38.81	28.20	20.00	59.11	4076.77	4017.67	8094.44	51690.30	0.11	15.66	20.09	28	日涨幅达到15的前5只证券	20201117	星期二
43	300727	润禾材料	实力游资买入，成功率47.96	41.06	19.99	-2486.25	8740.87	11227.12	19967.99	105383.77	-2.36	18.95	72.33	16	日涨幅达到15的前5只证券	20201117	星期二
44	300727	润禾材料	实力游资买入，成功率47.96	41.06	19.99	-2486.25	8740.87	11227.12	19967.99	105383.77	-2.36	18.95	72.33	16	日换手率达到30的前5只证券	20201117	星期二
45	300828	锐新科技	主力做T，成功率41.56	41.68	5.92	-2246.85	1451.58	3698.43	5150.02	42868.55	-5.24	12.01	37.71	11	日换手率达到30的前5只证券	20201117	星期二
46	300863	卡倍亿	实力游资买入，成功率31.78	144.35	8.86	-91.59	4128.04	4219.64	8347.68	70773.65	-0.13	11.79	37.38	19	日换手率达到30的前5只证券	20201117	星期二
47	300891	惠云钛业	实力游资卖出，成功率32.68	25.27	-4.71	-6653.79	8434.45	15088.24	23522.69	165273.82	-4.03	14.23	66.38	24	日换手率达到30的前5只证券	20201117	星期二
48	300903	科翔股份	主力做T，成功率36.40	67.92	11.02	544.83	5290.28	4745.46	10035.74	112452.46	0.48	8.92	42.62	28	日换手率达到30的前5只证券	20201117	星期二
49	600189	吉林森工	浙江资金买入，成功率46.09	10.78	10.00	7985.93	16697.15	8711.22	25408.38	186409.52	4.28	13.63	8.54	61	非ST、*ST和S证券连续三个交易日内收盘价格涨幅偏离值累计达到20的证券	20201117	星期二
50	600203	福日电子	上海资金卖出，成功率27.14	9.50	-9.95	639.54	4891.89	4252.35	9144.24	25635.29	2.49	35.67	5.74	43	有价格涨跌幅限制的日收盘价格跌幅偏离值达到7的前三只证券	20201117	星期二
51	600321	正源股份	实力游资卖出，成功率28.09	2.85	-10.09	1479.28	4981.88	3502.60	8484.49	61016.41	2.42	13.91	13.60	43	有价格涨跌幅限制的日收盘价格跌幅偏离值达到7的前三只证券	20201117	星期二
52	600428	中远海特	四川资金买入，成功率53.71	4.16	10.05	2965.98	4869.29	1903.31	6772.60	29157.60	10.17	23.23	3.42	89	有价格涨跌幅限制的日收盘价格涨幅偏离值达到7的前三只证券	20201117	星期二
53	600689	上海三毛	实力游资买入，成功率25.95	9.09	10.05	-1365.35	1983.25	3348.60	5331.85	11143.11	-12.25	47.85	8.37	14	有价格涨跌幅限制的日收盘价格涨幅偏离值达到7的前三只证券	20201117	星期二
54	600859	王府井	2家机构卖出，成功率40.91	36.85	-9.86	-25623.98	23884.45	49508.43	73392.88	111389.57	-23.00	65.89	5.17	210	有价格涨跌幅限制的日收盘价格跌幅偏离值达到7的前三只证券	20201117	星期二
55	601008	连云港	实力游资买入，成功率47.94	4.58	10.10	-363.89	3688.99	4052.88	7741.86	23686.84	-1.54	32.68	5.28	46	有价格涨跌幅限制的日收盘价格涨幅偏离值达到7的前三只证券	20201117	星期二
56	601127	小康股份	买一主买，成功率45.42	11.88	10.00	-294.61	6165.29	6459.90	12625.19	43817.98	-0.67	28.81	1.33	111	非ST、*ST和S证券连续三个交易日内收盘价格涨幅偏离值累计达到20的证券	20201117	星期二
57	601702	华峰铝业	普通席位买入，成功率36.32	10.00	3.20	1658.38	16740.67	15082.29	31822.96	330335.96	0.50	9.63	70.13	25	非ST、*ST和S证券连续三个交易日内收盘价格涨幅偏离值累计达到20的证券	20201117	星期二
58	601702	华峰铝业	西藏自治区资金买入，成功率31.51	10.00	3.20	-5224.57	8160.79	13385.36	21546.15	179323.10	-2.91	12.02	70.13	25	有价格涨跌幅限制的日换手率达到20的前三只证券	20201117	星期二
59	603198	迎驾贡酒	卖一主卖，成功率29.32	32.40	-4.20	-5400.53	13126.40	18526.93	31653.34	131315.44	-4.11	24.10	4.89	259	有价格涨跌幅限制的日价格振幅达到15的前三只证券	20201117	星期二
60	603628	清源股份	实力游资卖出，成功率33.33	9.23	-9.42	-1283.55	1032.39	2315.94	3348.33	12680.40	-10.12	26.41	4.74	25	有价格涨跌幅限制的日价格振幅达到15的前三只证券	20201117	星期二
61	603919	金徽酒	实力游资卖出，成功率31.16	49.45	-5.43	-5855.06	21180.21	27035.27	48215.47	275352.29	-2.13	17.51	10.81	243	有价格涨跌幅限制的日价格振幅达到15的前三只证券	20201117	星期二
62	605006	山东玻纤	实力游资买入，成功率23.51	10.26	0.98	-870.04	2125.91	2995.95	5121.86	35801.75	-2.43	14.31	34.71	10	有价格涨跌幅限制的日换手率达到20的前三只证券	20201117	星期二
63	605007	五洲特纸	实力游资买入，成功率65.63	23.40	10.01	2102.87	2180.53	77.66	2258.18	2412.08	87.18	93.62	0.65	9	非ST、*ST和S证券连续三个交易日内收盘价格涨幅偏离值累计达到20的证券	20201117	星期二
64	605088	冠盛股份	实力游资买入，成功率55.24	22.62	7.36	467.02	2689.59	2222.57	4912.16	31912.35	1.46	15.39	35.26	9	有价格涨跌幅限制的日换手率达到20的前三只证券	20201117	星期二
65	688133	泰坦科技	3家机构买入，成功率44.85	109.98	4.07	9065.95	24218.22	15152.27	39370.49	109569.91	8.27	35.93	18.61	17	有价格涨跌幅限制的连续3个交易日内收盘价格涨幅偏离值累计达到30的证券	20201117	星期二
66	688179	阿拉丁	3家机构买入，成功率47.44	67.16	16.40	5532.34	9052.28	3519.94	12572.23	36140.70	15.31	34.79	24.55	15	有价格涨跌幅限制的日收盘价格涨幅达到15的前五只证券	20201117	星期二
67	688179	阿拉丁	2家机构买入，成功率43.99	67.16	16.40	1874.70	12671.12	10796.42	23467.53	92363.00	2.03	25.41	24.55	15	有价格涨跌幅限制的连续3个交易日内收盘价格涨幅偏离值累计达到30的证券	20201117	星期二
