1	000063	中兴通讯	买一主买，成功率35.06	34.80	9.99	71209.69	93564.44	22354.74	115919.18	472965.23	15.06	24.51	4.01	1210	日涨幅偏离值达到7的前5只证券	20201105	星期四
2	000762	西藏矿业	1家机构买入，成功率67.72	11.13	9.98	1450.55	9202.90	7752.36	16955.26	62112.48	2.34	27.30	11.11	58	日涨幅偏离值达到7的前5只证券	20201105	星期四
3	000799	酒鬼酒	1家机构买入，成功率43.62	110.00	10.00	48987.96	63816.22	14828.26	78644.48	242887.65	20.17	32.38	6.97	357	日涨幅偏离值达到7的前5只证券	20201105	星期四
4	000816	智慧农业	主力做T，成功率51.77	3.05	10.11	755.63	6996.76	6241.12	13237.88	64419.55	1.17	20.55	1.30	41	连续三个交易日内，涨幅偏离值累计达到20的证券	20201105	星期四
5	000932	华菱钢铁	1家机构买入，成功率40.85	5.62	9.98	12956.90	22962.51	10005.61	32968.13	82775.18	15.65	39.83	3.62	237	日涨幅偏离值达到7的前5只证券	20201105	星期四
6	000939	凯迪退	卖一主卖，成功率37.96	0.95	-9.52	0.00	0.18	0.18	0.36	0.18	0.00	200.00	0.00	29	退市整理期	20201105	星期四
7	000963	华东医药	买一主买，成功率40.22	33.39	10.02	26467.01	69078.80	42611.79	111690.59	274471.84	9.64	40.69	4.82	584	日涨幅偏离值达到7的前5只证券	20201105	星期四
8	002044	美年健康	2家机构卖出，成功率38.33	12.38	-9.96	-14156.05	21055.27	35211.32	56266.58	179454.61	-7.89	31.35	3.90	452	日跌幅偏离值达到7的前5只证券	20201105	星期四
9	002239	奥特佳	实力游资买入，成功率38.60	4.73	10.00	6557.53	11806.41	5248.89	17055.30	103315.67	6.35	16.51	7.11	148	日涨幅偏离值达到7的前5只证券	20201105	星期四
10	002444	巨星科技	3家机构买入，成功率47.47	28.11	10.02	5618.54	24261.50	18642.96	42904.46	93831.87	5.99	45.72	3.40	284	日涨幅偏离值达到7的前5只证券	20201105	星期四
11	002478	常宝股份	广东资金卖出，成功率31.79	4.93	-5.37	144.55	1969.08	1824.54	3793.62	14196.17	1.02	26.72	4.89	30	日跌幅偏离值达到7的前5只证券	20201105	星期四
12	002594	比亚迪	主力做T，成功率38.42	184.83	10.00	89075.89	211321.22	122245.33	333566.56	1195195.47	7.45	27.91	5.88	2118	日涨幅偏离值达到7的前5只证券	20201105	星期四
13	002625	光启技术	主力做T，成功率44.12	22.26	9.98	-1512.29	17875.67	19387.96	37263.63	114675.19	-1.32	32.49	4.43	259	日涨幅偏离值达到7的前5只证券	20201105	星期四
14	002709	天赐材料	1家机构买入，成功率43.25	68.50	10.00	11696.24	26704.30	15008.06	41712.37	118474.75	9.87	35.21	3.30	372	日涨幅偏离值达到7的前5只证券	20201105	星期四
15	002718	友邦吊顶	广东资金卖出，成功率33.33	16.85	-5.39	-2782.81	1689.48	4472.28	6161.76	13051.95	-21.32	47.21	10.95	11	日振幅值达到15的前5只证券	20201105	星期四
16	002718	友邦吊顶	广东资金卖出，成功率33.33	16.85	-5.39	-2782.81	1689.48	4472.28	6161.76	13051.95	-21.32	47.21	10.95	11	日跌幅偏离值达到7的前5只证券	20201105	星期四
17	002776	柏堡龙	1家机构卖出，成功率22.46	6.46	-10.03	-1601.14	988.22	2589.36	3577.58	7736.43	-20.70	46.24	2.22	35	日跌幅偏离值达到7的前5只证券	20201105	星期四
18	003002	壶化股份	实力游资买入，成功率30.17	16.43	4.38	-1546.28	2960.03	4506.31	7466.35	34944.11	-4.43	21.37	42.26	8	日换手率达到20的前5只证券	20201105	星期四
19	003009	中天火箭	1家机构买入，成功率41.97	64.00	1.62	976.38	4488.86	3512.48	8001.34	64723.75	1.51	12.36	26.40	25	日换手率达到20的前5只证券	20201105	星期四
20	003013	地铁设计	广东资金卖出，成功率63.38	21.75	-3.68	-609.20	3765.31	4374.51	8139.81	20447.48	-2.98	39.81	23.23	9	日换手率达到20的前5只证券	20201105	星期四
21	003015	日久光电	实力游资卖出，成功率36.55	16.56	-0.90	1302.78	5526.78	4224.00	9750.79	40846.91	3.19	23.87	35.54	12	日换手率达到20的前5只证券	20201105	星期四
22	003017	大洋生物	2家机构买入，成功率42.33	55.03	0.07	-110.55	4110.17	4220.72	8330.89	26874.38	-0.41	31.00	32.53	8	日换手率达到20的前5只证券	20201105	星期四
23	300126	锐奇股份	1家机构买入，成功率38.98	14.84	19.97	-3966.03	7391.66	11357.69	18749.36	113151.75	-3.51	16.57	42.48	31	日涨幅达到15的前5只证券	20201105	星期四
24	300141	和顺电气	实力游资买入，成功率37.51	17.86	20.03	3966.17	7760.08	3793.90	11553.98	99544.31	3.98	11.61	35.71	30	日涨幅达到15的前5只证券	20201105	星期四
25	300431	暴风退	实力游资买入，成功率19.44	0.29	3.57	22.42	137.66	115.24	252.90	382.97	5.85	66.04	5.32	1	退市整理期	20201105	星期四
26	300590	移为通信	1家机构买入，成功率40.88	28.03	19.99	1547.30	3922.21	2374.91	6297.12	32994.95	4.69	19.09	7.27	48	日涨幅达到15的前5只证券	20201105	星期四
27	300708	聚灿光电	2家机构买入，成功率43.87	38.60	3.35	6988.77	28277.85	21289.08	49566.93	566830.29	1.23	8.74	33.01	62	连续三个交易日内，涨幅偏离值累计达到30的证券	20201105	星期四
28	300718	长盛轴承	2家机构买入，成功率44.83	23.88	9.59	2804.37	7772.90	4968.53	12741.43	51657.17	5.43	24.67	44.03	12	日换手率达到30的前5只证券	20201105	星期四
29	300807	天迈科技	1家机构买入，成功率37.90	56.52	20.00	5672.97	7680.29	2007.32	9687.61	25714.62	22.06	37.67	27.73	10	日涨幅达到15的前5只证券	20201105	星期四
30	300809	华辰装备	江苏资金卖出，成功率39.02	26.90	-9.06	-3113.41	4436.39	7549.80	11986.19	50527.89	-6.16	23.72	48.34	11	日换手率达到30的前5只证券	20201105	星期四
31	300828	锐新科技	1家机构买入，成功率39.21	45.15	5.29	-10105.14	4932.68	15037.83	19970.51	91499.05	-11.04	21.83	72.45	12	日换手率达到30的前5只证券	20201105	星期四
32	300880	迦南智能	实力游资买入，成功率34.88	57.27	15.58	-4202.44	3236.10	7438.54	10674.64	78058.42	-5.38	13.68	45.47	18	日换手率达到30的前5只证券	20201105	星期四
33	300890	翔丰华	江苏资金买入，成功率41.49	66.98	19.99	6649.39	10215.15	3565.76	13780.91	61462.72	10.82	22.42	41.40	16	日涨幅达到15的前5只证券	20201105	星期四
34	300902	国安达	2家机构卖出，成功率31.90	55.83	-2.04	-5045.64	4486.52	9532.17	14018.69	78952.26	-6.39	17.76	48.87	17	日换手率达到30的前5只证券	20201105	星期四
35	300903	科翔股份	实力游资买入，成功率32.06	57.82	342.73	3398.23	6785.27	3387.03	10172.30	174789.13	1.94	5.82	72.65	24	无价格涨跌幅限制的证券	20201105	星期四
36	300905	宝丽迪	西藏自治区资金买入，成功率37.24	102.06	106.93	3307.28	6167.54	2860.26	9027.80	119464.85	2.77	7.56	59.65	18	无价格涨跌幅限制的证券	20201105	星期四
37	300906	日月明	实力游资买入，成功率43.94	65.73	148.79	4461.98	6590.37	2128.39	8718.76	86281.14	5.17	10.11	61.09	13	无价格涨跌幅限制的证券	20201105	星期四
38	600110	诺德股份	实力游资买入，成功率28.27	7.66	10.06	8017.00	17700.30	9683.30	27383.61	90142.36	8.89	30.38	10.40	88	有价格涨跌幅限制的日收盘价格涨幅偏离值达到7的前三只证券	20201105	星期四
39	600766	园城黄金	卖一主卖，成功率17.94	7.46	-7.90	-6104.80	1598.35	7703.14	9301.49	27804.48	-21.96	33.45	16.87	17	有价格涨跌幅限制的日收盘价格跌幅偏离值达到7的前三只证券	20201105	星期四
40	600807	济南高新	实力游资买入，成功率32.50	4.39	10.03	1631.55	3272.66	1641.11	4913.77	26127.83	6.24	18.81	4.13	35	非ST、*ST和S证券连续三个交易日内收盘价格涨幅偏离值累计达到20的证券	20201105	星期四
41	601908	京运通	广东资金买入，成功率45.89	5.80	10.06	2068.27	5058.06	2989.78	8047.84	25522.51	8.10	31.53	2.23	116	有价格涨跌幅限制的日收盘价格涨幅偏离值达到7的前三只证券	20201105	星期四
42	601995	中金公司	1家机构买入，成功率42.50	47.20	6.55	64028.33	136620.87	72592.53	209213.40	1289579.30	4.97	16.22	39.86	123	非ST、*ST和S证券连续三个交易日内收盘价格涨幅偏离值累计达到20的证券	20201105	星期四
43	601995	中金公司	2家机构买入，成功率54.82	47.20	6.55	30026.82	82270.39	52243.57	134513.97	466380.94	6.44	28.84	39.86	123	有价格涨跌幅限制的日换手率达到20的前三只证券	20201105	星期四
44	603767	中马传动	买一主买，成功率40.62	9.85	10.06	2449.96	3486.07	1036.12	4522.19	8672.62	28.25	52.14	3.05	29	有价格涨跌幅限制的日收盘价格涨幅偏离值达到7的前三只证券	20201105	星期四
45	605111	新洁能	实力游资买入，成功率38.99	136.31	10.00	3563.89	13654.67	10090.78	23745.45	89676.39	3.97	26.48	26.84	34	有价格涨跌幅限制的日换手率达到20的前三只证券	20201105	星期四
46	605358	立昂微	上海资金买入，成功率59.09	57.90	7.82	-2273.04	12461.98	14735.02	27197.00	60840.54	-3.74	44.70	26.95	23	有价格涨跌幅限制的日换手率达到20的前三只证券	20201105	星期四
