1	000488	晨鸣纸业	买一主买，成功率28.53	6.90	10.05	17766.04	27927.76	10161.72	38089.48	123617.39	14.37	30.81	11.13	114	日涨幅偏离值达到7的前5只证券	20201123	星期一
2	000545	金浦钛业	主力做T，成功率42.35	4.61	3.60	968.77	9811.49	8842.72	18654.21	152424.17	0.64	12.24	34.37	44	日振幅值达到15的前5只证券	20201123	星期一
3	000545	金浦钛业	主力做T，成功率42.35	4.61	3.60	968.77	9811.49	8842.72	18654.21	152424.17	0.64	12.24	34.37	44	日换手率达到20的前5只证券	20201123	星期一
4	000625	长安汽车	浙江资金买入，成功率31.60	21.98	6.80	-3747.62	50349.43	54097.05	104446.47	516494.48	-0.73	20.22	6.41	857	日振幅值达到15的前5只证券	20201123	星期一
5	000816	智慧农业	浙江资金买入，成功率40.72	4.58	10.10	2307.66	13337.26	11029.59	24366.85	162641.78	1.42	14.98	27.38	61	日涨幅偏离值达到7的前5只证券	20201123	星期一
6	000816	智慧农业	浙江资金买入，成功率40.72	4.58	10.10	2307.66	13337.26	11029.59	24366.85	162641.78	1.42	14.98	27.38	61	日换手率达到20的前5只证券	20201123	星期一
7	000889	中嘉博创	实力游资买入，成功率47.93	6.62	9.97	-58.98	9235.22	9294.21	18529.43	37438.81	-0.16	49.49	6.97	58	日涨幅偏离值达到7的前5只证券	20201123	星期一
8	000929	兰州黄河	1家机构买入，成功率43.41	10.68	6.37	-203.63	5663.93	5867.56	11531.48	57680.77	-0.35	19.99	15.95	20	连续三个交易日内，涨幅偏离值累计达到20的证券	20201123	星期一
9	000939	凯迪退	卖一主卖，成功率20.00	0.27	-10.00	-2.72	7.04	9.77	16.81	9.77	-27.90	172.10	0.01	8	退市整理期	20201123	星期一
10	000949	新乡化纤	广东资金买入，成功率33.25	3.77	9.91	2951.19	7342.03	4390.84	11732.87	20868.28	14.14	56.22	4.52	47	日涨幅偏离值达到7的前5只证券	20201123	星期一
11	000983	西山煤电	1家机构买入，成功率36.89	5.83	10.00	-26307.06	25685.22	51992.28	77677.50	155205.81	-16.95	50.05	6.54	239	日涨幅偏离值达到7的前5只证券	20201123	星期一
12	002096	南岭民爆	实力游资买入，成功率62.22	15.61	10.01	3737.24	9679.43	5942.19	15621.62	36685.90	10.19	42.58	6.71	58	日涨幅偏离值达到7的前5只证券	20201123	星期一
13	002221	东华能源	2家机构买入，成功率47.56	11.97	10.02	9729.41	18713.52	8984.11	27697.63	76232.96	12.76	36.33	4.26	183	日涨幅偏离值达到7的前5只证券	20201123	星期一
14	002379	宏创控股	主力做T，成功率40.67	4.27	10.05	-419.31	4902.69	5322.01	10224.70	31288.21	-1.34	32.68	7.98	40	日涨幅偏离值达到7的前5只证券	20201123	星期一
15	002553	南方轴承	西藏自治区资金买入，成功率37.58	11.29	10.04	-6090.21	6653.62	12743.83	19397.45	91794.17	-6.63	21.13	35.71	26	日涨幅偏离值达到7的前5只证券	20201123	星期一
16	002553	南方轴承	主力做T，成功率41.30	11.29	10.04	-11227.48	12246.58	23474.06	35720.64	156935.08	-7.15	22.76	35.71	26	连续三个交易日内，涨幅偏离值累计达到20的证券	20201123	星期一
17	002553	南方轴承	西藏自治区资金买入，成功率37.58	11.29	10.04	-6090.21	6653.62	12743.83	19397.45	91794.17	-6.63	21.13	35.71	26	日换手率达到20的前5只证券	20201123	星期一
18	002612	朗姿股份	1家机构卖出，成功率61.21	14.02	-8.55	-585.78	7476.28	8062.06	15538.34	64047.84	-0.91	24.26	17.09	37	日跌幅偏离值达到7的前5只证券	20201123	星期一
19	002756	永兴材料	主力做T，成功率48.42	26.17	10.00	-70.52	10582.72	10653.24	21235.96	46718.87	-0.15	45.45	8.45	57	日涨幅偏离值达到7的前5只证券	20201123	星期一
20	002865	钧达股份	3家机构卖出，成功率51.42	17.14	-2.28	-612.21	1955.97	2568.18	4524.15	12377.18	-4.95	36.55	5.84	21	日振幅值达到15的前5只证券	20201123	星期一
21	002998	优彩资源	2家机构买入，成功率59.91	11.15	5.79	1379.97	4337.15	2957.18	7294.32	33212.88	4.15	21.96	36.64	9	日换手率达到20的前5只证券	20201123	星期一
22	003019	宸展光电	实力游资卖出，成功率29.97	43.01	-4.87	-1195.46	3902.76	5098.22	9000.99	58008.91	-2.06	15.52	42.62	14	日换手率达到20的前5只证券	20201123	星期一
23	300438	鹏辉能源	实力游资买入，成功率42.64	23.89	19.99	1369.46	12561.46	11191.99	23753.45	131412.37	1.04	18.08	18.07	76	日涨幅达到15的前5只证券	20201123	星期一
24	300727	润禾材料	主力做T，成功率34.44	38.00	-5.21	490.99	5114.86	4623.87	9738.73	78668.94	0.62	12.38	52.54	15	日换手率达到30的前5只证券	20201123	星期一
25	300807	天迈科技	实力游资卖出，成功率42.12	60.50	-14.25	-2663.00	5960.16	8623.17	14583.33	71363.65	-3.73	20.44	65.58	10	日换手率达到30的前5只证券	20201123	星期一
26	300819	聚杰微纤	2家机构卖出，成功率56.03	51.20	-4.83	-2145.67	5857.93	8003.59	13861.52	59789.85	-3.59	23.18	47.08	13	日换手率达到30的前5只证券	20201123	星期一
27	300821	东岳硅材	1家机构买入，成功率38.69	16.81	1.82	-3407.65	13548.95	16956.60	30505.56	203659.73	-1.67	14.98	39.60	50	日换手率达到30的前5只证券	20201123	星期一
28	300822	贝仕达克	4家机构买入，成功率45.62	57.38	19.99	8186.59	11119.91	2933.32	14053.24	44983.89	18.20	31.24	31.21	15	日涨幅达到15的前5只证券	20201123	星期一
29	300869	康泰医学	1家机构买入，成功率38.75	137.89	20.00	2742.43	9069.41	6326.97	15396.38	162939.76	1.68	9.45	32.51	53	日涨幅达到15的前5只证券	20201123	星期一
30	300891	惠云钛业	1家机构买入，成功率40.18	24.52	1.11	-2466.92	5893.69	8360.61	14254.30	96233.15	-2.56	14.81	40.92	23	日换手率达到30的前5只证券	20201123	星期一
31	300908	仲景食品	实力游资买入，成功率41.82	120.80	203.98	11178.99	14804.34	3625.35	18429.70	212507.62	5.26	8.67	75.27	29	无价格涨跌幅限制的证券	20201123	星期一
32	600059	古越龙山	实力游资买入，成功率43.52	12.85	5.59	340.38	22511.56	22171.18	44682.74	313218.26	0.11	14.27	13.87	104	非ST、*ST和S证券连续三个交易日内收盘价格涨幅偏离值累计达到20的证券	20201123	星期一
33	600121	郑州煤电	实力游资买入，成功率36.55	2.83	10.12	974.62	2046.21	1071.60	3117.81	8993.98	10.84	34.67	2.63	34	有价格涨跌幅限制的日收盘价格涨幅偏离值达到7的前三只证券	20201123	星期一
34	600178	东安动力	1家机构买入，成功率44.27	10.03	2.45	683.81	7024.75	6340.94	13365.69	81209.95	0.84	16.46	18.56	46	有价格涨跌幅限制的日价格振幅达到15的前三只证券	20201123	星期一
35	600199	金种子酒	上海资金买入，成功率23.85	11.61	10.05	9968.89	15826.54	5857.65	21684.20	104774.66	9.51	20.70	15.12	70	有价格涨跌幅限制的日收盘价格涨幅偏离值达到7的前三只证券	20201123	星期一
36	600293	三峡新材	实力游资卖出，成功率30.00	2.60	-10.03	-115.81	817.41	933.23	1750.64	3936.06	-2.94	44.48	1.30	30	有价格涨跌幅限制的日收盘价格跌幅偏离值达到7的前三只证券	20201123	星期一
37	600616	金枫酒业	买一主买，成功率19.11	7.49	9.99	2520.77	11870.39	9349.62	21220.01	61091.54	4.13	34.73	0.99	50	非ST、*ST和S证券连续三个交易日内收盘价格涨幅偏离值累计达到20的证券	20201123	星期一
38	600634	*ST富控	实力游资卖出，成功率34.44	0.78	-4.88	-298.13	271.17	569.31	840.48	3251.35	-9.17	25.85	2.89	4	ST、*ST和S证券连续三个交易日内收盘价格跌幅偏离值累计达到15的证券	20201123	星期一
39	600679	上海凤凰	实力游资买入，成功率26.31	15.01	5.26	-2385.10	4234.10	6619.20	10853.30	53730.60	-4.44	20.20	11.33	35	非ST、*ST和S证券连续三个交易日内收盘价格涨幅偏离值累计达到20的证券	20201123	星期一
40	600722	金牛化工	实力游资买入，成功率49.43	4.71	10.05	1677.42	2351.78	674.36	3026.14	8182.48	20.50	36.98	2.62	32	有价格涨跌幅限制的日收盘价格涨幅偏离值达到7的前三只证券	20201123	星期一
41	601187	厦门银行	实力游资买入，成功率34.24	10.55	3.43	-1688.84	6046.92	7735.75	13782.67	123630.81	-1.37	11.15	44.74	28	有价格涨跌幅限制的日换手率达到20的前三只证券	20201123	星期一
42	601579	会稽山	实力游资买入，成功率57.57	12.62	10.03	-18956.22	12891.82	31848.05	44739.87	153794.81	-12.33	29.09	9.31	63	非ST、*ST和S证券连续三个交易日内收盘价格涨幅偏离值累计达到20的证券	20201123	星期一
43	603600	永艺股份	2家机构卖出，成功率39.88	15.93	-10.00	-1565.88	2025.20	3591.07	5616.27	14739.86	-10.62	38.10	3.02	48	有价格涨跌幅限制的日收盘价格跌幅偏离值达到7的前三只证券	20201123	星期一
44	603655	朗博科技	实力游资买入，成功率62.32	62.52	9.09	-2903.34	4310.18	7213.52	11523.70	17946.41	-16.18	64.21	9.07	21	有价格涨跌幅限制的日价格振幅达到15的前三只证券	20201123	星期一
45	603718	海利生物	浙江资金卖出，成功率55.11	16.27	-10.01	-1716.42	725.80	2442.23	3168.03	3799.37	-45.18	83.38	0.36	105	有价格涨跌幅限制的日收盘价格跌幅偏离值达到7的前三只证券	20201123	星期一
46	605007	五洲特纸	实力游资买入，成功率32.06	26.06	2.28	2984.83	7401.14	4416.32	11817.46	54408.86	5.49	21.72	54.45	10	有价格涨跌幅限制的日价格振幅达到15的前三只证券	20201123	星期一
47	605007	五洲特纸	实力游资买入，成功率32.06	26.06	2.28	2984.83	7401.14	4416.32	11817.46	54408.86	5.49	21.72	54.45	10	有价格涨跌幅限制的日换手率达到20的前三只证券	20201123	星期一
48	605068	N明新	买一主买，成功率42.22	33.36	43.98	1121.92	1161.95	40.03	1201.99	1161.95	96.55	103.45	0.84	14	无价格涨跌幅限制的证券	20201123	星期一
49	605068	N明新	买一主买，成功率42.22	33.36	43.98	1121.92	1161.95	40.03	1201.99	1161.95	96.55	103.45	0.84	14	当日无价格涨跌幅限制的A股，出现异常波动停牌的	20201123	星期一
50	605333	沪光股份	买一主买，成功率28.86	21.90	3.40	-1511.54	2910.40	4421.93	7332.33	37487.16	-4.03	19.56	46.88	9	有价格涨跌幅限制的日换手率达到20的前三只证券	20201123	星期一
51	688160	步科股份	卖一主卖，成功率20.00	61.50	-15.81	-4397.07	3331.51	7728.57	11060.08	54360.95	-8.09	20.35	43.90	12	有价格涨跌幅限制的日收盘价格跌幅达到15的前五只证券	20201123	星期一
52	688160	步科股份	卖一主卖，成功率20.00	61.50	-15.81	-4397.07	3331.51	7728.57	11060.08	54360.95	-8.09	20.35	43.90	12	有价格涨跌幅限制的日换手率达到30的前五只证券	20201123	星期一
