1	000016	深康佳A	实力游资买入，成功率46.49	6.42	9.93	2967.64	6799.33	3831.68	10631.01	44167.94	6.72	24.07	4.43	103	日涨幅偏离值达到7的前5只证券	20201102	星期一
2	000039	中集集团	3家机构买入，成功率45.47	12.85	8.44	-123.05	10341.08	10464.13	20805.21	63145.60	-0.19	32.95	3.28	197	日涨幅偏离值达到7的前5只证券	20201102	星期一
3	000411	英特集团	西藏自治区资金卖出，成功率32.47	18.85	-6.22	-677.52	2247.31	2924.82	5172.13	32073.63	-2.11	16.13	8.08	39	日跌幅偏离值达到7的前5只证券	20201102	星期一
4	000425	徐工机械	2家机构卖出，成功率46.25	4.97	-7.28	1862.94	19204.87	17341.93	36546.80	86683.54	2.15	42.16	2.52	348	日跌幅偏离值达到7的前5只证券	20201102	星期一
5	000550	江铃汽车	买一主买，成功率28.83	21.92	9.98	-231.60	11341.57	11573.17	22914.75	65818.34	-0.35	34.82	5.98	114	日涨幅偏离值达到7的前5只证券	20201102	星期一
6	000726	鲁泰A	2家机构卖出，成功率27.19	6.73	-6.40	-1072.70	968.53	2041.23	3009.77	8434.28	-12.72	35.68	2.20	38	日跌幅偏离值达到7的前5只证券	20201102	星期一
7	000816	智慧农业	主力做T，成功率39.47	2.29	4.09	69.85	5739.95	5670.10	11410.06	73725.07	0.09	15.48	15.47	31	连续三个交易日内，日均换手率与前五个交易日的日均换手率的比值达到30倍，且换手率累计达20的证券	20201102	星期一
8	000818	航锦科技	1家机构卖出，成功率38.93	18.00	-7.22	1481.02	5111.14	3630.12	8741.26	35083.09	4.22	24.92	2.85	122	日跌幅偏离值达到7的前5只证券	20201102	星期一
9	000835	*ST长动	实力游资卖出，成功率47.88	1.58	-4.82	-53.31	239.24	292.56	531.80	1985.20	-2.69	26.79	1.29	5	连续三个交易日内，跌幅偏离值累计达到12的ST证券、*ST证券和未完成股改证券	20201102	星期一
10	000951	中国重汽	1家机构买入，成功率39.18	38.50	10.00	3877.94	14310.84	10432.90	24743.74	49850.89	7.78	49.64	1.97	258	日涨幅偏离值达到7的前5只证券	20201102	星期一
11	000977	浪潮信息	3家机构卖出，成功率44.70	27.65	-9.34	-17536.01	18471.69	36007.69	54479.38	184494.06	-9.50	29.53	4.56	398	日跌幅偏离值达到7的前5只证券	20201102	星期一
12	000985	大庆华科	1家机构买入，成功率39.46	21.90	9.99	-1998.16	2888.14	4886.30	7774.45	32115.94	-6.22	24.21	11.67	28	日涨幅偏离值达到7的前5只证券	20201102	星期一
13	002007	华兰生物	3家机构卖出，成功率47.98	46.08	-10.00	-19393.08	30751.84	50144.91	80896.75	324788.72	-5.97	24.91	4.43	722	日跌幅偏离值达到7的前5只证券	20201102	星期一
14	002227	奥特迅	实力游资买入，成功率31.34	15.99	9.97	1433.41	4038.26	2604.85	6643.11	30638.98	4.68	21.68	8.97	35	日涨幅偏离值达到7的前5只证券	20201102	星期一
15	002227	奥特迅	实力游资买入，成功率28.66	15.99	9.97	3924.02	7078.54	3154.52	10233.06	58411.02	6.72	17.52	8.97	35	连续三个交易日内，涨幅偏离值累计达到20的证券	20201102	星期一
16	002269	美邦服饰	实力游资卖出，成功率49.45	1.96	-10.09	-178.48	792.56	971.04	1763.60	8151.24	-2.19	21.64	1.63	49	日跌幅偏离值达到7的前5只证券	20201102	星期一
17	002319	*ST乐通	卖一主卖，成功率60.00	6.91	-4.43	-697.86	498.42	1196.28	1694.69	2215.83	-31.49	76.48	0.59	14	连续三个交易日内，跌幅偏离值累计达到12的ST证券、*ST证券	20201102	星期一
18	002369	卓翼科技	实力游资卖出，成功率42.52	5.91	-10.05	102.72	1905.43	1802.71	3708.13	19292.67	0.53	19.22	5.57	34	日跌幅偏离值达到7的前5只证券	20201102	星期一
19	002459	晶澳科技	2家机构买入，成功率39.69	42.15	9.99	4906.19	20878.54	15972.36	36850.90	92503.65	5.30	39.84	5.80	164	日涨幅偏离值达到7的前5只证券	20201102	星期一
20	002496	*ST辉丰	主力做T，成功率33.33	3.34	-5.11	-470.40	2734.15	3204.55	5938.71	19733.15	-2.38	30.10	0.74	32	连续三个交易日内，跌幅偏离值累计达到12的ST证券、*ST证券	20201102	星期一
21	002664	长鹰信质	1家机构买入，成功率34.86	15.13	10.04	2186.79	3968.94	1782.15	5751.09	20393.47	10.72	28.20	3.59	59	日涨幅偏离值达到7的前5只证券	20201102	星期一
22	002867	周大生	2家机构买入，成功率39.10	27.13	10.02	6169.45	9881.00	3711.54	13592.54	33656.83	18.33	40.39	1.78	196	日涨幅偏离值达到7的前5只证券	20201102	星期一
23	002884	凌霄泵业	1家机构买入，成功率47.69	28.89	10.02	2945.23	6156.45	3211.22	9367.68	19522.82	15.09	47.98	3.24	61	日涨幅偏离值达到7的前5只证券	20201102	星期一
24	003006	百亚股份	1家机构买入，成功率38.14	20.45	5.90	-777.86	2946.64	3724.50	6671.14	29364.30	-2.65	22.72	35.12	9	日换手率达到20的前5只证券	20201102	星期一
25	003009	中天火箭	实力游资卖出，成功率33.43	62.59	-9.99	-9168.30	2370.25	11538.55	13908.80	50048.30	-18.32	27.79	20.26	24	日跌幅偏离值达到7的前5只证券	20201102	星期一
26	003009	中天火箭	实力游资卖出，成功率33.43	62.59	-9.99	-9168.30	2370.25	11538.55	13908.80	50048.30	-18.32	27.79	20.26	24	日换手率达到20的前5只证券	20201102	星期一
27	003015	日久光电	实力游资卖出，成功率28.73	15.52	-9.98	-2214.26	1962.96	4177.22	6140.18	22095.13	-10.02	27.79	20.15	11	日跌幅偏离值达到7的前5只证券	20201102	星期一
28	003015	日久光电	实力游资卖出，成功率28.73	15.52	-9.98	-2214.26	1962.96	4177.22	6140.18	22095.13	-10.02	27.79	20.15	11	日换手率达到20的前5只证券	20201102	星期一
29	003017	大洋生物	1家机构买入，成功率63.42	48.28	10.00	240.65	2075.45	1834.81	3910.26	18819.95	1.28	20.78	26.74	7	日换手率达到20的前5只证券	20201102	星期一
30	300124	汇川技术	2家机构买入，成功率44.16	77.09	20.00	-38781.78	35512.44	74294.23	109806.67	232126.65	-16.71	47.30	2.21	1065	日涨幅达到15的前5只证券	20201102	星期一
31	300274	阳光电源	1家机构买入，成功率42.25	45.33	16.74	63070.82	168679.85	105609.04	274288.89	836400.35	7.54	32.79	9.59	491	连续三个交易日内，涨幅偏离值累计达到30的证券	20201102	星期一
32	300286	安科瑞	实力游资买入，成功率42.30	26.99	14.75	-3881.24	10404.89	14286.13	24691.02	160441.72	-2.42	15.39	22.09	46	连续三个交易日内，涨幅偏离值累计达到30的证券	20201102	星期一
33	300403	汉宇集团	实力游资买入，成功率41.24	8.30	19.94	5061.00	8557.48	3496.48	12053.95	39686.57	12.75	30.37	13.09	32	日涨幅达到15的前5只证券	20201102	星期一
34	300431	暴风退	实力游资卖出，成功率43.33	0.28	-3.45	8.53	69.93	61.40	131.33	174.52	4.89	75.25	2.48	1	退市整理期	20201102	星期一
35	300611	美力科技	1家机构买入，成功率42.65	15.36	20.00	2068.40	5656.83	3588.43	9245.26	36938.84	5.60	25.03	20.75	19	日涨幅达到15的前5只证券	20201102	星期一
36	300720	海川智能	实力游资买入，成功率32.66	34.50	15.19	-4495.16	4298.84	8793.99	13092.83	77150.45	-5.83	16.97	54.97	14	日换手率达到30的前5只证券	20201102	星期一
37	300781	因赛集团	主力做T，成功率39.78	60.60	-4.57	-2354.38	3691.86	6046.24	9738.10	74801.55	-3.15	13.02	44.96	17	日换手率达到30的前5只证券	20201102	星期一
38	300819	聚杰微纤	实力游资卖出，成功率41.93	46.91	-1.26	2887.41	6724.78	3837.37	10562.16	50888.96	5.67	20.76	42.82	12	日换手率达到30的前5只证券	20201102	星期一
39	300836	佰奥智能	实力游资买入，成功率45.75	70.42	20.01	4096.71	6111.61	2014.90	8126.51	38681.76	10.59	21.01	47.62	9	日涨幅达到15的前5只证券	20201102	星期一
40	300836	佰奥智能	实力游资买入，成功率45.75	70.42	20.01	4096.71	6111.61	2014.90	8126.51	38681.76	10.59	21.01	47.62	9	日换手率达到30的前5只证券	20201102	星期一
41	300843	胜蓝股份	实力游资买入，成功率42.29	48.46	20.01	-8641.63	5541.53	14183.15	19724.68	82263.55	-10.50	23.98	47.62	18	日涨幅达到15的前5只证券	20201102	星期一
42	300843	胜蓝股份	实力游资买入，成功率42.29	48.46	20.01	-8641.63	5541.53	14183.15	19724.68	82263.55	-10.50	23.98	47.62	18	日换手率达到30的前5只证券	20201102	星期一
43	300843	胜蓝股份	主力做T，成功率40.95	48.46	20.01	-756.11	12898.90	13655.02	26553.92	141496.61	-0.53	18.77	47.62	18	连续三个交易日内，涨幅偏离值累计达到30的证券	20201102	星期一
44	600006	东风汽车	1家机构买入，成功率43.46	6.70	7.72	3810.14	18654.82	14844.68	33499.50	250330.57	1.52	13.38	7.40	134	非ST、*ST和S证券连续三个交易日内收盘价格涨幅偏离值累计达到20的证券	20201102	星期一
45	600505	西昌电力	山东资金卖出，成功率34.26	6.71	-10.05	-1681.78	1062.26	2744.03	3806.29	5577.92	-30.15	68.24	2.18	24	有价格涨跌幅限制的日收盘价格跌幅偏离值达到7的前三只证券	20201102	星期一
46	600613	神奇制药	卖一主卖，成功率33.33	5.92	-10.03	-510.48	204.30	714.78	919.08	1220.23	-41.83	75.32	0.43	28	有价格涨跌幅限制的日收盘价格跌幅偏离值达到7的前三只证券	20201102	星期一
47	600804	鹏博士	1家机构买入，成功率50.29	7.44	10.06	3722.26	6644.40	2922.14	9566.53	21102.90	17.64	45.33	2.01	107	有价格涨跌幅限制的日收盘价格涨幅偏离值达到7的前三只证券	20201102	星期一
48	600983	惠而浦	1家机构买入，成功率42.20	6.78	10.06	1153.84	1646.18	492.34	2138.53	6411.88	18.00	33.35	1.86	36	有价格涨跌幅限制的日收盘价格涨幅偏离值达到7的前三只证券	20201102	星期一
49	601456	国联证券	卖一主卖，成功率33.35	15.00	-10.02	-4987.35	10828.33	15815.68	26644.02	179659.32	-2.78	14.83	24.15	71	有价格涨跌幅限制的日价格振幅达到15的前三只证券	20201102	星期一
50	601456	国联证券	卖一主卖，成功率33.35	15.00	-10.02	-4987.35	10828.33	15815.68	26644.02	179659.32	-2.78	14.83	24.15	71	有价格涨跌幅限制的日换手率达到20的前三只证券	20201102	星期一
51	601865	福莱特	1家机构买入，成功率39.47	44.43	8.90	12322.96	39119.44	26796.48	65915.91	282128.94	4.37	23.36	7.34	151	非ST、*ST和S证券连续三个交易日内收盘价格涨幅偏离值累计达到20的证券	20201102	星期一
52	601866	中远海发	实力游资买入，成功率35.12	2.30	10.05	6306.61	8517.89	2211.28	10729.16	35557.34	17.74	30.17	2.02	182	有价格涨跌幅限制的日收盘价格涨幅偏离值达到7的前三只证券	20201102	星期一
53	601995	N中金	2家机构买入，成功率42.33	37.70	30.99	26061.69	50668.79	24607.10	75275.89	493269.66	5.28	15.26	49.27	98	无价格涨跌幅限制的证券	20201102	星期一
54	601995	N中金	2家机构买入，成功率42.33	37.70	30.99	26061.69	50668.79	24607.10	75275.89	493269.66	5.28	15.26	49.27	98	当日无价格涨跌幅限制的A股，出现异常波动停牌的	20201102	星期一
55	603501	韦尔股份	3家机构买入，成功率37.84	217.82	10.00	-19035.76	316108.90	335144.67	651253.57	1045359.37	-1.82	62.30	2.44	1662	非ST、*ST和S证券连续三个交易日内收盘价格涨幅偏离值累计达到20的证券	20201102	星期一
56	603569	长久物流	卖一主卖，成功率36.15	8.98	-10.02	-748.03	620.96	1368.99	1989.95	7081.22	-10.56	28.10	1.39	50	有价格涨跌幅限制的日收盘价格跌幅偏离值达到7的前三只证券	20201102	星期一
57	603786	科博达	4家机构买入，成功率45.06	68.60	6.67	-918.36	8487.89	9406.25	17894.15	18134.52	-5.06	98.67	6.83	28	有价格涨跌幅限制的日价格振幅达到15的前三只证券	20201102	星期一
58	603808	歌力思	1家机构卖出，成功率42.86	13.45	-7.75	-14003.08	13855.33	27858.40	41713.73	81223.08	-17.24	51.36	6.85	45	非ST、*ST和S证券连续三个交易日内收盘价格跌幅偏离值累计达到20的证券	20201102	星期一
59	605111	新洁能	实力游资卖出，成功率61.49	122.70	-1.82	4386.00	17699.44	13313.44	31012.88	91035.03	4.82	34.07	30.06	31	有价格涨跌幅限制的日换手率达到20的前三只证券	20201102	星期一
60	605358	立昂微	上海资金卖出，成功率31.07	47.70	-10.00	-6810.00	5570.10	12380.10	17950.20	46826.56	-14.54	38.33	23.39	19	有价格涨跌幅限制的日价格振幅达到15的前三只证券	20201102	星期一
61	605358	立昂微	上海资金卖出，成功率31.07	47.70	-10.00	-6810.00	5570.10	12380.10	17950.20	46826.56	-14.54	38.33	23.39	19	有价格涨跌幅限制的日换手率达到20的前三只证券	20201102	星期一
62	900904	神奇B股	卖一主卖，成功率45.52	0.56	-10.00	-2.88	5.21	8.09	13.30	16.64	-17.29	79.92	0.54	0	有价格涨跌幅限制的日收盘价格跌幅偏离值达到7的前三只证券	20201102	星期一
63	900937	华电B股	卖一主卖，成功率53.68	0.14	-10.06	-19.01	15.02	34.02	49.04	49.27	-38.57	99.53	0.79	1	有价格涨跌幅限制的日收盘价格跌幅偏离值达到7的前三只证券	20201102	星期一
