1	000301	东方盛虹	1家机构买入，成功率58.73	10.87	9.36	4333.31	17277.96	12944.65	30222.61	51732.51	8.38	58.42	3.93	137	日涨幅偏离值达到7的前5只证券	20201124	星期二
2	000545	金浦钛业	浙江资金卖出，成功率26.67	4.15	-9.98	-1945.48	1678.55	3624.03	5302.58	15101.43	-12.88	35.11	3.79	40	日跌幅偏离值达到7的前5只证券	20201124	星期二
3	000573	粤宏远A	实力游资买入，成功率14.52	3.74	10.00	693.18	6464.12	5770.94	12235.06	21663.51	3.20	56.48	9.22	24	日涨幅偏离值达到7的前5只证券	20201124	星期二
4	000573	粤宏远A	实力游资买入，成功率18.69	3.74	10.00	5230.61	11381.36	6150.75	17532.11	35917.44	14.56	48.81	9.22	24	连续三个交易日内，涨幅偏离值累计达到20的证券	20201124	星期二
5	000615	奥园美谷	1家机构买入，成功率42.26	5.41	9.96	2056.73	4639.75	2583.02	7222.76	24847.81	8.28	29.07	6.02	42	日涨幅偏离值达到7的前5只证券	20201124	星期二
6	000809	铁岭新城	实力游资买入，成功率37.67	2.38	10.19	1223.04	2952.28	1729.24	4681.52	5265.20	23.23	88.91	2.78	20	日涨幅偏离值达到7的前5只证券	20201124	星期二
7	000816	智慧农业	实力游资卖出，成功率28.06	4.12	-10.04	-3493.02	5768.02	9261.04	15029.06	72699.50	-4.80	20.67	13.20	55	日跌幅偏离值达到7的前5只证券	20201124	星期二
8	000939	凯迪退	卖一主卖，成功率36.67	0.24	-11.11	-1.57	1.55	3.12	4.67	3.12	-50.35	149.65	0.00	7	退市整理期	20201124	星期二
9	000985	大庆华科	实力游资买入，成功率53.41	15.98	8.86	-564.12	997.12	1561.24	2558.36	12635.59	-4.46	20.25	6.32	21	日涨幅偏离值达到7的前5只证券	20201124	星期二
10	002176	*ST江特	1家机构买入，成功率65.45	2.47	5.11	174.84	4262.29	4087.45	8349.74	27573.07	0.63	30.28	2.08	42	连续三个交易日内，涨幅偏离值累计达到12的ST证券、*ST证券	20201124	星期二
11	002192	*ST融捷	上海资金买入，成功率47.62	28.53	5.01	3922.58	9677.09	5754.51	15431.60	63962.30	6.13	24.13	3.95	74	连续三个交易日内，涨幅偏离值累计达到12的ST证券、*ST证券	20201124	星期二
12	002245	澳洋顺昌	3家机构买入，成功率55.63	10.53	10.03	-6874.92	16418.77	23293.68	39712.45	149125.06	-4.61	26.63	15.66	96	日涨幅偏离值达到7的前5只证券	20201124	星期二
13	002245	澳洋顺昌	3家机构买入，成功率50.45	10.53	10.03	-7624.57	21365.72	28990.29	50356.02	203082.74	-3.75	24.80	15.66	96	连续三个交易日内，涨幅偏离值累计达到20的证券	20201124	星期二
14	002342	巨力索具	主力做T，成功率48.12	4.39	4.28	-1334.78	7683.66	9018.45	16702.11	116411.06	-1.15	14.35	23.51	38	连续三个交易日内，涨幅偏离值累计达到20的证券	20201124	星期二
15	002342	巨力索具	西藏自治区资金买入，成功率36.33	4.39	4.28	-4681.66	4494.04	9175.70	13669.74	91409.17	-5.12	14.95	23.51	38	日换手率达到20的前5只证券	20201124	星期二
16	002379	宏创控股	实力游资卖出，成功率61.28	3.87	-9.37	-2341.49	3866.00	6207.49	10073.48	64700.05	-3.62	15.57	17.72	36	日跌幅偏离值达到7的前5只证券	20201124	星期二
17	002466	天齐锂业	1家机构买入，成功率49.42	27.35	10.02	19178.71	70983.72	51805.01	122788.74	448220.04	4.28	27.39	11.44	403	日涨幅偏离值达到7的前5只证券	20201124	星期二
18	002466	天齐锂业	1家机构买入，成功率42.94	27.35	10.02	47752.64	148296.79	100544.14	248840.93	1065752.74	4.48	23.35	11.44	403	连续三个交易日内，涨幅偏离值累计达到20的证券	20201124	星期二
19	002506	协鑫集成	买一主买，成功率47.35	4.08	9.97	-12322.20	17057.00	29379.20	46436.19	190314.56	-6.47	24.40	9.38	207	日涨幅偏离值达到7的前5只证券	20201124	星期二
20	002553	南方轴承	1家机构买入，成功率45.46	11.30	0.09	-151.31	7622.57	7773.88	15396.45	95112.18	-0.16	16.19	35.37	26	日振幅值达到15的前5只证券	20201124	星期二
21	002553	南方轴承	1家机构买入，成功率45.46	11.30	0.09	-151.31	7622.57	7773.88	15396.45	95112.18	-0.16	16.19	35.37	26	日换手率达到20的前5只证券	20201124	星期二
22	002612	朗姿股份	1家机构卖出，成功率55.81	13.72	-2.14	-665.74	10960.69	11626.43	22587.12	128296.21	-0.52	17.61	10.54	36	连续三个交易日内，跌幅偏离值累计达到20的证券	20201124	星期二
23	002646	青青稞酒	主力做T，成功率24.77	18.65	-9.11	-4157.40	7189.89	11347.29	18537.18	77943.58	-5.33	23.78	9.20	84	日跌幅偏离值达到7的前5只证券	20201124	星期二
24	002756	永兴材料	1家机构买入，成功率51.29	28.11	7.41	-992.16	19750.74	20742.90	40493.64	128315.55	-0.77	31.56	9.63	61	连续三个交易日内，涨幅偏离值累计达到20的证券	20201124	星期二
25	002824	和胜股份	主力做T，成功率40.86	22.39	10.02	-314.08	3694.36	4008.44	7702.80	34140.63	-0.92	22.56	15.53	24	日振幅值达到15的前5只证券	20201124	星期二
26	002998	优彩资源	实力游资买入，成功率34.68	12.27	10.04	1905.20	5544.94	3639.74	9184.67	43129.30	4.42	21.30	45.05	10	日涨幅偏离值达到7的前5只证券	20201124	星期二
27	002998	优彩资源	实力游资买入，成功率34.68	12.27	10.04	1905.20	5544.94	3639.74	9184.67	43129.30	4.42	21.30	45.05	10	日换手率达到20的前5只证券	20201124	星期二
28	003012	东鹏控股	1家机构买入，成功率68.19	16.92	10.01	10897.86	15284.69	4386.83	19671.51	63154.91	17.26	31.15	27.10	24	日涨幅偏离值达到7的前5只证券	20201124	星期二
29	003012	东鹏控股	1家机构买入，成功率68.19	16.92	10.01	10897.86	15284.69	4386.83	19671.51	63154.91	17.26	31.15	27.10	24	日换手率达到20的前5只证券	20201124	星期二
30	003019	宸展光电	实力游资卖出，成功率36.57	40.73	-5.30	-1817.32	2354.66	4171.98	6526.64	33905.64	-5.36	19.25	25.73	13	日换手率达到20的前5只证券	20201124	星期二
31	300283	温州宏丰	实力游资买入，成功率42.35	7.46	19.94	3681.04	6070.66	2389.62	8460.28	37505.74	9.81	22.56	19.98	19	日涨幅达到15的前5只证券	20201124	星期二
32	300444	双杰电气	买一主买，成功率31.83	7.34	18.77	3823.43	7458.22	3634.79	11093.01	72967.62	5.24	15.20	29.19	26	日涨幅达到15的前5只证券	20201124	星期二
33	300727	润禾材料	西藏自治区资金买入，成功率38.44	41.45	9.08	-419.62	5145.57	5565.19	10710.76	100903.39	-0.42	10.61	68.87	16	日振幅值达到30的前5只证券	20201124	星期二
34	300727	润禾材料	西藏自治区资金买入，成功率38.44	41.45	9.08	-419.62	5145.57	5565.19	10710.76	100903.39	-0.42	10.61	68.87	16	日换手率达到30的前5只证券	20201124	星期二
35	300807	天迈科技	实力游资卖出，成功率28.07	56.12	-7.24	-1714.12	3629.35	5343.47	8972.82	48177.57	-3.56	18.62	49.26	10	日换手率达到30的前5只证券	20201124	星期二
36	300822	贝仕达克	2家机构买入，成功率45.59	60.42	5.30	-2597.18	5941.61	8538.79	14480.39	65080.79	-3.99	22.25	39.53	16	日换手率达到30的前5只证券	20201124	星期二
37	300835	龙磁科技	西藏自治区资金买入，成功率36.09	74.35	8.05	676.56	2490.65	1814.09	4304.74	50137.73	1.35	8.59	38.94	13	日换手率达到30的前5只证券	20201124	星期二
38	300863	卡倍亿	主力做T，成功率32.23	146.68	4.04	254.86	4501.08	4246.21	8747.29	74316.52	0.34	11.77	37.63	19	日换手率达到30的前5只证券	20201124	星期二
39	600121	郑州煤电	浙江资金买入，成功率44.72	3.11	9.89	1223.74	2435.13	1211.39	3646.52	23359.30	5.24	15.61	0.86	38	非ST、*ST和S证券连续三个交易日内收盘价格涨幅偏离值累计达到20的证券	20201124	星期二
40	600189	泉阳泉	浙江资金卖出，成功率49.82	9.09	-10.00	-7658.88	7117.11	14775.99	21893.09	67121.66	-11.41	32.62	12.78	51	有价格涨跌幅限制的日收盘价格跌幅偏离值达到7的前三只证券	20201124	星期二
41	600199	金种子酒	西藏自治区资金买入，成功率30.53	12.19	5.00	-6451.52	9201.79	15653.31	24855.10	145473.28	-4.43	17.09	20.61	74	有价格涨跌幅限制的日价格振幅达到15的前三只证券	20201124	星期二
42	600723	首商股份	实力游资卖出，成功率46.35	10.79	-8.56	-1704.87	2965.29	4670.16	7635.45	26316.29	-6.48	29.01	3.57	71	有价格涨跌幅限制的日收盘价格跌幅偏离值达到7的前三只证券	20201124	星期二
43	600979	广安爱众	实力游资买入，成功率33.82	3.61	10.06	2559.18	3187.54	628.36	3815.90	5569.42	45.95	68.52	1.27	44	有价格涨跌幅限制的日收盘价格涨幅偏离值达到7的前三只证券	20201124	星期二
44	601360	三六零	实力游资买入，成功率35.11	16.67	10.03	6190.03	13832.58	7642.55	21475.13	125975.81	4.91	17.05	4.30	298	有价格涨跌幅限制的日收盘价格涨幅偏离值达到7的前三只证券	20201124	星期二
45	601388	怡球资源	实力游资买入，成功率29.86	3.59	10.12	8276.54	15118.40	6841.86	21960.26	84298.25	9.82	26.05	12.22	72	有价格涨跌幅限制的日收盘价格涨幅偏离值达到7的前三只证券	20201124	星期二
46	603348	文灿股份	实力游资卖出，成功率42.98	33.36	-9.98	-4805.35	7719.81	12525.15	20244.96	60304.45	-7.97	33.57	18.60	31	有价格涨跌幅限制的日收盘价格跌幅偏离值达到7的前三只证券	20201124	星期二
47	603948	建业股份	实力游资买入，成功率8.89	28.69	10.01	-2755.43	3921.04	6676.47	10597.52	61694.96	-4.47	17.18	32.55	11	非ST、*ST和S证券连续三个交易日内收盘价格涨幅偏离值累计达到20的证券	20201124	星期二
48	605007	五洲特纸	卖一主卖，成功率19.26	25.10	-3.68	-3463.80	2934.82	6398.62	9333.44	36751.33	-9.42	25.40	35.93	10	有价格涨跌幅限制的日换手率达到20的前三只证券	20201124	星期二
49	605333	沪光股份	实力游资卖出，成功率29.20	20.54	-6.21	-2101.11	1575.23	3676.34	5251.58	30261.38	-6.94	17.35	35.85	8	有价格涨跌幅限制的日换手率达到20的前三只证券	20201124	星期二
50	605399	晨光新材	实力游资卖出，成功率46.88	23.10	-0.35	1179.78	5792.41	4612.63	10405.04	46031.77	2.56	22.60	42.15	11	有价格涨跌幅限制的日换手率达到20的前三只证券	20201124	星期二
51	688536	思瑞浦	2家机构买入，成功率48.27	381.31	16.22	19745.03	25452.72	5707.69	31160.42	66415.65	29.73	46.92	9.84	69	有价格涨跌幅限制的日收盘价格涨幅达到15的前五只证券	20201124	星期二
