1	000517	荣安地产	买一主买，成功率40.71	3.25	10.17	5523.70	6767.30	1243.60	8010.90	17085.62	32.33	46.89	2.17	80	日涨幅偏离值达到7的前5只证券	20201130	星期一
2	000545	金浦钛业	主力做T，成功率29.73	3.80	0.53	-2497.50	5144.05	7641.56	12785.61	80645.03	-3.10	15.85	21.78	36	日换手率达到20的前5只证券	20201130	星期一
3	000619	海螺型材	1家机构买入，成功率48.79	6.92	10.02	1406.15	2938.77	1532.62	4471.39	10956.45	12.83	40.81	4.49	25	日涨幅偏离值达到7的前5只证券	20201130	星期一
4	000628	高新发展	实力游资买入，成功率36.56	9.80	9.99	2880.53	3783.34	902.81	4686.15	6188.24	46.55	75.73	1.25	18	连续三个交易日内，涨幅偏离值累计达到20的证券	20201130	星期一
5	000751	锌业股份	买一主买，成功率36.82	3.78	9.88	4821.27	6328.53	1507.26	7835.79	25657.32	18.79	30.54	4.93	53	日涨幅偏离值达到7的前5只证券	20201130	星期一
6	000798	中水渔业	1家机构买入，成功率42.12	7.37	10.00	1074.43	2241.43	1167.00	3408.43	7019.36	15.31	48.56	3.04	24	日涨幅偏离值达到7的前5只证券	20201130	星期一
7	000798	中水渔业	1家机构买入，成功率47.43	7.37	10.00	2078.23	3713.06	1634.83	5347.89	14245.51	14.59	37.54	3.04	24	连续三个交易日内，涨幅偏离值累计达到20的证券	20201130	星期一
8	000936	华西股份	实力游资买入，成功率39.18	7.84	9.96	4989.20	7042.36	2053.17	9095.53	27660.23	18.04	32.88	4.08	69	日涨幅偏离值达到7的前5只证券	20201130	星期一
9	000939	凯迪退	实力游资卖出，成功率40.71	0.16	-11.11	-1235.17	662.29	1897.46	2559.76	2630.45	-46.96	97.31	5.41	5	退市整理期	20201130	星期一
10	002075	沙钢股份	主力做T，成功率46.93	12.27	-9.71	239.43	26827.33	26587.90	53415.23	168495.80	0.14	31.70	6.03	271	日跌幅偏离值达到7的前5只证券	20201130	星期一
11	002235	安妮股份	实力游资买入，成功率29.09	5.80	10.06	4181.82	7172.14	2990.33	10162.47	39573.20	10.57	25.68	13.33	31	日涨幅偏离值达到7的前5只证券	20201130	星期一
12	002348	高乐股份	买一主买，成功率48.52	3.00	9.89	2884.92	4468.91	1583.99	6052.91	14534.59	19.85	41.64	5.93	25	日涨幅偏离值达到7的前5只证券	20201130	星期一
13	002404	嘉欣丝绸	1家机构买入，成功率53.73	8.17	9.96	-1642.88	6279.09	7921.97	14201.06	40316.67	-4.07	35.22	10.97	38	日涨幅偏离值达到7的前5只证券	20201130	星期一
14	002510	天汽模	实力游资买入，成功率68.79	5.73	9.98	2166.29	3071.89	905.60	3977.49	9337.00	23.20	42.60	0.99	44	连续三个交易日内，涨幅偏离值累计达到20的证券	20201130	星期一
15	002647	仁东控股	卖一主卖，成功率32.02	39.48	-10.01	-542.46	612.33	1154.79	1767.12	1154.79	-46.97	153.03	0.05	221	日跌幅偏离值达到7的前5只证券	20201130	星期一
16	002647	仁东控股	卖一主卖，成功率33.49	39.48	-10.01	-950.53	967.60	1918.13	2885.73	1918.13	-49.56	150.44	0.05	221	连续三个交易日内，跌幅偏离值累计达到20的证券	20201130	星期一
17	002670	国盛金控	主力做T，成功率44.00	12.38	7.09	-12426.57	29850.42	42276.99	72127.41	347517.83	-3.58	20.76	10.29	201	连续三个交易日内，涨幅偏离值累计达到20的证券	20201130	星期一
18	002682	龙洲股份	实力游资卖出，成功率50.31	5.28	-10.05	-3091.55	3646.10	6737.65	10383.75	60764.82	-5.09	17.09	19.95	29	日跌幅偏离值达到7的前5只证券	20201130	星期一
19	002831	裕同科技	4家机构卖出，成功率40.30	26.27	-9.69	-7291.70	27498.35	34790.06	62288.41	63644.08	-11.46	97.87	5.69	110	日跌幅偏离值达到7的前5只证券	20201130	星期一
20	002862	实丰文化	买一主买，成功率53.33	22.81	5.31	-1401.00	8819.72	10220.72	19040.43	27266.50	-5.14	69.83	11.53	26	日振幅值达到15的前5只证券	20201130	星期一
21	002862	实丰文化	买一主买，成功率53.33	22.81	5.31	-1401.00	8819.72	10220.72	19040.43	27266.50	-5.14	69.83	11.53	26	日换手率达到20的前5只证券	20201130	星期一
22	002863	今飞凯达	浙江资金买入，成功率50.00	10.97	2.81	-11613.34	13231.51	24844.85	38076.36	74437.30	-15.60	51.15	17.88	43	日振幅值达到15的前5只证券	20201130	星期一
23	002870	香山股份	江苏资金卖出，成功率48.44	25.73	-9.97	-1119.18	3137.47	4256.65	7394.12	26064.35	-4.29	28.37	20.41	12	日振幅值达到15的前5只证券	20201130	星期一
24	002870	香山股份	江苏资金卖出，成功率48.44	25.73	-9.97	-1119.18	3137.47	4256.65	7394.12	26064.35	-4.29	28.37	20.41	12	日跌幅偏离值达到7的前5只证券	20201130	星期一
25	002938	鹏鼎控股	3家机构买入，成功率46.57	55.65	10.00	3984.27	36383.54	32399.27	68782.81	130566.74	3.05	52.68	4.94	267	日涨幅偏离值达到7的前5只证券	20201130	星期一
26	002948	青岛银行	实力游资买入，成功率38.19	5.41	6.50	9437.45	15013.62	5576.16	20589.78	69712.08	13.54	29.54	20.81	33	日换手率达到20的前5只证券	20201130	星期一
27	002996	顺博合金	1家机构买入，成功率32.96	14.84	10.01	3835.08	4542.63	707.55	5250.18	15991.22	23.98	32.83	20.82	8	日涨幅偏离值达到7的前5只证券	20201130	星期一
28	002996	顺博合金	1家机构买入，成功率32.96	14.84	10.01	3835.08	4542.63	707.55	5250.18	15991.22	23.98	32.83	20.82	8	日换手率达到20的前5只证券	20201130	星期一
29	003000	华文食品	1家机构买入，成功率39.17	19.73	3.84	-678.02	3331.53	4009.54	7341.07	21849.30	-3.10	33.60	28.10	8	日换手率达到20的前5只证券	20201130	星期一
30	003002	壶化股份	1家机构买入，成功率34.69	18.49	4.52	863.99	2653.13	1789.14	4442.28	19738.41	4.38	22.51	21.40	9	日换手率达到20的前5只证券	20201130	星期一
31	300094	国联水产	1家机构买入，成功率46.00	5.80	10.27	-4355.64	11034.03	15389.68	26423.71	121938.26	-3.57	21.67	17.55	51	连续三个交易日内，涨幅偏离值累计达到30的证券	20201130	星期一
32	300220	金运激光	2家机构买入，成功率47.77	26.81	15.81	517.26	2596.48	2079.21	4675.69	22854.91	2.26	20.46	5.94	40	日涨幅达到15的前5只证券	20201130	星期一
33	300727	润禾材料	1家机构买入，成功率42.58	42.56	19.99	5728.61	9135.38	3406.77	12542.15	87743.96	6.53	14.29	19.83	48	日涨幅达到15的前5只证券	20201130	星期一
34	300807	天迈科技	主力做T，成功率29.07	59.15	7.74	-921.64	2154.30	3075.94	5230.24	39497.80	-2.33	13.24	40.21	10	日换手率达到30的前5只证券	20201130	星期一
35	300908	仲景食品	3家机构买入，成功率42.08	102.98	1.46	3307.35	9146.52	5839.17	14985.70	80611.11	4.10	18.59	34.08	24	日换手率达到30的前5只证券	20201130	星期一
36	600105	永鼎股份	卖一主卖，成功率35.56	5.03	-10.02	-9582.78	7854.95	17437.73	25292.68	68519.01	-13.99	36.91	9.88	69	有价格涨跌幅限制的日收盘价格跌幅偏离值达到7的前三只证券	20201130	星期一
37	600191	华资实业	买一主买，成功率28.36	5.68	10.08	3220.19	4088.36	868.17	4956.53	7136.21	45.12	69.46	2.63	28	有价格涨跌幅限制的日收盘价格涨幅偏离值达到7的前三只证券	20201130	星期一
38	600707	彩虹股份	买一主买，成功率54.48	6.46	10.05	11515.29	18013.87	6498.58	24512.45	69616.99	16.54	35.21	4.45	160	有价格涨跌幅限制的日收盘价格涨幅偏离值达到7的前三只证券	20201130	星期一
39	600744	华银电力	实力游资卖出，成功率53.66	3.16	-4.82	-1743.98	3047.51	4791.49	7838.99	45344.79	-3.85	17.29	17.46	26	有价格涨跌幅限制的日价格振幅达到15的前三只证券	20201130	星期一
40	600844	丹化科技	买一主买，成功率50.37	3.18	10.03	1316.90	1807.80	490.90	2298.70	5460.35	24.12	42.10	2.15	26	有价格涨跌幅限制的日收盘价格涨幅偏离值达到7的前三只证券	20201130	星期一
41	601187	厦门银行	实力游资买入，成功率36.04	11.69	2.90	2939.92	16511.75	13571.83	30083.58	208594.83	1.41	14.42	64.44	31	有价格涨跌幅限制的日换手率达到20的前三只证券	20201130	星期一
42	603011	合锻智能	实力游资卖出，成功率34.17	6.85	-0.58	-2133.95	2985.83	5119.78	8105.62	50005.10	-4.27	16.21	16.12	31	有价格涨跌幅限制的日价格振幅达到15的前三只证券	20201130	星期一
43	603026	石大胜华	2家机构卖出，成功率29.85	46.74	-9.99	-4960.53	11994.31	16954.84	28949.15	179012.06	-2.77	16.17	11.21	95	非ST、*ST和S证券连续三个交易日内收盘价格跌幅偏离值累计达到20的证券	20201130	星期一
44	603100	川仪股份	实力游资卖出，成功率40.16	12.42	-10.00	-636.32	1572.44	2208.75	3781.19	19581.53	-3.25	19.31	3.83	49	有价格涨跌幅限制的日收盘价格跌幅偏离值达到7的前三只证券	20201130	星期一
45	603519	立霸股份	实力游资卖出，成功率45.76	15.93	-10.00	-235.73	2585.99	2821.72	5407.71	14187.04	-1.66	38.12	3.93	35	有价格涨跌幅限制的日收盘价格跌幅偏离值达到7的前三只证券	20201130	星期一
46	605007	五洲特纸	广东资金买入，成功率22.00	27.00	6.22	1053.81	5284.83	4231.02	9515.85	52087.72	2.02	18.27	49.48	11	有价格涨跌幅限制的日换手率达到20的前三只证券	20201130	星期一
47	605177	东亚药业	卖一主卖，成功率38.51	51.99	-4.15	1068.32	6359.09	5290.77	11649.86	65719.57	1.63	17.73	45.43	15	有价格涨跌幅限制的日价格振幅达到15的前三只证券	20201130	星期一
48	605177	东亚药业	卖一主卖，成功率38.51	51.99	-4.15	1068.32	6359.09	5290.77	11649.86	65719.57	1.63	17.73	45.43	15	有价格涨跌幅限制的日换手率达到20的前三只证券	20201130	星期一
49	900921	丹科B股	买一主买，成功率49.78	0.17	6.21	4.92	14.66	9.73	24.39	25.64	19.20	95.15	0.79	0	有价格涨跌幅限制的日收盘价格涨幅偏离值达到7的前三只证券	20201130	星期一
50	900948	伊泰Ｂ股	1家机构卖出，成功率48.10	0.51	-9.93	-1032.53	1980.45	3012.97	4993.42	3374.92	-30.59	147.96	4.94	6	有价格涨跌幅限制的日收盘价格跌幅偏离值达到7的前三只证券	20201130	星期一
