1	000545	金浦钛业	实力游资卖出，成功率34.61	4.45	-8.06	-3889.30	7295.90	11185.20	18481.10	122197.00	-3.18	15.12	28.76	43	日跌幅偏离值达到7的前5只证券	20201120	星期五
2	000545	金浦钛业	实力游资卖出，成功率34.61	4.45	-8.06	-3889.30	7295.90	11185.20	18481.10	122197.00	-3.18	15.12	28.76	43	日换手率达到20的前5只证券	20201120	星期五
3	000559	万向钱潮	1家机构买入，成功率52.28	6.73	9.97	8275.18	12796.93	4521.75	17318.68	53788.93	15.38	32.20	2.98	185	日涨幅偏离值达到7的前5只证券	20201120	星期五
4	000851	高鸿股份	实力游资买入，成功率43.15	7.26	10.00	2263.85	4340.15	2076.29	6416.44	35166.74	6.44	18.25	5.72	63	日涨幅偏离值达到7的前5只证券	20201120	星期五
5	000869	张裕A	1家机构买入，成功率44.57	38.84	10.00	-273.62	15917.00	16190.62	32107.61	63159.16	-0.43	50.84	3.66	176	日涨幅偏离值达到7的前5只证券	20201120	星期五
6	000887	中鼎股份	1家机构买入，成功率48.18	13.95	10.02	6171.98	14988.53	8816.56	23805.09	72374.52	8.53	32.89	4.41	170	日涨幅偏离值达到7的前5只证券	20201120	星期五
7	000939	凯迪退	卖一主卖，成功率20.00	0.30	-9.09	-2.90	3.06	5.96	9.02	5.96	-48.69	151.31	0.01	9	退市整理期	20201120	星期五
8	000957	中通客车	实力游资买入，成功率41.18	8.13	10.01	1458.39	3845.65	2387.26	6232.91	20768.04	7.02	30.01	4.41	48	日涨幅偏离值达到7的前5只证券	20201120	星期五
9	002149	西部材料	1家机构买入，成功率45.81	11.26	9.96	2376.15	6252.85	3876.69	10129.54	49959.77	4.76	20.28	10.91	48	日涨幅偏离值达到7的前5只证券	20201120	星期五
10	002172	澳洋健康	实力游资卖出，成功率12.56	3.15	-7.62	-2020.94	1923.01	3943.95	5866.96	36082.12	-5.60	16.26	14.94	24	日跌幅偏离值达到7的前5只证券	20201120	星期五
11	002245	澳洋顺昌	4家机构买入，成功率47.50	8.70	9.99	5987.69	12102.52	6114.83	18217.35	45122.28	13.27	40.37	5.76	80	日涨幅偏离值达到7的前5只证券	20201120	星期五
12	002379	宏创控股	主力做T，成功率34.57	3.88	9.91	3475.59	10140.65	6665.06	16805.71	65091.40	5.34	25.82	6.48	36	连续三个交易日内，涨幅偏离值累计达到20的证券	20201120	星期五
13	002466	天齐锂业	1家机构买入，成功率38.92	23.28	10.02	42196.50	56342.42	14145.93	70488.35	219898.60	19.19	32.05	6.71	343	日涨幅偏离值达到7的前5只证券	20201120	星期五
14	002553	南方轴承	主力做T，成功率47.56	10.26	9.97	-3868.59	3355.45	7224.04	10579.49	32440.17	-11.93	32.61	13.64	24	日涨幅偏离值达到7的前5只证券	20201120	星期五
15	002569	ST步森	浙江资金买入，成功率27.68	12.74	5.03	562.80	1539.21	976.41	2515.61	6068.77	9.27	41.45	2.41	18	连续三个交易日内，涨幅偏离值累计达到12的ST证券、*ST证券	20201120	星期五
16	002612	朗姿股份	实力游资卖出，成功率19.29	15.33	-9.98	-2455.84	2864.18	5320.02	8184.21	26166.73	-9.39	31.28	6.38	40	日跌幅偏离值达到7的前5只证券	20201120	星期五
17	002646	青青稞酒	卖一主卖，成功率30.50	19.87	-1.78	-2602.59	10067.04	12669.63	22736.67	115897.29	-2.25	19.62	13.29	89	日振幅值达到15的前5只证券	20201120	星期五
18	002674	兴业科技	1家机构卖出，成功率27.33	17.73	-10.00	-866.79	2856.74	3723.53	6580.27	19134.86	-4.53	34.39	3.55	51	日振幅值达到15的前5只证券	20201120	星期五
19	002674	兴业科技	1家机构卖出，成功率27.33	17.73	-10.00	-866.79	2856.74	3723.53	6580.27	19134.86	-4.53	34.39	3.55	51	日跌幅偏离值达到7的前5只证券	20201120	星期五
20	002781	奇信股份	卖一主卖，成功率32.77	18.79	-10.01	-412.82	84.74	497.56	582.30	497.56	-82.97	117.03	0.13	39	日跌幅偏离值达到7的前5只证券	20201120	星期五
21	002781	奇信股份	实力游资卖出，成功率49.92	18.79	-10.01	-13806.98	7245.31	21052.29	28297.59	53358.59	-25.88	53.03	0.13	39	连续三个交易日内，跌幅偏离值累计达到20的证券	20201120	星期五
22	002917	金奥博	主力做T，成功率41.15	11.50	0.97	-2971.94	1354.48	4326.42	5680.90	20181.54	-14.73	28.15	21.53	9	日换手率达到20的前5只证券	20201120	星期五
23	003000	华文食品	1家机构买入，成功率40.14	18.75	3.02	-1223.01	1407.25	2630.25	4037.50	15942.68	-7.67	25.33	21.31	8	日换手率达到20的前5只证券	20201120	星期五
24	003009	中天火箭	主力做T，成功率36.12	68.77	-5.39	-595.18	4111.99	4707.17	8819.16	76766.09	-0.78	11.49	28.18	27	日换手率达到20的前5只证券	20201120	星期五
25	003012	东鹏控股	2家机构买入，成功率47.93	15.49	5.37	7373.23	9339.72	1966.49	11306.22	46403.43	15.89	24.37	21.30	22	日换手率达到20的前5只证券	20201120	星期五
26	003019	宸展光电	实力游资买入，成功率51.11	45.21	10.00	7344.51	9142.05	1797.53	10939.58	54933.18	13.37	19.91	38.13	14	日涨幅偏离值达到7的前5只证券	20201120	星期五
27	003019	宸展光电	实力游资买入，成功率51.11	45.21	10.00	7554.37	9353.96	1799.59	11153.55	55295.14	13.66	20.17	38.13	14	连续三个交易日内，涨幅偏离值累计达到20的证券	20201120	星期五
28	003019	宸展光电	实力游资买入，成功率51.11	45.21	10.00	7344.51	9142.05	1797.53	10939.58	54933.18	13.37	19.91	38.13	14	日换手率达到20的前5只证券	20201120	星期五
29	300581	晨曦航空	浙江资金买入，成功率48.84	43.30	9.04	-323.28	17472.79	17796.07	35268.86	284041.21	-0.11	12.42	21.31	74	连续三个交易日内，涨幅偏离值累计达到30的证券	20201120	星期五
30	300681	英搏尔	1家机构买入，成功率43.68	46.03	19.99	1305.51	4847.18	3541.67	8388.85	44534.60	2.93	18.84	25.18	19	日涨幅达到15的前5只证券	20201120	星期五
31	300713	英可瑞	实力游资买入，成功率40.50	30.36	20.00	399.21	4138.82	3739.62	7878.44	52290.47	0.76	15.07	22.28	24	日涨幅达到15的前5只证券	20201120	星期五
32	300727	润禾材料	主力做T，成功率21.23	40.09	-4.32	-1282.06	4313.40	5595.46	9908.87	100314.25	-1.28	9.88	64.74	16	日换手率达到30的前5只证券	20201120	星期五
33	300776	帝尔激光	1家机构买入，成功率45.04	138.32	20.00	-1772.97	9829.63	11602.60	21432.23	49444.91	-3.59	43.35	8.26	63	日涨幅达到15的前5只证券	20201120	星期五
34	300807	天迈科技	实力游资买入，成功率48.73	70.55	20.00	443.81	7907.34	7463.54	15370.88	77996.53	0.57	19.71	73.26	12	日涨幅达到15的前5只证券	20201120	星期五
35	300807	天迈科技	实力游资买入，成功率48.73	70.55	20.00	443.81	7907.34	7463.54	15370.88	77996.53	0.57	19.71	73.26	12	日换手率达到30的前5只证券	20201120	星期五
36	300807	天迈科技	主力做T，成功率46.76	70.55	20.00	4684.44	12946.98	8262.54	21209.52	121705.03	3.85	17.43	73.26	12	连续三个交易日内，涨幅偏离值累计达到30的证券	20201120	星期五
37	300819	聚杰微纤	1家机构买入，成功率61.09	53.80	3.16	2855.37	11209.69	8354.33	19564.02	84460.32	3.38	23.16	65.57	13	日换手率达到30的前5只证券	20201120	星期五
38	300821	东岳硅材	1家机构买入，成功率45.03	16.51	11.55	5796.59	15714.11	9917.52	25631.63	199553.48	2.90	12.84	41.50	50	日换手率达到30的前5只证券	20201120	星期五
39	300891	惠云钛业	实力游资买入，成功率33.20	24.25	0.71	1892.84	7535.42	5642.58	13178.00	89402.80	2.12	14.74	40.00	23	日换手率达到30的前5只证券	20201120	星期五
40	600178	东安动力	普通席位买入，成功率37.26	9.79	10.00	4302.05	10104.16	5802.11	15906.26	160196.16	2.69	9.93	17.82	45	非ST、*ST和S证券连续三个交易日内收盘价格涨幅偏离值累计达到20的证券	20201120	星期五
41	600199	金种子酒	西藏自治区资金买入，成功率28.01	10.55	1.93	-1769.36	5207.31	6976.67	12183.99	94435.64	-1.87	12.90	14.99	64	有价格涨跌幅限制的日价格振幅达到15的前三只证券	20201120	星期五
42	600331	宏达股份	实力游资买入，成功率36.58	2.73	10.08	-4607.57	7591.13	12198.70	19789.84	38193.71	-12.06	51.81	7.10	55	有价格涨跌幅限制的日收盘价格涨幅偏离值达到7的前三只证券	20201120	星期五
43	600653	申华控股	实力游资买入，成功率38.14	2.07	10.11	2375.44	4882.00	2506.56	7388.55	14343.27	16.56	51.51	3.67	40	有价格涨跌幅限制的日收盘价格涨幅偏离值达到7的前三只证券	20201120	星期五
44	600798	宁波海运	实力游资买入，成功率36.11	3.80	10.14	1831.14	3719.69	1888.55	5608.24	26843.23	6.82	20.89	7.17	39	有价格涨跌幅限制的日收盘价格涨幅偏离值达到7的前三只证券	20201120	星期五
45	601008	连云港	西藏自治区资金买入，成功率37.19	4.55	0.66	-145.42	3740.46	3885.88	7626.34	55532.74	-0.26	13.73	12.46	46	有价格涨跌幅限制的日价格振幅达到15的前三只证券	20201120	星期五
46	601127	小康股份	实力游资买入，成功率46.36	14.75	9.99	-14488.28	18225.02	32713.31	50938.33	195211.08	-7.42	26.09	3.90	138	非ST、*ST和S证券连续三个交易日内收盘价格涨幅偏离值累计达到20的证券	20201120	星期五
47	601187	厦门银行	实力游资卖出，成功率33.22	10.20	-5.47	-9253.04	7118.79	16371.83	23490.63	119948.83	-7.71	19.58	44.77	27	有价格涨跌幅限制的日换手率达到20的前三只证券	20201120	星期五
48	603557	起步股份	实力游资卖出，成功率36.48	11.26	-9.99	-6700.91	4760.89	11461.80	16222.68	47134.05	-14.22	34.42	8.43	55	有价格涨跌幅限制的日收盘价格跌幅偏离值达到7的前三只证券	20201120	星期五
49	603557	起步股份	实力游资卖出，成功率32.14	11.26	-9.99	-8800.84	5129.71	13930.55	19060.26	64416.65	-13.66	29.59	8.43	55	非ST、*ST和S证券连续三个交易日内收盘价格跌幅偏离值累计达到20的证券	20201120	星期五
50	603655	朗博科技	浙江资金卖出，成功率34.44	57.31	-10.00	-1070.75	2223.07	3293.82	5516.89	11844.71	-9.04	46.58	5.84	19	有价格涨跌幅限制的日收盘价格跌幅偏离值达到7的前三只证券	20201120	星期五
51	605007	五洲特纸	实力游资卖出，成功率34.10	25.48	-10.00	-5169.65	5115.91	10285.56	15401.46	54500.39	-9.49	28.26	52.48	10	有价格涨跌幅限制的日收盘价格跌幅偏离值达到7的前三只证券	20201120	星期五
52	605007	五洲特纸	实力游资卖出，成功率34.10	25.48	-10.00	-5169.65	5115.91	10285.56	15401.46	54500.39	-9.49	28.26	52.48	10	有价格涨跌幅限制的日换手率达到20的前三只证券	20201120	星期五
53	605333	沪光股份	实力游资买入，成功率41.91	21.18	2.77	-1031.11	4554.30	5585.41	10139.71	45308.18	-2.28	22.38	53.28	8	有价格涨跌幅限制的日换手率达到20的前三只证券	20201120	星期五
54	688133	泰坦科技	3家机构买入，成功率60.34	125.00	17.04	6558.87	13118.00	6559.14	19677.14	33975.29	19.30	57.92	18.93	19	有价格涨跌幅限制的日收盘价格涨幅达到15的前五只证券	20201120	星期五
55	688160	步科股份	实力游资买入，成功率41.69	73.05	7.62	-333.98	3878.49	4212.47	8090.96	54597.91	-0.61	14.82	41.47	14	有价格涨跌幅限制的日换手率达到30的前五只证券	20201120	星期五
56	688599	天合光能	1家机构买入，成功率44.37	20.40	15.91	10953.63	18703.63	7750.00	26453.63	168457.98	6.50	15.70	29.49	58	有价格涨跌幅限制的日收盘价格涨幅达到15的前五只证券	20201120	星期五
57	689009	九号公司	实力游资买入，成功率26.19	86.65	17.64	77.62	11360.13	11282.51	22642.65	142826.64	0.05	15.85	-	-	有价格涨跌幅限制的日收盘价格涨幅达到15的前五只证券	20201120	星期五
