1	000004	国农科技	上海资金买入，成功率28.91	32.62	10.02	2621.08	8087.16	5466.08	13553.25	40157.46	6.53	33.75	15.13	27	日涨幅偏离值达到7的前5只证券	20201119	星期四
2	000545	金浦钛业	主力做T，成功率38.54	4.84	10.00	-8437.50	10370.50	18808.00	29178.51	161388.37	-5.23	18.08	35.89	46	日涨幅偏离值达到7的前5只证券	20201119	星期四
3	000545	金浦钛业	主力做T，成功率38.54	4.84	10.00	-8437.50	10370.50	18808.00	29178.51	161388.37	-5.23	18.08	35.89	46	日换手率达到20的前5只证券	20201119	星期四
4	000615	奥园美谷	实力游资卖出，成功率17.92	5.10	-6.42	-127.13	5238.68	5365.81	10604.49	49784.04	-0.26	21.30	11.82	39	日振幅值达到15的前5只证券	20201119	星期四
5	000615	奥园美谷	实力游资卖出，成功率17.92	5.10	-6.42	-127.13	5238.68	5365.81	10604.49	49784.04	-0.26	21.30	11.82	39	日跌幅偏离值达到7的前5只证券	20201119	星期四
6	000625	长安汽车	1家机构卖出，成功率51.58	20.25	-9.31	-117113.57	53495.59	170609.16	224104.75	717037.15	-16.33	31.25	8.52	790	日振幅值达到15的前5只证券	20201119	星期四
7	000625	长安汽车	1家机构卖出，成功率51.58	20.25	-9.31	-117113.57	53495.59	170609.16	224104.75	717037.15	-16.33	31.25	8.52	790	日跌幅偏离值达到7的前5只证券	20201119	星期四
8	000687	*ST华讯	1家机构买入，成功率32.07	1.82	5.20	518.28	1164.63	646.35	1810.98	5730.00	9.05	31.61	1.56	14	连续三个交易日内，涨幅偏离值累计达到12的ST证券、*ST证券和未完成股改证券	20201119	星期四
9	000768	中航飞机	买一主买，成功率30.30	28.71	10.00	7658.38	46857.42	39199.04	86056.46	265131.62	2.89	32.46	3.42	795	日涨幅偏离值达到7的前5只证券	20201119	星期四
10	000816	智慧农业	主力做T，成功率38.85	4.23	3.42	221.84	9701.99	9480.15	19182.15	142882.24	0.16	13.43	26.28	57	日换手率达到20的前5只证券	20201119	星期四
11	000830	鲁西化工	1家机构卖出，成功率36.03	12.27	-6.62	-14421.68	13679.57	28101.25	41780.81	139264.48	-10.36	30.00	7.63	180	日跌幅偏离值达到7的前5只证券	20201119	星期四
12	000923	河钢资源	主力做T，成功率58.19	19.78	-10.01	-76.11	8181.10	8257.21	16438.30	51510.29	-0.15	31.91	4.02	124	日跌幅偏离值达到7的前5只证券	20201119	星期四
13	000939	凯迪退	卖一主卖，成功率41.11	0.33	-10.81	-1.00	1.97	2.97	4.94	2.97	-33.59	166.41	0.00	10	退市整理期	20201119	星期四
14	002040	南京港	实力游资卖出，成功率24.73	6.90	-6.88	-1116.11	1116.12	2232.22	3348.34	16947.23	-6.59	19.76	5.03	33	日跌幅偏离值达到7的前5只证券	20201119	星期四
15	002083	孚日股份	卖一主卖，成功率32.91	5.13	-8.88	-6871.09	1809.89	8680.98	10490.88	33490.13	-20.52	31.33	7.31	45	日跌幅偏离值达到7的前5只证券	20201119	星期四
16	002172	澳洋健康	实力游资卖出，成功率34.80	3.41	-10.03	-55.12	1626.60	1681.72	3308.33	8944.98	-0.62	36.99	3.39	26	日跌幅偏离值达到7的前5只证券	20201119	星期四
17	002210	*ST飞马	实力游资卖出，成功率60.79	2.08	-3.70	-7637.69	1784.64	9422.34	11206.98	19536.08	-39.10	57.37	1.41	34	连续三个交易日内，跌幅偏离值累计达到12的ST证券、*ST证券	20201119	星期四
18	002379	宏创控股	湖北资金买入，成功率35.94	3.53	9.97	-346.57	4851.83	5198.40	10050.23	35425.76	-0.98	28.37	10.88	33	日涨幅偏离值达到7的前5只证券	20201119	星期四
19	002553	南方轴承	买一主买，成功率45.65	9.33	10.02	788.96	5661.11	4872.15	10533.26	32700.75	2.41	32.21	15.22	22	日涨幅偏离值达到7的前5只证券	20201119	星期四
20	002612	朗姿股份	1家机构买入，成功率47.72	17.03	10.01	3016.42	8631.32	5614.90	14246.22	75409.21	4.00	18.89	17.61	45	日涨幅偏离值达到7的前5只证券	20201119	星期四
21	002646	青青稞酒	实力游资买入，成功率46.51	20.23	10.01	-5382.37	9263.58	14645.95	23909.53	87741.43	-6.13	27.25	9.88	91	日涨幅偏离值达到7的前5只证券	20201119	星期四
22	002670	国盛金控	实力游资买入，成功率35.64	9.96	10.06	5089.81	8527.56	3437.75	11965.31	45066.55	11.29	26.55	2.86	162	日涨幅偏离值达到7的前5只证券	20201119	星期四
23	002760	凤形股份	浙江资金卖出，成功率43.12	20.70	-7.92	-628.34	2399.65	3027.99	5427.63	16886.35	-3.72	32.14	10.29	16	日振幅值达到15的前5只证券	20201119	星期四
24	002760	凤形股份	浙江资金卖出，成功率43.12	20.70	-7.92	-628.34	2399.65	3027.99	5427.63	16886.35	-3.72	32.14	10.29	16	日跌幅偏离值达到7的前5只证券	20201119	星期四
25	002781	奇信股份	实力游资卖出，成功率48.11	20.88	-10.00	-13808.48	7243.80	21052.29	28296.09	52861.03	-26.12	53.53	11.48	43	日跌幅偏离值达到7的前5只证券	20201119	星期四
26	002785	万里石	湖北资金卖出，成功率58.79	17.82	-5.06	-1807.84	5363.11	7170.96	12534.07	65016.56	-2.78	19.28	4.76	29	连续三个交易日内，跌幅偏离值累计达到20的证券	20201119	星期四
27	002996	顺博合金	2家机构卖出，成功率47.68	14.61	-1.28	-102.08	2700.70	2802.78	5503.47	18510.88	-0.55	29.73	24.20	8	日换手率达到20的前5只证券	20201119	星期四
28	003000	华文食品	卖一主卖，成功率39.52	18.20	-2.83	-1417.07	2782.28	4199.34	6981.62	18622.37	-7.61	37.49	25.40	7	日换手率达到20的前5只证券	20201119	星期四
29	003009	中天火箭	西藏自治区资金买入，成功率29.67	72.69	2.96	-1526.68	5100.45	6627.14	11727.59	101828.21	-1.50	11.52	36.12	28	日换手率达到20的前5只证券	20201119	星期四
30	300301	长方集团	主力做T，成功率47.64	5.88	20.00	3976.34	9172.74	5196.39	14369.13	102119.36	3.89	14.07	30.07	37	日涨幅达到15的前5只证券	20201119	星期四
31	300581	晨曦航空	实力游资买入，成功率46.41	39.71	20.01	5291.45	11042.01	5750.55	16792.56	82332.43	6.43	20.40	13.31	68	日涨幅达到15的前5只证券	20201119	星期四
32	300589	江龙船艇	买一主买，成功率44.50	33.97	19.99	5146.78	8767.80	3621.02	12388.83	85211.65	6.04	14.54	28.45	32	日涨幅达到15的前5只证券	20201119	星期四
33	300727	润禾材料	主力做T，成功率30.84	41.90	-7.71	-1567.53	4273.29	5840.82	10114.10	107438.57	-1.46	9.41	63.95	16	日换手率达到30的前5只证券	20201119	星期四
34	300807	天迈科技	实力游资买入，成功率38.75	58.79	20.00	3810.69	5867.64	2056.95	7924.59	43708.49	8.72	18.13	45.06	10	日涨幅达到15的前5只证券	20201119	星期四
35	300807	天迈科技	实力游资买入，成功率38.75	58.79	20.00	3810.69	5867.64	2056.95	7924.59	43708.49	8.72	18.13	45.06	10	日换手率达到30的前5只证券	20201119	星期四
36	300819	聚杰微纤	实力游资买入，成功率43.53	52.15	20.00	527.74	6978.59	6450.85	13429.44	75913.73	0.70	17.69	62.00	13	日涨幅达到15的前5只证券	20201119	星期四
37	300819	聚杰微纤	实力游资买入，成功率43.53	52.15	20.00	527.74	6978.59	6450.85	13429.44	75913.73	0.70	17.69	62.00	13	日换手率达到30的前5只证券	20201119	星期四
38	300891	惠云钛业	西藏自治区资金卖出，成功率42.91	24.08	-8.13	-108.71	6284.32	6393.03	12677.35	112111.86	-0.10	11.31	47.27	23	日换手率达到30的前5只证券	20201119	星期四
39	300900	广联航空	西藏自治区资金买入，成功率29.62	66.75	5.37	1746.62	6998.36	5251.75	12250.11	125660.79	1.39	9.75	42.59	30	日换手率达到30的前5只证券	20201119	星期四
40	600025	华能水电	买一主买，成功率50.00	4.25	0.00	5246.65	5246.65	-	5246.65	9716.13	54.00	54.00	0.26	379	单只标的证券的当日融资买入数量达到当日该证券总交易量的50％以上	20201119	星期四
41	600059	古越龙山	实力游资买入，成功率54.85	11.06	10.05	2909.79	9582.98	6673.19	16256.17	72952.31	3.99	22.28	8.27	89	有价格涨跌幅限制的日收盘价格涨幅偏离值达到7的前三只证券	20201119	星期四
42	600158	中体产业	1家机构买入，成功率48.23	15.97	9.99	9330.77	27548.52	18217.75	45766.26	218442.04	4.27	20.95	8.93	105	非ST、*ST和S证券连续三个交易日内收盘价格涨幅偏离值累计达到20的证券	20201119	星期四
43	600321	正源股份	实力游资卖出，成功率31.97	2.43	-5.45	-246.58	6384.45	6631.03	13015.47	111660.71	-0.22	11.66	8.94	37	非ST、*ST和S证券连续三个交易日内收盘价格跌幅偏离值累计达到20的证券	20201119	星期四
44	600679	上海凤凰	实力游资买入，成功率15.46	12.96	10.02	1351.21	1726.37	375.16	2101.53	2436.96	55.45	86.24	0.81	30	有价格涨跌幅限制的日收盘价格涨幅偏离值达到7的前三只证券	20201119	星期四
45	601187	厦门银行	买一主买，成功率29.21	10.79	6.52	-2107.88	17236.58	19344.46	36581.03	189167.47	-1.11	19.34	67.74	28	有价格涨跌幅限制的日换手率达到20的前三只证券	20201119	星期四
46	601579	会稽山	实力游资买入，成功率49.64	10.43	10.02	-17680.75	8531.10	26211.85	34742.95	50373.32	-35.10	68.97	9.78	52	有价格涨跌幅限制的日收盘价格涨幅偏离值达到7的前三只证券	20201119	星期四
47	601702	华峰铝业	实力游资卖出，成功率32.84	9.28	-9.99	-2707.50	6509.78	9217.28	15727.06	117832.05	-2.30	13.35	49.69	23	有价格涨跌幅限制的日收盘价格跌幅偏离值达到7的前三只证券	20201119	星期四
48	603533	掌阅科技	卖一主卖，成功率27.68	46.96	-10.00	5837.32	20565.62	14728.30	35293.92	127821.86	4.57	27.61	6.52	188	有价格涨跌幅限制的日收盘价格跌幅偏离值达到7的前三只证券	20201119	星期四
49	603557	起步股份	浙江资金卖出，成功率44.29	12.51	-10.00	-4068.85	1673.32	5742.17	7415.49	17282.60	-23.54	42.91	2.75	61	有价格涨跌幅限制的日收盘价格跌幅偏离值达到7的前三只证券	20201119	星期四
50	605007	五洲特纸	实力游资买入，成功率34.76	28.31	9.98	7418.51	12493.82	5075.31	17569.13	62892.73	11.80	27.94	56.03	11	有价格涨跌幅限制的日换手率达到20的前三只证券	20201119	星期四
51	605333	沪光股份	实力游资卖出，成功率37.67	20.61	-0.48	-2250.49	7545.93	9796.42	17342.34	62450.92	-3.60	27.77	71.50	8	有价格涨跌幅限制的日换手率达到20的前三只证券	20201119	星期四
52	688129	东来技术	实力游资卖出，成功率36.66	29.67	-7.17	1067.02	4892.85	3825.83	8718.67	27638.76	3.86	31.55	33.66	8	有价格涨跌幅限制的日换手率达到30的前五只证券	20201119	星期四
53	688135	利扬芯片	实力游资卖出，成功率42.07	63.29	-2.78	-374.18	5507.55	5881.74	11389.29	60920.83	-0.61	18.70	33.92	18	有价格涨跌幅限制的日换手率达到30的前五只证券	20201119	星期四
54	900916	凤凰B股	实力游资买入，成功率55.10	0.47	10.12	8.80	42.89	34.09	76.98	166.64	5.28	46.19	2.10	1	有价格涨跌幅限制的日收盘价格涨幅偏离值达到7的前三只证券	20201119	星期四
