1	000301	东方盛虹	2家机构买入，成功率38.85	7.71	9.05	5226.06	18802.46	13576.41	32378.87	49778.67	10.50	65.05	5.19	97	日涨幅偏离值达到7的前5只证券	20201104	星期三
2	000301	东方盛虹	4家机构买入，成功率46.86	7.71	9.05	5257.18	30775.47	25518.29	56293.76	90104.26	5.83	62.48	5.19	97	连续三个交易日内，涨幅偏离值累计达到20的证券	20201104	星期三
3	000571	*ST大洲	浙江资金卖出，成功率41.67	2.99	-4.78	-406.12	2948.88	3355.01	6303.89	6478.45	-6.27	97.31	0.72	24	连续三个交易日内，跌幅偏离值累计达到12的ST证券、*ST证券和未完成股改证券	20201104	星期三
4	000816	智慧农业	实力游资买入，成功率37.73	2.77	9.92	-371.81	2816.45	3188.26	6004.71	17965.98	-2.07	33.42	4.96	37	日涨幅偏离值达到7的前5只证券	20201104	星期三
5	000963	华东医药	1家机构买入，成功率49.07	30.35	10.00	56605.65	72833.26	16227.61	89060.87	275244.81	20.57	32.36	5.28	531	日涨幅偏离值达到7的前5只证券	20201104	星期三
6	000985	大庆华科	1家机构卖出，成功率42.70	19.52	-9.00	-670.90	2134.96	2805.86	4940.82	20405.70	-3.29	24.21	7.92	25	日跌幅偏离值达到7的前5只证券	20201104	星期三
7	002044	美年健康	5家机构卖出，成功率47.03	13.75	-10.01	-6272.41	53961.86	60234.27	114196.14	301032.02	-2.08	37.93	5.93	502	日跌幅偏离值达到7的前5只证券	20201104	星期三
8	002044	美年健康	1家机构卖出，成功率46.86	13.75	-10.01	-19029.77	82982.28	102012.05	184994.33	536952.06	-3.54	34.45	5.93	502	连续三个交易日内，跌幅偏离值累计达到20的证券	20201104	星期三
9	002074	国轩高科	买一主买，成功率35.33	29.66	10.01	40029.08	61087.43	21058.35	82145.78	382871.82	10.45	21.46	11.07	350	日涨幅偏离值达到7的前5只证券	20201104	星期三
10	002337	赛象科技	卖一主卖，成功率37.65	3.36	-6.93	-1354.08	1473.74	2827.82	4301.56	7518.04	-18.01	57.22	3.73	20	日跌幅偏离值达到7的前5只证券	20201104	星期三
11	002366	台海核电	上海资金卖出，成功率33.61	4.49	-7.42	-3243.60	1074.23	4317.83	5392.06	14774.40	-21.95	36.50	6.44	22	日跌幅偏离值达到7的前5只证券	20201104	星期三
12	002478	常宝股份	广东资金卖出，成功率32.02	5.21	-6.63	-8167.28	2283.69	10450.97	12734.66	30786.07	-26.53	41.37	9.39	31	日跌幅偏离值达到7的前5只证券	20201104	星期三
13	002524	光正眼科	上海资金买入，成功率33.99	16.67	10.03	6805.49	15732.46	8926.98	24659.44	91505.67	7.44	26.95	11.81	81	日涨幅偏离值达到7的前5只证券	20201104	星期三
14	002524	光正眼科	上海资金买入，成功率33.84	16.67	10.03	7505.90	23812.59	16306.69	40119.28	217887.83	3.44	18.41	11.81	81	连续三个交易日内，涨幅偏离值累计达到20的证券	20201104	星期三
15	002850	科达利	4家机构买入，成功率49.16	74.17	10.00	6538.33	10390.16	3851.83	14241.99	29427.03	22.22	48.40	3.16	96	日涨幅偏离值达到7的前5只证券	20201104	星期三
16	002912	中新赛克	4家机构卖出，成功率45.16	65.44	-10.00	-8378.11	4093.28	12471.40	16564.68	36048.58	-23.24	45.95	6.56	54	日跌幅偏离值达到7的前5只证券	20201104	星期三
17	002970	锐明技术	2家机构买入，成功率45.42	65.68	10.00	4990.63	6733.60	1742.97	8476.58	35225.53	14.17	24.06	12.89	28	日涨幅偏离值达到7的前5只证券	20201104	星期三
18	003002	壶化股份	1家机构买入，成功率35.43	15.74	9.99	3526.62	5045.97	1519.35	6565.33	19571.44	18.02	33.55	26.06	8	日换手率达到20的前5只证券	20201104	星期三
19	003009	中天火箭	主力做T，成功率39.09	62.98	-1.72	-387.39	5259.77	5647.16	10906.93	76231.48	-0.51	14.31	30.95	24	日换手率达到20的前5只证券	20201104	星期三
20	003013	地铁设计	广东资金买入，成功率69.79	22.58	8.71	3759.25	5808.50	2049.25	7857.76	25824.71	14.56	30.43	29.92	9	日换手率达到20的前5只证券	20201104	星期三
21	003015	日久光电	实力游资买入，成功率32.37	16.71	10.01	1316.59	5363.52	4046.93	9410.45	53379.71	2.47	17.63	46.51	12	日涨幅偏离值达到7的前5只证券	20201104	星期三
22	003015	日久光电	实力游资买入，成功率32.37	16.71	10.01	1316.59	5363.52	4046.93	9410.45	53379.71	2.47	17.63	46.51	12	日换手率达到20的前5只证券	20201104	星期三
23	003017	大洋生物	北京资金买入，成功率43.21	54.99	3.54	1881.94	7942.87	6060.93	14003.80	80203.31	2.35	17.46	47.08	8	连续三个交易日内，涨幅偏离值累计达到20的证券	20201104	星期三
24	003017	大洋生物	1家机构买入，成功率43.36	54.99	3.54	1020.93	5198.03	4177.10	9375.13	39876.23	2.56	23.51	47.08	8	日换手率达到20的前5只证券	20201104	星期三
25	300064	ST金刚	1家机构卖出，成功率31.56	4.58	-20.07	677.52	5062.94	4385.42	9448.36	59831.36	1.13	15.79	20.02	29	日跌幅达到15的前5只证券	20201104	星期三
26	300126	锐奇股份	买一主买，成功率38.25	12.37	19.98	388.26	10349.84	9961.59	20311.43	78092.78	0.50	26.01	23.36	26	连续三个交易日内，涨幅偏离值累计达到30的证券	20201104	星期三
27	300160	秀强股份	实力游资买入，成功率43.92	11.82	20.00	10155.21	18640.62	8485.41	27126.02	215401.06	4.71	12.59	32.18	69	日涨幅达到15的前5只证券	20201104	星期三
28	300350	华鹏飞	2家机构买入，成功率44.65	7.60	20.06	8435.56	11518.71	3083.15	14601.86	65314.38	12.92	22.36	27.89	25	日涨幅达到15的前5只证券	20201104	星期三
29	300431	暴风退	实力游资买入，成功率26.67	0.28	0.00	9.42	83.61	74.19	157.80	216.69	4.35	72.82	3.09	1	退市整理期	20201104	星期三
30	300491	通合科技	1家机构买入，成功率47.73	27.88	20.02	5433.60	10773.77	5340.17	16113.94	85031.99	6.39	18.95	26.39	34	日涨幅达到15的前5只证券	20201104	星期三
31	300491	通合科技	1家机构买入，成功率48.13	27.88	20.02	4416.87	21288.86	16871.99	38160.85	195967.44	2.25	19.47	26.39	34	连续三个交易日内，涨幅偏离值累计达到30的证券	20201104	星期三
32	300540	深冷股份	实力游资买入，成功率44.30	28.43	20.01	-2680.54	5549.62	8230.17	13779.79	70773.09	-3.79	19.47	30.15	25	日涨幅达到15的前5只证券	20201104	星期三
33	300540	深冷股份	主力做T，成功率38.90	28.43	20.01	-3182.99	7850.15	11033.14	18883.29	109072.98	-2.92	17.31	30.15	25	连续三个交易日内，涨幅偏离值累计达到30的证券	20201104	星期三
34	300549	优德精密	1家机构卖出，成功率33.78	24.85	-16.33	-604.04	5849.19	6453.23	12302.43	60942.51	-0.99	20.19	22.57	25	日跌幅达到15的前5只证券	20201104	星期三
35	300656	民德电子	主力做T，成功率43.50	40.00	10.34	-1741.32	10100.11	11841.43	21941.55	109547.80	-1.59	20.03	24.46	29	连续三个交易日内，涨幅偏离值累计达到30的证券	20201104	星期三
36	300720	海川智能	实力游资卖出，成功率22.31	27.59	-14.71	-1255.83	3516.26	4772.09	8288.35	54046.79	-2.32	15.34	43.77	12	日换手率达到30的前5只证券	20201104	星期三
37	300781	因赛集团	主力做T，成功率34.50	46.90	-6.22	-4014.63	11039.68	15054.31	26093.99	209366.74	-1.92	12.46	42.50	13	连续三个交易日内，跌幅偏离值累计达到30的证券	20201104	星期三
38	300808	久量股份	卖一主卖，成功率34.41	25.46	-9.72	-5267.28	2851.50	8118.78	10970.28	60079.33	-8.77	18.26	56.63	10	日换手率达到30的前5只证券	20201104	星期三
39	300809	华辰装备	实力游资买入，成功率46.97	29.58	20.00	5262.50	8511.14	3248.64	11759.78	72524.44	7.26	16.21	64.30	12	日涨幅达到15的前5只证券	20201104	星期三
40	300809	华辰装备	实力游资买入，成功率46.97	29.58	20.00	5262.50	8511.14	3248.64	11759.78	72524.44	7.26	16.21	64.30	12	日换手率达到30的前5只证券	20201104	星期三
41	300831	派瑞股份	实力游资卖出，成功率32.99	27.09	-10.65	-7107.62	4791.14	11898.76	16689.89	111749.71	-6.36	14.94	49.70	22	日换手率达到30的前5只证券	20201104	星期三
42	300843	胜蓝股份	卖一主卖，成功率36.17	42.90	-12.34	-1987.66	4543.08	6530.74	11073.81	100986.99	-1.97	10.97	59.90	16	日换手率达到30的前5只证券	20201104	星期三
43	600066	宇通客车	1家机构买入，成功率39.86	17.48	10.01	1782.50	13687.07	11904.57	25591.64	58659.98	3.04	43.63	1.57	387	有价格涨跌幅限制的日收盘价格涨幅偏离值达到7的前三只证券	20201104	星期三
44	600661	昂立教育	实力游资买入，成功率37.28	15.36	10.03	1031.72	1377.25	345.52	1722.77	2635.30	39.15	65.37	0.61	44	有价格涨跌幅限制的日收盘价格涨幅偏离值达到7的前三只证券	20201104	星期三
45	600686	金龙汽车	实力游资买入，成功率34.57	7.33	10.06	900.77	2075.02	1174.25	3249.27	8419.32	10.70	38.59	1.95	44	有价格涨跌幅限制的日收盘价格涨幅偏离值达到7的前三只证券	20201104	星期三
46	600987	航民股份	买一主买，成功率56.67	5.50	1.48	2303.93	2303.93	-	2303.93	4618.18	49.89	49.89	0.92	51	单只标的证券的当日融资买入数量达到当日该证券总交易量的50％以上	20201104	星期三
47	601187	厦门银行	买一主买，成功率22.51	8.12	0.37	4921.53	15117.19	10195.66	25312.85	66702.64	7.38	37.95	31.41	21	有价格涨跌幅限制的日换手率达到20的前三只证券	20201104	星期三
48	601216	君正集团	1家机构卖出，成功率24.10	6.16	-9.28	-600.11	21285.01	21885.12	43170.13	209715.31	-0.29	20.59	3.99	520	有价格涨跌幅限制的日收盘价格跌幅偏离值达到7的前三只证券	20201104	星期三
49	601865	福莱特	实力游资卖出，成功率34.05	39.62	-5.22	-18021.70	11548.92	29570.62	41119.54	145157.76	-12.42	28.33	10.44	135	有价格涨跌幅限制的日价格振幅达到15的前三只证券	20201104	星期三
50	601995	中金公司	买一主买，成功率33.16	44.30	6.82	-210.01	31290.02	31500.03	62790.04	464088.31	-0.05	13.53	41.30	115	有价格涨跌幅限制的日换手率达到20的前三只证券	20201104	星期三
51	603198	迎驾贡酒	买一主买，成功率22.44	29.28	4.91	5685.98	20668.78	14982.79	35651.57	216837.16	2.62	16.44	5.48	234	非ST、*ST和S证券连续三个交易日内收盘价格涨幅偏离值累计达到20的证券	20201104	星期三
52	603613	国联股份	2家机构卖出，成功率36.07	88.34	-9.99	-2811.48	8503.80	11315.28	19819.08	58849.82	-4.78	33.68	5.49	106	有价格涨跌幅限制的日收盘价格跌幅偏离值达到7的前三只证券	20201104	星期三
53	605111	新洁能	卖一主卖，成功率46.16	123.92	-8.19	-482.12	10753.95	11236.07	21990.02	100221.43	-0.48	21.94	30.45	31	有价格涨跌幅限制的日收盘价格跌幅偏离值达到7的前三只证券	20201104	星期三
54	605198	德利股份	实力游资卖出，成功率35.58	26.50	-6.39	-1014.02	3978.20	4992.21	8970.41	18333.04	-5.53	48.93	33.30	5	有价格涨跌幅限制的日换手率达到20的前三只证券	20201104	星期三
