1	000039	中集集团	主力做T，成功率33.57	14.80	8.50	8591.78	25315.64	16723.86	42039.50	122402.54	7.02	34.35	5.47	227	日涨幅偏离值达到7的前5只证券	20201106	星期五
2	000550	江铃汽车	主力做T，成功率37.32	21.11	-8.26	-3291.93	9470.63	12762.56	22233.18	88588.12	-3.72	25.10	7.94	109	日跌幅偏离值达到7的前5只证券	20201106	星期五
3	000566	海南海药	主力做T，成功率52.03	9.01	10.01	1792.99	4578.80	2785.81	7364.61	21117.51	8.49	34.87	2.01	108	日涨幅偏离值达到7的前5只证券	20201106	星期五
4	000608	阳光股份	卖一主卖，成功率38.33	4.30	-9.66	-7488.59	1802.08	9290.68	11092.76	21811.25	-34.33	50.86	6.36	32	日跌幅偏离值达到7的前5只证券	20201106	星期五
5	000676	智度股份	实力游资买入，成功率26.30	6.55	10.08	1856.49	9307.72	7451.22	16758.94	31029.77	5.98	54.01	4.67	67	日涨幅偏离值达到7的前5只证券	20201106	星期五
6	000711	京蓝科技	广东资金买入，成功率32.22	3.19	6.33	706.80	1168.50	461.71	1630.21	3389.60	20.85	48.09	1.33	26	日涨幅偏离值达到7的前5只证券	20201106	星期五
7	000816	智慧农业	实力游资买入，成功率30.73	3.36	10.16	-5507.39	6519.08	12026.47	18545.55	91656.58	-6.01	20.23	20.56	45	日涨幅偏离值达到7的前5只证券	20201106	星期五
8	000816	智慧农业	实力游资买入，成功率30.73	3.36	10.16	-5507.39	6519.08	12026.47	18545.55	91656.58	-6.01	20.23	20.56	45	日换手率达到20的前5只证券	20201106	星期五
9	000939	凯迪退	卖一主卖，成功率22.78	0.86	-9.47	0.00	0.06	0.06	0.12	0.06	0.00	200.00	0.00	26	退市整理期	20201106	星期五
10	002185	华天科技	2家机构买入，成功率40.61	15.63	6.84	16013.73	31248.87	15235.14	46484.01	279595.95	5.73	16.63	6.74	428	日涨幅偏离值达到7的前5只证券	20201106	星期五
11	002196	方正电机	实力游资卖出，成功率36.49	7.28	-5.94	-4133.18	4931.25	9064.43	13995.68	53545.51	-7.72	26.14	16.86	30	日振幅值达到15的前5只证券	20201106	星期五
12	002459	晶澳科技	3家机构卖出，成功率40.91	36.48	-9.99	-10041.75	11991.83	22033.58	34025.41	105785.71	-9.49	32.16	7.25	142	日跌幅偏离值达到7的前5只证券	20201106	星期五
13	002497	雅化集团	主力做T，成功率38.59	13.18	-5.38	111.40	21935.13	21823.73	43758.86	193863.69	0.06	22.57	17.04	112	日振幅值达到15的前5只证券	20201106	星期五
14	002750	龙津药业	实力游资买入，成功率51.09	8.94	9.96	1734.71	2329.58	594.87	2924.45	2329.58	74.46	125.54	0.66	36	日涨幅偏离值达到7的前5只证券	20201106	星期五
15	002776	柏堡龙	1家机构卖出，成功率28.09	5.96	-7.74	-6102.41	2359.71	8462.12	10821.83	28600.29	-21.34	37.84	8.81	32	日跌幅偏离值达到7的前5只证券	20201106	星期五
16	002776	柏堡龙	1家机构卖出，成功率29.78	5.96	-7.74	-7915.80	2674.73	10590.54	13265.27	40074.22	-19.75	33.10	8.81	32	连续三个交易日内，跌幅偏离值累计达到20的证券	20201106	星期五
17	002824	和胜股份	买一主买，成功率38.75	17.78	10.02	1288.14	3830.23	2542.10	6372.33	14102.86	9.13	45.18	7.75	19	日涨幅偏离值达到7的前5只证券	20201106	星期五
18	002865	钧达股份	1家机构买入，成功率59.06	19.18	9.29	3120.17	5450.43	2330.26	7780.69	18501.21	16.86	42.06	8.40	22	日涨幅偏离值达到7的前5只证券	20201106	星期五
19	002967	广电计量	5家机构卖出，成功率34.89	27.61	-8.00	-2933.89	1784.85	4718.74	6503.59	17832.30	-16.45	36.47	4.77	37	日跌幅偏离值达到7的前5只证券	20201106	星期五
20	003002	壶化股份	主力做T，成功率41.28	16.36	-0.43	47.32	1675.82	1628.50	3304.33	19972.97	0.24	16.54	24.61	8	日换手率达到20的前5只证券	20201106	星期五
21	003009	中天火箭	西藏自治区资金买入，成功率27.54	64.89	1.39	-4873.45	3486.60	8360.05	11846.65	86857.07	-5.61	13.64	33.86	25	日换手率达到20的前5只证券	20201106	星期五
22	003013	地铁设计	主力做T，成功率67.99	21.75	0.00	-32.02	3572.39	3604.41	7176.79	17318.83	-0.18	41.44	20.12	9	日换手率达到20的前5只证券	20201106	星期五
23	003015	日久光电	实力游资买入，成功率32.49	17.81	7.55	2.70	6307.20	6304.50	12611.70	53643.53	0.01	23.51	44.65	13	日涨幅偏离值达到7的前5只证券	20201106	星期五
24	003015	日久光电	实力游资买入，成功率32.49	17.81	7.55	2.70	6307.20	6304.50	12611.70	53643.53	0.01	23.51	44.65	13	日换手率达到20的前5只证券	20201106	星期五
25	003017	大洋生物	实力游资买入，成功率34.17	57.59	4.65	-1532.28	3266.09	4798.37	8064.45	29507.20	-5.19	27.33	34.81	9	日换手率达到20的前5只证券	20201106	星期五
26	003018	金富科技	买一主买，成功率50.95	12.86	44.01	810.01	837.77	27.76	865.53	837.77	96.69	103.31	1.00	8	无价格涨跌幅限制的证券	20201106	星期五
27	300153	科泰电源	买一主买，成功率54.24	10.80	20.00	-3656.04	5307.03	8963.07	14270.09	45814.78	-7.98	31.15	13.48	34	日涨幅达到15的前5只证券	20201106	星期五
28	300153	科泰电源	实力游资买入，成功率43.10	10.80	20.00	-610.94	8387.91	8998.85	17386.76	71397.55	-0.86	24.35	13.48	34	连续三个交易日内，涨幅偏离值累计达到30的证券	20201106	星期五
29	300415	伊之密	3家机构卖出，成功率53.18	13.98	-15.27	-3278.20	8133.96	11412.16	19546.11	38984.03	-8.41	50.14	6.54	57	日跌幅达到15的前5只证券	20201106	星期五
30	300431	暴风退	实力游资买入，成功率52.89	0.29	0.00	-34.55	97.40	131.95	229.35	409.57	-8.44	56.00	5.65	1	退市整理期	20201106	星期五
31	300538	同益股份	实力游资买入，成功率39.09	25.70	19.98	4461.53	7191.97	2730.44	9922.42	25883.16	17.24	38.34	13.56	20	日涨幅达到15的前5只证券	20201106	星期五
32	300781	因赛集团	实力游资买入，成功率48.85	53.11	12.05	3199.11	7919.19	4720.08	12639.27	89105.56	3.59	14.18	61.87	15	日换手率达到30的前5只证券	20201106	星期五
33	300807	天迈科技	卖一主卖，成功率28.75	53.99	-4.48	-8208.44	4242.26	12450.70	16692.95	63436.29	-12.94	26.31	65.17	9	日换手率达到30的前5只证券	20201106	星期五
34	300809	华辰装备	江苏资金买入，成功率33.85	27.21	1.15	-1752.53	8201.45	9953.98	18155.42	76643.23	-2.29	23.69	66.95	11	日换手率达到30的前5只证券	20201106	星期五
35	300890	翔丰华	1家机构卖出，成功率56.60	64.22	-4.12	-5105.29	5212.14	10317.42	15529.56	77721.56	-6.57	19.98	49.56	15	日换手率达到30的前5只证券	20201106	星期五
36	300902	国安达	西藏自治区资金买入，成功率27.21	58.20	4.25	-553.90	4563.32	5117.22	9680.55	96799.84	-0.57	10.00	55.48	18	日换手率达到30的前5只证券	20201106	星期五
37	600686	金龙汽车	实力游资买入，成功率23.71	8.87	10.05	-6291.76	7498.52	13790.28	21288.80	59596.53	-10.56	35.72	11.07	54	有价格涨跌幅限制的日收盘价格涨幅偏离值达到7的前三只证券	20201106	星期五
38	600686	金龙汽车	实力游资买入，成功率19.49	8.87	10.05	-6288.30	7631.58	13919.88	21551.46	71084.12	-8.85	30.32	11.07	54	非ST、*ST和S证券连续三个交易日内收盘价格涨幅偏离值累计达到20的证券	20201106	星期五
39	600726	华电能源	广东资金卖出，成功率42.07	2.23	-8.61	-938.58	694.03	1632.61	2326.64	11973.21	-7.84	19.43	3.45	34	有价格涨跌幅限制的日收盘价格跌幅偏离值达到7的前三只证券	20201106	星期五
40	601636	旗滨集团	2家机构买入，成功率34.47	10.43	10.02	-1668.70	20790.09	22458.79	43248.88	124213.95	-1.34	34.82	4.61	280	有价格涨跌幅限制的日收盘价格涨幅偏离值达到7的前三只证券	20201106	星期五
41	601995	中金公司	实力游资买入，成功率25.05	51.92	10.00	-9031.41	36293.61	45325.02	81618.64	408418.24	-2.21	19.98	31.38	135	有价格涨跌幅限制的日换手率达到20的前三只证券	20201106	星期五
42	603533	掌阅科技	实力游资买入，成功率36.19	33.40	10.01	2605.66	5525.44	2919.78	8445.21	23489.70	11.09	35.95	0.24	134	非ST、*ST和S证券连续三个交易日内收盘价格涨幅偏离值累计达到20的证券	20201106	星期五
43	603615	茶花股份	1家机构买入，成功率44.31	12.61	10.03	734.57	2938.43	2203.85	5142.28	14255.77	5.15	36.07	4.88	30	有价格涨跌幅限制的日收盘价格涨幅偏离值达到7的前三只证券	20201106	星期五
44	603960	克来机电	1家机构卖出，成功率41.91	37.34	-7.78	-1616.89	5967.75	7584.63	13552.38	27492.37	-5.88	49.30	2.83	95	有价格涨跌幅限制的日收盘价格跌幅偏离值达到7的前三只证券	20201106	星期五
45	605058	澳弘电子	买一主买，成功率39.44	28.18	4.95	-13.07	1906.53	1919.60	3826.12	25412.76	-0.05	15.06	25.69	10	有价格涨跌幅限制的日换手率达到20的前三只证券	20201106	星期五
46	605336	帅丰电器	实力游资买入，成功率36.06	32.68	4.91	1385.30	3029.90	1644.60	4674.50	30278.07	4.58	15.44	26.62	12	有价格涨跌幅限制的日换手率达到20的前三只证券	20201106	星期五
47	688133	泰坦科技	3家机构买入，成功率39.13	78.01	11.76	5971.06	10883.70	4912.64	15796.34	40444.04	14.76	39.06	35.46	12	有价格涨跌幅限制的日换手率达到30的前五只证券	20201106	星期五
48	688179	阿拉丁	广东资金买入，成功率44.91	47.53	10.51	3120.97	7214.00	4093.03	11307.03	32243.80	9.68	35.07	31.92	11	有价格涨跌幅限制的日换手率达到30的前五只证券	20201106	星期五
