1	000007	全新好	1家机构卖出，成功率39.12	3.92	-9.89	-583.85	1340.48	1924.33	3264.81	15047.98	-3.88	21.70	12.25	12	日跌幅偏离值达到7的前5只证券	20210302	星期二
2	000027	深圳能源	买一主买，成功率44.42	6.37	10.02	2112.75	14718.26	12605.51	27323.78	101750.41	2.08	26.85	3.39	303	日涨幅偏离值达到7的前5只证券	20210302	星期二
3	000056	皇庭国际	卖一主卖，成功率43.07	2.87	-10.03	-800.92	1512.57	2313.49	3826.06	14551.56	-5.50	26.29	5.45	26	日跌幅偏离值达到7的前5只证券	20210302	星期二
4	000400	许继电气	1家机构买入，成功率43.22	15.16	10.01	7718.25	22173.92	14455.67	36629.59	88848.70	8.69	41.23	5.91	153	日涨幅偏离值达到7的前5只证券	20210302	星期二
5	000603	盛达资源	2家机构卖出，成功率54.44	15.15	-0.20	-14851.57	10079.09	24930.66	35009.76	99263.17	-14.96	35.27	10.96	88	日振幅值达到15的前5只证券	20210302	星期二
6	000662	天夏退	卖一主卖，成功率21.67	0.41	-8.89	-0.04	3.64	3.68	7.31	3.68	-1.11	198.89	0.01	4	退市整理期	20210302	星期二
7	000718	苏宁环球	1家机构卖出，成功率45.25	4.66	-10.04	-8586.99	12915.53	21502.52	34418.05	97782.14	-8.78	35.20	8.69	107	日跌幅偏离值达到7的前5只证券	20210302	星期二
8	000782	美达股份	买一主买，成功率41.06	4.19	9.97	1539.14	4250.95	2711.81	6962.76	12295.07	12.52	56.63	2.39	22	连续三个交易日内，涨幅偏离值累计达到20的证券	20210302	星期二
9	000830	鲁西化工	1家机构卖出，成功率44.72	15.59	-9.94	1029.11	27282.31	26253.20	53535.51	144169.15	0.71	37.13	6.12	228	日跌幅偏离值达到7的前5只证券	20210302	星期二
10	000918	嘉凯城	广东资金买入，成功率40.41	7.65	6.55	1392.49	5950.11	4557.62	10507.73	39988.86	3.48	26.28	2.98	138	日振幅值达到15的前5只证券	20210302	星期二
11	000921	海信家电	1家机构买入，成功率39.64	16.70	10.01	3215.05	7649.00	4433.95	12082.95	30063.33	10.69	40.19	2.01	151	日涨幅偏离值达到7的前5只证券	20210302	星期二
12	000928	中钢国际	实力游资买入，成功率49.71	5.87	9.93	2668.30	8721.37	6053.07	14774.45	87712.42	3.04	16.84	12.08	74	日涨幅偏离值达到7的前5只证券	20210302	星期二
13	000949	新乡化纤	卖一主卖，成功率59.63	4.25	-9.38	-4266.21	4447.18	8713.39	13160.57	49061.43	-8.70	26.82	8.73	53	日跌幅偏离值达到7的前5只证券	20210302	星期二
14	000980	*ST众泰	西藏自治区资金买入，成功率52.03	2.99	4.91	-737.02	2946.17	3683.19	6629.36	18333.00	-4.02	36.16	0.21	37	连续三个交易日内，涨幅偏离值累计达到12的ST证券、*ST证券和未完成股改证券	20210302	星期二
15	000996	中国中期	实力游资买入，成功率35.17	10.41	10.04	3660.90	6340.55	2679.65	9020.19	30144.07	12.14	29.92	8.51	36	日涨幅偏离值达到7的前5只证券	20210302	星期二
16	002109	兴化股份	1家机构买入，成功率45.28	5.19	9.96	1222.51	6058.86	4836.35	10895.22	51422.96	2.38	21.19	9.78	55	日涨幅偏离值达到7的前5只证券	20210302	星期二
17	002158	汉钟精机	1家机构卖出，成功率48.60	22.22	-6.05	-6203.86	8458.74	14662.60	23121.34	69590.32	-8.91	33.22	5.53	118	日振幅值达到15的前5只证券	20210302	星期二
18	002274	华昌化工	1家机构卖出，成功率45.49	6.96	-9.96	-4582.69	9624.45	14207.14	23831.60	80072.51	-5.72	29.76	12.04	65	日跌幅偏离值达到7的前5只证券	20210302	星期二
19	002316	亚联发展	实力游资卖出，成功率45.59	3.63	-8.33	-284.25	1908.17	2192.42	4100.59	13052.89	-2.18	31.42	11.60	11	日振幅值达到15的前5只证券	20210302	星期二
20	002356	*ST赫美	实力游资买入，成功率42.22	1.44	5.11	-135.58	497.60	633.19	1130.79	3628.56	-3.74	31.16	1.92	8	连续三个交易日内，涨幅偏离值累计达到12的ST证券、*ST证券	20210302	星期二
21	002372	伟星新材	实力游资买入，成功率41.48	21.44	10.01	1500.27	11284.59	9784.33	21068.92	30601.00	4.90	68.85	1.01	305	日涨幅偏离值达到7的前5只证券	20210302	星期二
22	002378	章源钨业	浙江资金买入，成功率43.23	7.81	10.00	6574.54	11965.21	5390.67	17355.88	95859.39	6.86	18.11	14.12	71	日振幅值达到15的前5只证券	20210302	星期二
23	002378	章源钨业	浙江资金买入，成功率43.23	7.81	10.00	6574.54	11965.21	5390.67	17355.88	95859.39	6.86	18.11	14.12	71	日涨幅偏离值达到7的前5只证券	20210302	星期二
24	002447	*ST晨鑫	主力做T，成功率52.10	2.35	4.91	-476.79	3652.15	4128.94	7781.10	18136.81	-2.63	42.90	2.05	32	连续三个交易日内，涨幅偏离值累计达到12的ST证券、*ST证券	20210302	星期二
25	002494	华斯股份	实力游资买入，成功率34.42	4.19	9.97	2339.75	3044.67	704.92	3749.59	7452.26	31.40	50.31	2.98	12	连续三个交易日内，涨幅偏离值累计达到20的证券	20210302	星期二
26	002549	凯美特气	买一主买，成功率51.09	7.81	10.00	2061.45	3702.09	1640.64	5342.73	26285.16	7.84	20.33	5.55	48	日涨幅偏离值达到7的前5只证券	20210302	星期二
27	002549	凯美特气	实力游资买入，成功率48.81	7.81	10.00	1587.69	4440.13	2852.43	7292.56	45410.23	3.50	16.06	5.55	48	连续三个交易日内，涨幅偏离值累计达到20的证券	20210302	星期二
28	002636	金安国纪	1家机构买入，成功率45.96	9.38	8.31	3685.93	7222.47	3536.54	10759.02	53806.44	6.85	20.00	4.37	68	连续三个交易日内，涨幅偏离值累计达到20的证券	20210302	星期二
29	002647	仁东控股	西藏自治区资金买入，成功率34.86	11.94	4.10	-1001.19	17577.71	18578.89	36156.60	234196.11	-0.43	15.44	35.46	67	日振幅值达到15的前5只证券	20210302	星期二
30	002647	仁东控股	1家机构买入，成功率37.50	11.94	4.10	2564.62	28180.18	25615.56	53795.74	427714.69	0.60	12.58	35.46	67	连续三个交易日内，涨幅偏离值累计达到20的证券	20210302	星期二
31	002647	仁东控股	西藏自治区资金买入，成功率34.86	11.94	4.10	-1001.19	17577.71	18578.89	36156.60	234196.11	-0.43	15.44	35.46	67	日换手率达到20的前5只证券	20210302	星期二
32	002658	雪迪龙	1家机构买入，成功率47.90	6.55	10.08	-610.15	3613.18	4223.33	7836.51	25582.25	-2.39	30.63	7.59	20	连续三个交易日内，涨幅偏离值累计达到20的证券	20210302	星期二
33	002760	凤形股份	卖一主卖，成功率16.00	17.92	-9.81	-2625.14	433.08	3058.22	3491.30	6096.67	-43.06	57.27	4.38	14	日跌幅偏离值达到7的前5只证券	20210302	星期二
34	002781	奇信股份	卖一主卖，成功率43.25	8.86	-8.47	-5003.19	1943.81	6947.01	8890.82	28363.51	-17.64	31.35	14.45	18	日振幅值达到15的前5只证券	20210302	星期二
35	002847	盐津铺子	1家机构买入，成功率49.95	113.20	10.00	4974.29	14878.65	9904.37	24783.02	62226.89	7.99	39.83	0.70	124	连续三个交易日内，涨幅偏离值累计达到20的证券	20210302	星期二
36	002862	实丰文化	实力游资卖出，成功率14.10	9.67	-9.63	-199.91	1104.13	1304.04	2408.18	12642.98	-1.58	19.05	11.10	11	日跌幅偏离值达到7的前5只证券	20210302	星期二
37	002998	优彩资源	实力游资卖出，成功率40.91	14.85	-10.00	-222.49	2082.99	2305.49	4388.48	13023.30	-1.71	33.70	10.44	12	日跌幅偏离值达到7的前5只证券	20210302	星期二
38	002999	天禾股份	卖一主卖，成功率26.32	12.86	-3.38	-582.09	3843.06	4425.15	8268.21	37944.45	-1.53	21.79	45.28	8	日换手率达到20的前5只证券	20210302	星期二
39	003035	南网能源	实力游资买入，成功率43.39	7.54	10.07	5151.21	18318.78	13167.58	31486.36	197188.81	2.61	15.97	35.52	57	日涨幅偏离值达到7的前5只证券	20210302	星期二
40	003035	南网能源	主力做T，成功率36.52	7.54	10.07	3736.58	34241.01	30504.43	64745.44	505134.77	0.74	12.82	35.52	57	连续三个交易日内，涨幅偏离值累计达到20的证券	20210302	星期二
41	003035	南网能源	实力游资买入，成功率43.39	7.54	10.07	5151.21	18318.78	13167.58	31486.36	197188.81	2.61	15.97	35.52	57	日换手率达到20的前5只证券	20210302	星期二
42	003037	三和管桩	1家机构买入，成功率35.84	14.00	3.86	-682.97	1969.80	2652.77	4622.56	33072.60	-2.07	13.98	34.98	10	日换手率达到20的前5只证券	20210302	星期二
43	003038	鑫铂股份	西藏自治区资金卖出，成功率29.23	31.67	-9.51	-1820.83	2028.97	3849.81	5878.78	35399.97	-5.14	16.61	41.06	8	日跌幅偏离值达到7的前5只证券	20210302	星期二
44	003038	鑫铂股份	西藏自治区资金卖出，成功率35.69	31.67	-9.51	-786.10	5255.74	6041.83	11297.57	84702.84	-0.93	13.34	41.06	8	连续三个交易日内，跌幅偏离值累计达到20的证券	20210302	星期二
45	003038	鑫铂股份	西藏自治区资金卖出，成功率29.23	31.67	-9.51	-1820.83	2028.97	3849.81	5878.78	35399.97	-5.14	16.61	41.06	8	日换手率达到20的前5只证券	20210302	星期二
46	300137	先河环保	1家机构买入，成功率37.89	8.64	16.76	-914.30	6880.04	7794.35	14674.39	68298.64	-1.34	21.49	17.45	41	日涨幅达到15的前5只证券	20210302	星期二
47	300137	先河环保	2家机构买入，成功率50.55	8.64	16.76	-120.76	9597.69	9718.45	19316.14	129143.91	-0.09	14.96	17.45	41	连续三个交易日内，涨幅偏离值累计达到30的证券	20210302	星期二
48	300234	开尔新材	买一主买，成功率44.96	6.90	20.00	2004.56	4750.58	2746.02	7496.60	31295.87	6.41	23.95	14.86	22	日涨幅达到15的前5只证券	20210302	星期二
49	300864	南大环境	1家机构买入，成功率30.73	104.35	20.00	38.03	2796.18	2758.15	5554.32	30513.08	0.12	18.20	26.38	13	日涨幅达到15的前5只证券	20210302	星期二
50	300929	华骐环保	西藏自治区资金买入，成功率35.63	33.04	6.93	-519.76	1340.17	1859.93	3200.10	17940.64	-2.90	17.84	31.02	6	日换手率达到30的前5只证券	20210302	星期二
51	300937	药易购	主力做T，成功率37.11	106.00	17.24	-381.54	7896.40	8277.93	16174.33	104331.75	-0.37	15.50	46.40	24	日涨幅达到15的前5只证券	20210302	星期二
52	300937	药易购	主力做T，成功率37.11	106.00	17.24	-381.54	7896.40	8277.93	16174.33	104331.75	-0.37	15.50	46.40	24	日换手率达到30的前5只证券	20210302	星期二
53	300945	曼卡龙	主力做T，成功率36.73	24.04	5.30	-1378.67	1837.38	3216.05	5053.43	37045.75	-3.72	13.64	33.19	12	日换手率达到30的前5只证券	20210302	星期二
54	600086	退市金钰	买一主买，成功率55.71	0.19	0.00	-133.55	113.54	247.09	360.63	402.62	-33.17	89.57	2.05	2	退市整理的证券	20210302	星期二
55	600230	沧州大化	上海资金卖出，成功率43.04	15.01	-10.01	-1914.05	3348.30	5262.35	8610.65	35482.36	-5.39	24.27	5.60	62	有价格涨跌幅限制的日收盘价格跌幅偏离值达到7的前三只证券	20210302	星期二
56	600281	太化股份	实力游资买入，成功率36.05	4.44	9.90	2974.72	4923.94	1949.22	6873.16	14166.31	21.00	48.52	4.13	23	非ST、*ST和S证券连续三个交易日内收盘价格涨幅偏离值累计达到20的证券	20210302	星期二
57	600295	鄂尔多斯	2家机构买入，成功率43.20	22.23	6.72	12010.62	56149.70	44139.09	100288.79	311825.07	3.85	32.16	11.31	145	非ST、*ST和S证券连续三个交易日内收盘价格涨幅偏离值累计达到20的证券	20210302	星期二
58	600381	青海春天	实力游资买入，成功率51.15	6.00	10.09	1365.08	3657.74	2292.66	5950.39	17156.03	7.96	34.68	4.95	35	有价格涨跌幅限制的日收盘价格涨幅偏离值达到7的前三只证券	20210302	星期二
59	600515	*ST基础	实力游资买入，成功率30.24	8.51	5.06	1388.99	11315.64	9926.66	21242.30	121349.53	1.14	17.51	0.86	141	ST、*ST和S证券连续三个交易日内收盘价格涨幅偏离值累计达到15的证券	20210302	星期二
60	600696	ST岩石	买一主买，成功率49.90	15.38	4.98	3067.58	5487.40	2419.82	7907.22	16746.69	18.32	47.22	0.84	51	ST、*ST和S证券连续三个交易日内收盘价格涨幅偏离值累计达到15的证券	20210302	星期二
61	600734	*ST实达	实力游资买入，成功率57.33	1.72	4.88	183.45	1341.04	1157.59	2498.62	13881.00	1.32	18.00	5.29	9	ST、*ST和S证券连续三个交易日内收盘价格涨幅偏离值累计达到15的证券	20210302	星期二
62	600740	山西焦化	1家机构买入，成功率35.98	6.88	10.08	5532.24	14716.67	9184.44	23901.11	71266.67	7.76	33.54	10.87	66	有价格涨跌幅限制的日收盘价格涨幅偏离值达到7的前三只证券	20210302	星期二
63	600916	中国黄金	实力游资买入，成功率30.01	18.47	10.01	4909.87	9785.07	4875.20	14660.27	185653.80	2.64	7.90	63.88	33	有价格涨跌幅限制的日价格振幅达到15的前三只证券	20210302	星期二
64	600916	中国黄金	实力游资买入，成功率30.01	18.47	10.01	4909.87	9785.07	4875.20	14660.27	185653.80	2.64	7.90	63.88	33	有价格涨跌幅限制的日换手率达到20的前三只证券	20210302	星期二
65	601988	中国银行	成功率41.85	3.22	-0.62	24322.93	24322.93	-	24322.93	49494.66	49.14	49.14	0.07	6787	单只标的证券的当日融资买入数量达到当日该证券总交易量的50％以上	20210302	星期二
66	603126	中材节能	实力游资买入，成功率54.36	7.33	10.06	1976.35	3275.30	1298.95	4574.24	6159.72	32.08	74.26	1.38	45	有价格涨跌幅限制的日收盘价格涨幅偏离值达到7的前三只证券	20210302	星期二
67	603157	*ST拉夏	上海资金买入，成功率48.37	1.71	3.01	-43.88	349.61	393.49	743.10	3638.54	-1.21	20.42	10.29	2	ST、*ST和S证券连续三个交易日内收盘价格涨幅偏离值累计达到15的证券	20210302	星期二
68	603222	济民制药	实力游资买入，成功率23.27	15.60	2.83	898.87	4835.74	3936.88	8772.62	95040.01	0.95	9.23	19.33	50	有价格涨跌幅限制的日价格振幅达到15的前三只证券	20210302	星期二
69	603332	苏州龙杰	西藏自治区资金买入，成功率29.70	20.85	1.96	-2905.34	1254.52	4159.87	5414.39	32219.21	-9.02	16.80	50.95	6	有价格涨跌幅限制的日价格振幅达到15的前三只证券	20210302	星期二
70	603332	苏州龙杰	西藏自治区资金买入，成功率29.70	20.85	1.96	-2905.34	1254.52	4159.87	5414.39	32219.21	-9.02	16.80	50.95	6	有价格涨跌幅限制的日换手率达到20的前三只证券	20210302	星期二
71	605006	山东玻纤	实力游资卖出，成功率36.69	12.33	-0.88	-663.35	4152.29	4815.64	8967.93	50974.16	-1.30	17.59	40.28	12	有价格涨跌幅限制的日换手率达到20的前三只证券	20210302	星期二
72	605111	新洁能	1家机构买入，成功率44.61	213.93	10.00	8269.15	21941.36	13672.21	35613.56	124737.79	6.63	28.55	20.36	54	非ST、*ST和S证券连续三个交易日内收盘价格涨幅偏离值累计达到20的证券	20210302	星期二
73	605268	王力安防	卖一主卖，成功率42.99	17.81	-10.01	-3283.33	741.43	4024.76	4766.19	6041.86	-54.34	78.89	5.06	12	有价格涨跌幅限制的日收盘价格跌幅偏离值达到7的前三只证券	20210302	星期二
74	605303	园林股份	实力游资卖出，成功率17.88	21.23	-10.00	-323.12	832.95	1156.07	1989.02	5861.11	-5.51	33.94	6.74	9	有价格涨跌幅限制的日收盘价格跌幅偏离值达到7的前三只证券	20210302	星期二
