1	000011	深物业A	2家机构买入，成功率52.17	14.15	10.03	2050.96	8987.19	6936.24	15923.43	67544.64	3.04	23.57	9.33	74	日涨幅偏离值达到7的前5只证券	20210316	星期二
2	000011	深物业A	2家机构买入，成功率47.39	14.15	10.03	4667.10	11608.15	6941.05	18549.20	78147.63	5.97	23.74	9.33	74	连续三个交易日内，涨幅偏离值累计达到20的证券	20210316	星期二
3	000150	宜华健康	1家机构买入，成功率38.76	3.17	3.59	-3385.77	1993.22	5378.99	7372.22	32541.22	-10.40	22.66	12.67	26	日振幅值达到15的前5只证券	20210316	星期二
4	000612	焦作万方	1家机构买入，成功率26.06	11.42	10.02	-13347.50	32122.33	45469.82	77592.15	356739.35	-3.74	21.75	27.35	136	日涨幅偏离值达到7的前5只证券	20210316	星期二
5	000612	焦作万方	1家机构买入，成功率26.06	11.42	10.02	-13347.50	32122.33	45469.82	77592.15	356739.35	-3.74	21.75	27.35	136	日换手率达到20的前5只证券	20210316	星期二
6	000662	天夏退	买一主买，成功率34.76	0.23	9.52	201.49	435.06	233.57	668.63	829.18	24.30	80.64	3.38	3	退市整理期	20210316	星期二
7	000681	视觉中国	1家机构买入，成功率45.38	14.66	9.98	7230.78	10047.71	2816.93	12864.64	26238.01	27.56	49.03	2.77	97	日涨幅偏离值达到7的前5只证券	20210316	星期二
8	000698	沈阳化工	实力游资卖出，成功率55.03	7.86	-9.97	-1431.93	3816.86	5248.79	9065.66	63997.02	-2.24	14.17	9.97	62	日跌幅偏离值达到7的前5只证券	20210316	星期二
9	000767	晋控电力	实力游资买入，成功率37.56	4.13	10.13	4589.46	11059.60	6470.14	17529.74	90023.17	5.10	19.47	7.82	120	日涨幅偏离值达到7的前5只证券	20210316	星期二
10	000966	长源电力	实力游资买入，成功率43.70	5.72	10.00	1489.14	14191.26	12702.12	26893.38	122403.21	1.22	21.97	20.11	63	日振幅值达到15的前5只证券	20210316	星期二
11	000966	长源电力	实力游资买入，成功率43.70	5.72	10.00	1489.14	14191.26	12702.12	26893.38	122403.21	1.22	21.97	20.11	63	日涨幅偏离值达到7的前5只证券	20210316	星期二
12	000966	长源电力	实力游资买入，成功率43.70	5.72	10.00	1489.14	14191.26	12702.12	26893.38	122403.21	1.22	21.97	20.11	63	日换手率达到20的前5只证券	20210316	星期二
13	002109	兴化股份	1家机构买入，成功率45.19	7.77	10.06	-7159.49	7065.91	14225.40	21291.30	97110.06	-7.37	21.92	12.77	82	日振幅值达到15的前5只证券	20210316	星期二
14	002109	兴化股份	1家机构买入，成功率45.19	7.77	10.06	-7159.49	7065.91	14225.40	21291.30	97110.06	-7.37	21.92	12.77	82	日涨幅偏离值达到7的前5只证券	20210316	星期二
15	002219	*ST恒康	实力游资买入，成功率39.26	2.17	4.83	479.34	1949.79	1470.45	3420.24	10635.00	4.51	32.16	0.40	40	连续三个交易日内，涨幅偏离值累计达到12的ST证券、*ST证券	20210316	星期二
16	002269	美邦服饰	买一主买，成功率39.83	1.67	9.87	2322.47	4491.27	2168.80	6660.06	32222.55	7.21	20.67	5.41	42	连续三个交易日内，涨幅偏离值累计达到20的证券	20210316	星期二
17	002280	*ST联络	主力做T，成功率40.24	2.93	5.02	715.65	7847.78	7132.13	14979.90	52397.27	1.37	28.59	3.74	52	连续三个交易日内，涨幅偏离值累计达到12的ST证券、*ST证券	20210316	星期二
18	002366	台海核电	1家机构买入，成功率40.95	4.84	10.00	3441.58	5822.64	2381.06	8203.70	27285.62	12.61	30.07	9.81	29	日振幅值达到15的前5只证券	20210316	星期二
19	002427	ST尤夫	主力做T，成功率54.36	6.73	4.99	-74.59	1605.97	1680.56	3286.53	8130.04	-0.92	40.42	1.28	29	连续三个交易日内，涨幅偏离值累计达到12的ST证券、*ST证券	20210316	星期二
20	002452	长高集团	1家机构买入，成功率35.20	6.33	10.09	2699.74	4713.22	2013.48	6726.69	20293.29	13.30	33.15	5.99	28	连续三个交易日内，涨幅偏离值累计达到20的证券	20210316	星期二
21	002498	汉缆股份	实力游资买入，成功率43.73	4.14	10.11	6238.94	10439.19	4200.25	14639.43	56439.26	11.05	25.94	4.15	138	日涨幅偏离值达到7的前5只证券	20210316	星期二
22	002555	三七互娱	5家机构卖出，成功率48.05	24.26	-7.79	-3633.84	80660.55	84294.38	164954.93	402980.04	-0.90	40.93	11.39	357	日跌幅偏离值达到7的前5只证券	20210316	星期二
23	002555	三七互娱	4家机构卖出，成功率48.15	24.26	-7.79	393.46	88943.73	88550.27	177494.00	594365.89	0.07	29.86	11.39	357	连续三个交易日内，跌幅偏离值累计达到20的证券	20210316	星期二
24	002665	首航高科	实力游资买入，成功率40.51	2.53	10.00	-2115.48	7063.07	9178.55	16241.62	100277.52	-2.11	16.20	17.74	59	日涨幅偏离值达到7的前5只证券	20210316	星期二
25	002665	首航高科	主力做T，成功率37.88	2.53	10.00	3939.03	15172.89	11233.86	26406.76	145414.37	2.71	18.16	17.74	59	连续三个交易日内，涨幅偏离值累计达到20的证券	20210316	星期二
26	002890	弘宇股份	主力做T，成功率75.39	25.67	9.98	547.48	1824.11	1276.63	3100.73	3049.34	17.95	101.69	1.84	11	连续三个交易日内，涨幅偏离值累计达到20的证券	20210316	星期二
27	002996	顺博合金	实力游资买入，成功率34.01	18.49	9.99	3462.45	5535.46	2073.01	7608.47	40777.59	8.49	18.66	42.05	10	日换手率达到20的前5只证券	20210316	星期二
28	002998	优彩资源	1家机构卖出，成功率55.08	11.40	-2.31	-482.17	1683.39	2165.56	3848.95	24132.55	-2.00	15.95	25.37	9	日换手率达到20的前5只证券	20210316	星期二
29	003035	南网能源	3家机构买入，成功率42.00	9.41	10.06	20917.60	41755.19	20837.58	62592.77	282093.78	7.42	22.19	40.63	71	日涨幅偏离值达到7的前5只证券	20210316	星期二
30	003035	南网能源	3家机构买入，成功率42.00	9.41	10.06	20917.60	41755.19	20837.58	62592.77	282093.78	7.42	22.19	40.63	71	日换手率达到20的前5只证券	20210316	星期二
31	003037	三和管桩	1家机构买入，成功率33.27	15.69	10.03	2618.22	5852.48	3234.26	9086.73	39239.89	6.67	23.16	38.94	11	日换手率达到20的前5只证券	20210316	星期二
32	003039	顺控发展	实力游资买入，成功率31.63	14.95	10.01	-1471.65	5556.86	7028.51	12585.37	57810.69	-2.55	21.77	68.94	9	日振幅值达到15的前5只证券	20210316	星期二
33	003039	顺控发展	实力游资买入，成功率31.63	14.95	10.01	-1471.65	5556.86	7028.51	12585.37	57810.69	-2.55	21.77	68.94	9	日涨幅偏离值达到7的前5只证券	20210316	星期二
34	003039	顺控发展	实力游资买入，成功率31.63	14.95	10.01	-1471.65	5556.86	7028.51	12585.37	57810.69	-2.55	21.77	68.94	9	日换手率达到20的前5只证券	20210316	星期二
35	300140	中环装备	1家机构买入，成功率43.93	7.14	20.00	2360.58	3339.96	979.38	4319.34	12399.38	19.04	34.84	4.81	28	日涨幅达到15的前5只证券	20210316	星期二
36	300234	开尔新材	1家机构买入，成功率41.76	12.10	20.04	5238.33	14652.38	9414.05	24066.43	142548.11	3.67	16.88	40.00	38	日涨幅达到15的前5只证券	20210316	星期二
37	300234	开尔新材	1家机构买入，成功率41.76	12.10	20.04	5238.33	14652.38	9414.05	24066.43	142548.11	3.67	16.88	40.00	38	日换手率达到30的前5只证券	20210316	星期二
38	300277	海联讯	1家机构买入，成功率21.66	9.25	19.97	-285.95	1469.91	1755.86	3225.76	11943.74	-2.39	27.01	4.13	31	日涨幅达到15的前5只证券	20210316	星期二
39	300385	雪浪环境	1家机构买入，成功率37.56	9.20	9.26	-1136.44	4486.08	5622.52	10108.60	75111.20	-1.51	13.46	13.52	22	连续三个交易日内，涨幅偏离值累计达到30的证券	20210316	星期二
40	300417	南华仪器	实力游资买入，成功率36.67	16.86	20.00	2549.28	4857.50	2308.23	7165.73	28312.83	9.00	25.31	24.29	13	日涨幅达到15的前5只证券	20210316	星期二
41	300713	英可瑞	2家机构买入，成功率34.43	22.19	7.93	-720.08	8118.00	8838.07	16956.07	87243.92	-0.83	19.44	19.49	18	连续三个交易日内，涨幅偏离值累计达到30的证券	20210316	星期二
42	300848	美瑞新材	四川资金买入，成功率47.41	59.70	20.00	984.95	3495.43	2510.47	6005.90	29446.51	3.34	20.40	30.17	10	日涨幅达到15的前5只证券	20210316	星期二
43	300859	西域旅游	1家机构卖出，成功率44.44	30.29	-1.97	474.42	4516.27	4041.85	8558.12	52490.85	0.90	16.30	44.55	12	日换手率达到30的前5只证券	20210316	星期二
44	300929	华骐环保	1家机构买入，成功率23.22	34.30	2.69	-1111.21	1698.80	2810.01	4508.81	22023.16	-5.05	20.47	36.13	6	日换手率达到30的前5只证券	20210316	星期二
45	300948	冠中生态	西藏自治区资金买入，成功率37.97	48.02	4.10	-1134.13	3688.56	4822.69	8511.25	48789.43	-2.32	17.44	46.48	11	日换手率达到30的前5只证券	20210316	星期二
46	300950	德固特	1家机构买入，成功率41.55	54.29	4.67	2540.25	6315.78	3775.53	10091.31	54908.42	4.63	18.38	43.56	13	日换手率达到30的前5只证券	20210316	星期二
47	600255	鑫科材料	实力游资卖出，成功率40.94	2.48	-2.36	-605.47	2779.44	3384.91	6164.35	38851.09	-1.56	15.87	8.80	44	有价格涨跌幅限制的日价格振幅达到15的前三只证券	20210316	星期二
48	600295	鄂尔多斯	1家机构卖出，成功率39.95	18.97	-10.01	-5718.58	14299.37	20017.95	34317.32	118170.07	-4.84	29.04	9.20	124	有价格涨跌幅限制的日收盘价格跌幅偏离值达到7的前三只证券	20210316	星期二
49	600526	菲达环保	实力游资买入，成功率50.05	5.35	10.08	422.82	2353.85	1931.03	4284.88	6590.19	6.42	65.02	2.25	29	有价格涨跌幅限制的日收盘价格涨幅偏离值达到7的前三只证券	20210316	星期二
50	600526	菲达环保	实力游资买入，成功率51.06	5.35	10.08	-1371.72	3491.61	4863.33	8354.94	17647.91	-7.77	47.34	2.25	29	非ST、*ST和S证券连续三个交易日内收盘价格涨幅偏离值累计达到20的证券	20210316	星期二
51	600701	退市工新	卖一主卖，成功率51.67	0.95	-9.52	-0.03	0.82	0.85	1.66	0.85	-3.37	196.63	0.00	8	退市整理的证券	20210316	星期二
52	600703	三安光电	3家机构卖出，成功率26.78	23.81	-10.02	-8400.53	41496.13	49896.66	91392.79	343727.44	-2.44	26.59	3.45	971	有价格涨跌幅限制的日收盘价格跌幅偏离值达到7的前三只证券	20210316	星期二
53	600724	宁波富达	买一主买，成功率29.29	4.16	10.05	1888.38	3018.75	1130.37	4149.11	8141.00	23.20	50.97	1.44	60	有价格涨跌幅限制的日收盘价格涨幅偏离值达到7的前三只证券	20210316	星期二
54	600744	华银电力	实力游资买入，成功率44.55	5.85	9.96	2905.03	12554.00	9648.97	22202.97	151601.79	1.92	14.65	33.75	48	有价格涨跌幅限制的日价格振幅达到15的前三只证券	20210316	星期二
55	600744	华银电力	西藏自治区资金买入，成功率35.79	5.85	9.96	-3886.69	15130.75	19017.44	34148.19	334853.87	-1.16	10.20	33.75	48	非ST、*ST和S证券连续三个交易日内收盘价格涨幅偏离值累计达到20的证券	20210316	星期二
56	600744	华银电力	实力游资买入，成功率44.55	5.85	9.96	2905.03	12554.00	9648.97	22202.97	151601.79	1.92	14.65	33.75	48	有价格涨跌幅限制的日换手率达到20的前三只证券	20210316	星期二
57	603026	石大胜华	实力游资卖出，成功率41.33	57.58	-10.00	2719.85	13804.30	11084.45	24888.75	89538.59	3.04	27.80	7.39	117	有价格涨跌幅限制的日收盘价格跌幅偏离值达到7的前三只证券	20210316	星期二
58	603126	中材节能	西藏自治区资金买入，成功率30.55	11.85	6.09	-3151.51	9474.14	12625.65	22099.78	184995.82	-1.70	11.95	26.72	72	有价格涨跌幅限制的日价格振幅达到15的前三只证券	20210316	星期二
59	603169	兰石重装	买一主买，成功率26.78	4.49	10.05	3210.83	4538.72	1327.90	5866.62	11641.49	27.58	50.39	2.57	47	有价格涨跌幅限制的日收盘价格涨幅偏离值达到7的前三只证券	20210316	星期二
60	603380	易德龙	实力游资买入，成功率56.95	25.20	9.52	-237.43	5470.04	5707.47	11177.51	42672.13	-0.56	26.19	6.03	40	非ST、*ST和S证券连续三个交易日内收盘价格涨幅偏离值累计达到20的证券	20210316	星期二
61	603603	博天环境	实力游资买入，成功率34.82	5.96	9.96	1411.93	5054.52	3642.59	8697.12	50186.29	2.81	17.33	15.11	15	非ST、*ST和S证券连续三个交易日内收盘价格涨幅偏离值累计达到20的证券	20210316	星期二
62	605005	合兴股份	实力游资买入，成功率42.81	16.09	9.98	2782.61	5290.94	2508.33	7799.28	31091.35	8.95	25.09	21.99	6	非ST、*ST和S证券连续三个交易日内收盘价格涨幅偏离值累计达到20的证券	20210316	星期二
63	605055	迎丰股份	买一主买，成功率26.66	8.58	1.66	271.03	3030.35	2759.31	5789.66	20094.69	1.35	28.81	29.36	7	有价格涨跌幅限制的日换手率达到20的前三只证券	20210316	星期二
64	605208	永茂泰	上海资金卖出，成功率26.66	20.80	-1.75	-800.78	9975.20	10775.98	20751.17	136979.63	-0.58	15.15	32.88	10	非ST、*ST和S证券连续三个交易日内收盘价格跌幅偏离值累计达到20的证券	20210316	星期二
65	605208	永茂泰	卖一主卖，成功率35.64	20.80	-1.75	-3834.67	1791.53	5626.21	7417.74	31815.14	-12.05	23.32	32.88	10	有价格涨跌幅限制的日换手率达到20的前三只证券	20210316	星期二
