1	000007	全新好	1家机构买入，成功率37.13	4.35	7.14	-1714.51	3023.83	4738.33	7762.16	35412.96	-4.84	21.92	26.70	13	日振幅值达到15的前5只证券	20210301	星期一
2	000007	全新好	1家机构买入，成功率37.13	4.35	7.14	-1714.51	3023.83	4738.33	7762.16	35412.96	-4.84	21.92	26.70	13	日换手率达到20的前5只证券	20210301	星期一
3	000032	深桑达A	卖一主卖，成功率26.94	23.06	-9.99	-2402.06	2780.25	5182.31	7962.57	21182.66	-11.34	37.59	2.20	95	日跌幅偏离值达到7的前5只证券	20210301	星期一
4	000056	皇庭国际	实力游资卖出，成功率56.37	3.19	-6.18	-3540.75	2245.98	5786.73	8032.71	23008.08	-15.39	34.91	7.55	29	日振幅值达到15的前5只证券	20210301	星期一
5	000056	皇庭国际	实力游资卖出，成功率56.37	3.19	-6.18	-3540.75	2245.98	5786.73	8032.71	23008.08	-15.39	34.91	7.55	29	日跌幅偏离值达到7的前5只证券	20210301	星期一
6	000662	天夏退	卖一主卖，成功率42.78	0.45	-10.00	-0.04	2.39	2.43	4.82	2.43	-1.48	198.52	0.01	5	退市整理期	20210301	星期一
7	000718	苏宁环球	1家机构买入，成功率44.77	5.18	9.98	3529.91	18411.84	14881.94	33293.78	81855.14	4.31	40.67	7.07	119	日涨幅偏离值达到7的前5只证券	20210301	星期一
8	000816	智慧农业	西藏自治区资金买入，成功率27.46	3.88	5.15	-4998.49	7236.31	12234.80	19471.11	112066.05	-4.46	17.37	21.75	52	日换手率达到20的前5只证券	20210301	星期一
9	000822	山东海化	实力游资买入，成功率41.25	5.05	10.02	-456.40	7160.20	7616.59	14776.79	30907.62	-1.48	47.81	6.92	45	日涨幅偏离值达到7的前5只证券	20210301	星期一
10	000918	嘉凯城	广东资金卖出，成功率59.32	7.18	-10.03	-2169.04	1883.58	4052.61	5936.19	17507.65	-12.39	33.91	1.33	130	日跌幅偏离值达到7的前5只证券	20210301	星期一
11	000928	中钢国际	1家机构买入，成功率38.69	5.34	10.10	1024.60	3916.66	2892.06	6808.72	26944.33	3.80	25.27	4.15	67	日涨幅偏离值达到7的前5只证券	20210301	星期一
12	000949	新乡化纤	实力游资买入，成功率36.79	4.69	10.09	229.52	4676.39	4446.87	9123.26	17317.07	1.33	52.68	2.97	59	日涨幅偏离值达到7的前5只证券	20210301	星期一
13	000963	华东医药	1家机构买入，成功率46.01	35.02	9.99	-26446.93	19956.13	46403.05	66359.18	271192.91	-9.75	24.47	4.59	613	日涨幅偏离值达到7的前5只证券	20210301	星期一
14	002075	沙钢股份	1家机构卖出，成功率43.28	9.28	-5.11	-1006.15	11415.77	12421.92	23837.69	70536.37	-1.43	33.79	3.52	205	日跌幅偏离值达到7的前5只证券	20210301	星期一
15	002184	海得控制	1家机构买入，成功率41.52	24.30	10.00	6309.23	13851.64	7542.41	21394.05	82618.75	7.64	25.89	22.21	38	日涨幅偏离值达到7的前5只证券	20210301	星期一
16	002291	星期六	主力做T，成功率43.26	18.92	10.00	-140.82	12862.82	13003.64	25866.47	64020.13	-0.22	40.40	5.59	116	日涨幅偏离值达到7的前5只证券	20210301	星期一
17	002311	海大集团	3家机构卖出，成功率41.59	75.60	-4.91	-5269.80	35219.84	40489.64	75709.47	134779.70	-3.91	56.17	1.09	1245	日跌幅偏离值达到7的前5只证券	20210301	星期一
18	002316	亚联发展	实力游资买入，成功率69.56	3.96	10.00	1571.84	2499.21	927.38	3426.59	8747.71	17.97	39.17	4.21	12	连续三个交易日内，涨幅偏离值累计达到20的证券	20210301	星期一
19	002340	格林美	2家机构买入，成功率45.62	8.26	9.99	62669.77	85411.24	22741.47	108152.70	322464.71	19.43	33.54	8.34	393	日涨幅偏离值达到7的前5只证券	20210301	星期一
20	002378	章源钨业	1家机构买入，成功率58.02	7.10	10.08	2821.24	5463.31	2642.06	8105.37	56621.24	4.98	14.32	9.22	65	日涨幅偏离值达到7的前5只证券	20210301	星期一
21	002499	*ST科林	卖一主卖，成功率45.79	6.31	-4.97	-81.59	318.47	400.05	718.52	491.61	-16.60	146.16	0.41	12	日跌幅偏离值达到7的前5只证券	20210301	星期一
22	002647	仁东控股	实力游资买入，成功率32.77	11.47	9.97	-349.98	10484.72	10834.70	21319.42	82258.43	-0.43	25.92	13.05	64	日涨幅偏离值达到7的前5只证券	20210301	星期一
23	002770	ST科迪	实力游资卖出，成功率52.22	1.70	-5.03	-87.64	146.52	234.16	380.68	574.35	-15.26	66.28	0.56	10	日跌幅偏离值达到7的前5只证券	20210301	星期一
24	002813	路畅科技	1家机构买入，成功率40.28	27.59	7.02	-2278.68	3318.42	5597.10	8915.51	45676.64	-4.99	19.52	48.85	10	日换手率达到20的前5只证券	20210301	星期一
25	002833	弘亚数控	4家机构买入，成功率48.05	60.50	9.60	-319.84	4453.71	4773.56	9227.27	23704.02	-1.35	38.93	3.36	74	日振幅值达到15的前5只证券	20210301	星期一
26	002862	实丰文化	实力游资买入，成功率17.44	10.70	4.09	-1810.47	1505.75	3316.22	4821.98	19702.74	-9.19	24.47	16.66	12	日振幅值达到15的前5只证券	20210301	星期一
27	002998	优彩资源	广东资金买入，成功率55.58	16.50	10.00	321.21	5109.97	4788.75	9898.72	50762.11	0.63	19.50	39.15	13	日换手率达到20的前5只证券	20210301	星期一
28	003035	南网能源	实力游资买入，成功率27.59	6.85	5.55	4876.05	15248.97	10372.92	25621.89	162763.92	3.00	15.74	32.11	52	日换手率达到20的前5只证券	20210301	星期一
29	003037	三和管桩	买一主买，成功率32.16	13.48	2.74	731.03	2539.59	1808.55	4348.14	25352.42	2.88	17.15	28.07	9	日换手率达到20的前5只证券	20210301	星期一
30	003038	鑫铂股份	实力游资卖出，成功率36.25	35.00	-6.67	-256.14	4301.37	4557.50	8858.87	45265.62	-0.57	19.57	48.94	9	日跌幅偏离值达到7的前5只证券	20210301	星期一
31	003038	鑫铂股份	实力游资卖出，成功率36.25	35.00	-6.67	-256.14	4301.37	4557.50	8858.87	45265.62	-0.57	19.57	48.94	9	日换手率达到20的前5只证券	20210301	星期一
32	200056	皇庭B	广东资金卖出，成功率36.67	1.44	-10.00	-42.65	78.86	121.51	200.37	270.30	-15.78	74.13	0.91	3	日跌幅偏离值达到7的前5只证券	20210301	星期一
33	300169	天晟新材	1家机构买入，成功率39.86	8.56	20.06	-391.44	2868.03	3259.47	6127.50	25522.89	-1.53	24.01	11.66	23	日涨幅达到15的前5只证券	20210301	星期一
34	300503	昊志机电	1家机构买入，成功率46.33	14.20	15.17	878.43	5397.83	4519.40	9917.24	30939.69	2.84	32.05	12.20	27	日涨幅达到15的前5只证券	20210301	星期一
35	300619	金银河	1家机构买入，成功率42.01	22.01	20.01	45.75	2429.51	2383.75	4813.26	13700.79	0.33	35.13	11.57	12	日涨幅达到15的前5只证券	20210301	星期一
36	300937	药易购	1家机构买入，成功率38.20	90.41	0.50	3484.31	8015.71	4531.40	12547.11	68052.81	5.12	18.44	33.81	21	日换手率达到30的前5只证券	20210301	星期一
37	600086	退市金钰	买一主买，成功率24.94	0.19	0.00	3.42	239.35	235.93	475.28	693.21	0.49	68.56	3.45	2	退市整理的证券	20210301	星期一
38	600593	大连圣亚	买一主买，成功率22.02	26.08	4.53	-1417.04	10219.43	11636.48	21855.91	33761.44	-4.20	64.74	10.27	34	有价格涨跌幅限制的日价格振幅达到15的前三只证券	20210301	星期一
39	600722	金牛化工	西藏自治区资金买入，成功率38.92	7.37	10.00	716.68	7036.87	6320.19	13357.06	118257.46	0.61	11.29	24.55	50	有价格涨跌幅限制的日换手率达到20的前三只证券	20210301	星期一
40	600834	申通地铁	实力游资卖出，成功率25.90	10.55	-4.18	-662.44	2986.74	3649.19	6635.93	42872.73	-1.55	15.48	8.28	50	有价格涨跌幅限制的日价格振幅达到15的前三只证券	20210301	星期一
41	600844	丹化科技	实力游资买入，成功率33.47	5.34	10.10	3725.61	5543.72	1818.11	7361.83	21609.96	17.24	34.07	5.04	44	有价格涨跌幅限制的日收盘价格涨幅偏离值达到7的前三只证券	20210301	星期一
42	600916	中国黄金	实力游资卖出，成功率55.63	16.79	-9.97	-4850.77	4607.01	9457.78	14064.79	39371.54	-12.32	35.72	13.03	30	有价格涨跌幅限制的日收盘价格跌幅偏离值达到7的前三只证券	20210301	星期一
43	600980	北矿科技	买一主买，成功率45.37	18.28	9.99	2742.62	6578.02	3835.40	10413.42	46879.50	5.85	22.21	13.26	28	非ST、*ST和S证券连续三个交易日内收盘价格涨幅偏离值累计达到20的证券	20210301	星期一
44	601038	一拖股份	实力游资买入，成功率36.18	11.22	10.00	4669.59	10915.77	6246.18	17161.95	79519.54	5.87	21.58	6.85	67	非ST、*ST和S证券连续三个交易日内收盘价格涨幅偏离值累计达到20的证券	20210301	星期一
45	601988	中国银行	买一主买，成功率40.56	3.24	0.00	28178.63	28178.63	-	28178.63	48848.15	57.69	57.69	0.07	6829	单只标的证券的当日融资买入数量达到当日该证券总交易量的50％以上	20210301	星期一
46	603126	中材节能	实力游资买入，成功率50.15	6.66	10.08	2108.24	3239.46	1131.22	4370.68	10598.72	19.89	41.24	2.65	41	有价格涨跌幅限制的日收盘价格涨幅偏离值达到7的前三只证券	20210301	星期一
47	603126	中材节能	实力游资买入，成功率49.53	6.66	10.08	2095.61	4679.80	2584.19	7263.99	23844.68	8.79	30.46	2.65	41	非ST、*ST和S证券连续三个交易日内收盘价格涨幅偏离值累计达到20的证券	20210301	星期一
48	603222	济民制药	实力游资买入，成功率38.03	15.17	10.01	-326.98	5718.14	6045.12	11763.26	101697.34	-0.32	11.57	8.29	49	非ST、*ST和S证券连续三个交易日内收盘价格涨幅偏离值累计达到20的证券	20210301	星期一
49	603332	苏州龙杰	实力游资买入，成功率36.33	20.45	10.01	259.40	3635.00	3375.60	7010.61	23074.06	1.12	30.38	20.02	6	非ST、*ST和S证券连续三个交易日内收盘价格涨幅偏离值累计达到20的证券	20210301	星期一
50	603603	博天环境	上海资金买入，成功率42.08	5.13	10.09	870.20	1058.93	188.73	1247.67	1058.93	82.18	117.82	0.81	13	有价格涨跌幅限制的日收盘价格涨幅偏离值达到7的前三只证券	20210301	星期一
51	603603	博天环境	实力游资买入，成功率32.93	5.13	10.09	1773.63	2073.87	300.24	2374.11	4316.94	41.09	55.00	0.81	13	非ST、*ST和S证券连续三个交易日内收盘价格涨幅偏离值累计达到20的证券	20210301	星期一
52	603719	良品铺子	2家机构卖出，成功率60.01	58.83	-9.56	1742.99	6148.43	4405.44	10553.87	27847.15	6.26	37.90	2.10	132	有价格涨跌幅限制的日收盘价格跌幅偏离值达到7的前三只证券	20210301	星期一
53	605006	山东玻纤	实力游资买入，成功率41.07	12.44	9.99	-3354.90	3864.46	7219.36	11083.81	38854.84	-8.63	28.53	33.16	12	有价格涨跌幅限制的日换手率达到20的前三只证券	20210301	星期一
54	605060	N联德	实力游资买入，成功率42.33	22.45	44.00	1682.49	1785.98	103.49	1889.48	2780.92	60.50	67.94	2.07	13	当日无价格涨跌幅限制的A股，出现异常波动停牌的	20210301	星期一
55	605060	N联德	实力游资买入，成功率42.33	22.45	44.00	1682.49	1785.98	103.49	1889.48	2780.92	60.50	67.94	2.07	13	无价格涨跌幅限制的证券	20210301	星期一
56	605133	嵘泰股份	卖一主卖，成功率81.33	31.90	-9.99	1658.46	4826.86	3168.40	7995.26	12800.12	12.96	62.46	9.27	13	有价格涨跌幅限制的日价格振幅达到15的前三只证券	20210301	星期一
57	605133	嵘泰股份	卖一主卖，成功率81.33	31.90	-9.99	1658.46	4826.86	3168.40	7995.26	12800.12	12.96	62.46	9.27	13	有价格涨跌幅限制的日收盘价格跌幅偏离值达到7的前三只证券	20210301	星期一
58	605155	西大门	上海资金买入，成功率31.56	26.79	2.64	705.98	1578.00	872.02	2450.02	15337.64	4.60	15.97	24.49	6	有价格涨跌幅限制的日换手率达到20的前三只证券	20210301	星期一
59	605298	N必得	买一主买，成功率50.00	23.03	44.03	438.69	490.74	52.05	542.78	490.74	89.39	110.61	0.79	6	无价格涨跌幅限制的证券	20210301	星期一
60	605303	N园林	西藏自治区资金买入，成功率35.39	23.59	44.02	1171.35	2463.26	1291.91	3755.17	39224.50	2.99	9.57	42.16	10	当日无价格涨跌幅限制的A股，出现异常波动停牌的	20210301	星期一
61	605303	N园林	西藏自治区资金买入，成功率35.39	23.59	44.02	1171.35	2463.26	1291.91	3755.17	39224.50	2.99	9.57	42.16	10	无价格涨跌幅限制的证券	20210301	星期一
62	688017	绿的谐波	上海资金卖出，成功率50.91	106.09	-17.82	-6642.34	8025.62	14667.96	22693.58	35774.35	-18.57	63.44	11.39	31	有价格涨跌幅限制的日收盘价格跌幅达到15的前五只证券	20210301	星期一
63	688656	浩欧博	3家机构买入，成功率38.01	101.71	17.45	4561.40	9902.90	5341.50	15244.39	21880.19	20.85	69.67	17.76	13	有价格涨跌幅限制的日收盘价格涨幅达到15的前五只证券	20210301	星期一
64	900936	鄂资Ｂ股	实力游资买入，成功率26.90	1.31	9.96	104.12	208.79	104.67	313.46	478.89	21.74	65.45	0.89	5	有价格涨跌幅限制的日收盘价格涨幅偏离值达到7的前三只证券	20210301	星期一
