1	000019	深粮控股	主力做T，成功率49.01	7.76	10.07	3862.70	6970.50	3107.80	10078.30	23388.67	16.52	43.09	7.40	32	日涨幅偏离值达到7的前5只证券	20210305	星期五
2	000027	深圳能源	主力做T，成功率34.32	7.04	10.00	8908.96	21494.10	12585.13	34079.23	105444.78	8.45	32.32	3.23	335	日涨幅偏离值达到7的前5只证券	20210305	星期五
3	000587	*ST金洲	实力游资买入，成功率33.11	1.69	4.97	-210.61	1504.79	1715.40	3220.19	7033.01	-2.99	45.79	1.72	20	连续三个交易日内，涨幅偏离值累计达到12的ST证券、*ST证券和未完成股改证券	20210305	星期五
4	000662	天夏退	卖一主卖，成功率13.33	0.30	-9.09	-0.49	5.55	6.04	11.59	6.04	-8.14	191.86	0.02	3	退市整理期	20210305	星期五
5	000667	美好置业	实力游资买入，成功率37.90	2.26	10.24	-2224.26	6496.32	8720.59	15216.91	53741.64	-4.14	28.31	9.85	55	日涨幅偏离值达到7的前5只证券	20210305	星期五
6	000667	美好置业	主力做T，成功率38.89	2.26	10.24	3524.01	12202.00	8677.99	20880.00	110909.09	3.18	18.83	9.85	55	连续三个交易日内，涨幅偏离值累计达到20的证券	20210305	星期五
7	000727	*ST东科	福建资金买入，成功率47.78	2.97	0.68	3224.77	7944.23	4719.45	12663.68	58580.54	5.50	21.62	2.74	102	连续三个交易日内，涨幅偏离值累计达到12的ST证券、*ST证券和未完成股改证券	20210305	星期五
8	000767	晋控电力	主力做T，成功率14.69	3.48	-9.61	-988.25	6490.25	7478.50	13968.76	69253.28	-1.43	20.17	6.61	101	日跌幅偏离值达到7的前5只证券	20210305	星期五
9	000782	美达股份	1家机构买入，成功率41.67	4.32	9.92	573.62	3906.61	3332.99	7239.60	23684.37	2.42	30.57	10.46	23	日涨幅偏离值达到7的前5只证券	20210305	星期五
10	000798	中水渔业	1家机构买入，成功率49.08	9.68	10.00	3405.66	4519.51	1113.84	5633.35	18473.19	18.44	30.49	6.11	31	日涨幅偏离值达到7的前5只证券	20210305	星期五
11	000806	*ST银河	买一主买，成功率56.83	1.95	4.84	191.44	1466.00	1274.56	2740.56	5238.76	3.65	52.31	1.61	14	连续三个交易日内，涨幅偏离值累计达到12的ST证券、*ST证券和未完成股改证券	20210305	星期五
12	000899	赣能股份	西藏自治区资金卖出，成功率39.60	5.77	-9.84	-160.02	2317.54	2477.56	4795.10	31697.28	-0.50	15.13	5.45	56	日跌幅偏离值达到7的前5只证券	20210305	星期五
13	000923	河钢资源	浙江资金卖出，成功率41.55	25.06	-9.24	-2584.74	6918.58	9503.32	16421.89	37746.48	-6.85	43.51	2.38	157	日跌幅偏离值达到7的前5只证券	20210305	星期五
14	000928	中钢国际	2家机构卖出，成功率35.11	6.32	-7.06	-8733.22	11182.41	19915.63	31098.03	136408.02	-6.40	22.80	16.86	79	日振幅值达到15的前5只证券	20210305	星期五
15	000932	华菱钢铁	2家机构卖出，成功率48.25	6.32	-8.93	-10919.11	31150.38	42069.49	73219.87	158821.82	-6.88	46.10	5.06	312	日跌幅偏离值达到7的前5只证券	20210305	星期五
16	000933	神火股份	4家机构卖出，成功率53.23	8.75	-9.33	-8505.86	10612.07	19117.93	29730.00	86197.35	-9.87	34.49	5.14	166	日跌幅偏离值达到7的前5只证券	20210305	星期五
17	000972	ST中基	买一主买，成功率60.45	1.85	5.11	494.09	693.53	199.45	892.98	1014.20	48.72	88.05	0.18	14	连续三个交易日内，涨幅偏离值累计达到12的ST证券、*ST证券和未完成股改证券	20210305	星期五
18	000980	*ST众泰	西藏自治区资金买入，成功率29.98	3.32	0.61	1785.09	8574.45	6789.37	15363.82	67016.96	2.66	22.93	6.62	41	连续三个交易日内，涨幅偏离值累计达到12的ST证券、*ST证券和未完成股改证券	20210305	星期五
19	001896	豫能控股	西藏自治区资金卖出，成功率32.11	7.51	-0.79	-280.87	8507.70	8788.57	17296.28	143463.36	-0.20	12.06	15.86	86	日振幅值达到15的前5只证券	20210305	星期五
20	002147	*ST新光	实力游资买入，成功率32.41	1.39	5.30	509.79	1078.63	568.84	1647.47	4580.25	11.13	35.97	2.32	7	连续三个交易日内，涨幅偏离值累计达到12的ST证券、*ST证券	20210305	星期五
21	002168	ST惠程	卖一主卖，成功率26.37	3.31	-4.89	-344.74	327.68	672.41	1000.09	1251.65	-27.54	79.90	0.15	26	连续三个交易日内，跌幅偏离值累计达到12的ST证券、*ST证券	20210305	星期五
22	002175	ST东网	广东资金买入，成功率38.88	1.25	1.63	-643.59	1053.67	1697.25	2750.92	12515.20	-5.14	21.98	4.99	9	连续三个交易日内，涨幅偏离值累计达到12的ST证券、*ST证券	20210305	星期五
23	002184	海得控制	1家机构卖出，成功率36.76	20.95	-9.19	2410.11	7569.89	5159.79	12729.68	65789.99	3.66	19.35	19.58	33	日跌幅偏离值达到7的前5只证券	20210305	星期五
24	002188	*ST巴士	主力做T，成功率34.92	2.72	5.02	-86.68	559.79	646.48	1206.27	2182.39	-3.97	55.27	2.25	7	连续三个交易日内，涨幅偏离值累计达到12的ST证券、*ST证券	20210305	星期五
25	002207	准油股份	买一主买，成功率48.38	6.80	10.03	976.66	4256.44	3279.77	7536.21	9308.73	10.49	80.96	3.48	16	连续三个交易日内，涨幅偏离值累计达到20的证券	20210305	星期五
26	002247	*ST聚力	主力做T，成功率36.67	2.06	5.10	-529.20	1366.25	1895.45	3261.70	12343.21	-4.29	26.43	3.54	12	连续三个交易日内，涨幅偏离值累计达到12的ST证券、*ST证券	20210305	星期五
27	002356	*ST赫美	主力做T，成功率70.90	1.67	5.03	-333.31	526.23	859.54	1385.76	2607.92	-12.78	53.14	0.94	9	连续三个交易日内，涨幅偏离值累计达到12的ST证券、*ST证券	20210305	星期五
28	002378	章源钨业	实力游资卖出，成功率39.71	9.10	-3.70	-132.59	11322.91	11455.50	22778.42	132113.69	-0.10	17.24	15.41	83	日振幅值达到15的前5只证券	20210305	星期五
29	002400	省广集团	买一主买，成功率44.05	4.95	10.00	4117.52	11751.10	7633.58	19384.68	65301.08	6.31	29.69	8.13	83	日涨幅偏离值达到7的前5只证券	20210305	星期五
30	002416	爱施德	主力做T，成功率43.86	10.20	10.03	-3158.94	12340.44	15499.38	27839.82	71774.54	-4.40	38.79	5.95	125	日涨幅偏离值达到7的前5只证券	20210305	星期五
31	002532	天山铝业	2家机构买入，成功率41.81	11.16	0.72	7358.74	18311.01	10952.27	29263.27	83736.60	8.79	34.95	18.24	48	日振幅值达到15的前5只证券	20210305	星期五
32	002535	*ST林重	实力游资买入，成功率45.15	1.94	4.86	382.99	520.41	137.42	657.83	602.43	63.57	109.20	0.25	11	连续三个交易日内，涨幅偏离值累计达到12的ST证券、*ST证券	20210305	星期五
33	002554	惠博普	实力游资买入，成功率48.15	2.95	10.07	4582.66	7472.73	2890.07	10362.80	34589.48	13.25	29.96	2.65	25	连续三个交易日内，涨幅偏离值累计达到20的证券	20210305	星期五
34	002592	ST八菱	主力做T，成功率45.89	3.34	5.03	79.18	960.71	881.53	1842.24	4366.77	1.81	42.19	2.17	9	连续三个交易日内，涨幅偏离值累计达到12的ST证券、*ST证券	20210305	星期五
35	002612	朗姿股份	1家机构卖出，成功率34.46	30.60	-10.00	-4343.64	12072.76	16416.40	28489.15	127043.70	-3.42	22.42	15.67	80	日跌幅偏离值达到7的前5只证券	20210305	星期五
36	002646	青青稞酒	实力游资买入，成功率47.26	13.99	9.98	3831.60	8058.79	4227.19	12285.99	54893.89	6.98	22.38	8.94	63	日涨幅偏离值达到7的前5只证券	20210305	星期五
37	002647	仁东控股	1家机构买入，成功率37.79	15.88	9.97	-1010.79	15869.08	16879.88	32748.96	213257.42	-0.47	15.36	24.38	89	日涨幅偏离值达到7的前5只证券	20210305	星期五
38	002647	仁东控股	1家机构买入，成功率37.79	15.88	9.97	-1010.79	15869.08	16879.88	32748.96	213257.42	-0.47	15.36	24.38	89	日换手率达到20的前5只证券	20210305	星期五
39	002683	宏大爆破	1家机构买入，成功率51.12	35.72	10.01	4835.56	12576.23	7740.67	20316.90	66921.19	7.23	30.36	3.19	218	日涨幅偏离值达到7的前5只证券	20210305	星期五
40	002684	ST猛狮	实力游资买入，成功率36.46	2.71	5.04	-5.79	233.44	239.24	472.68	1186.11	-0.49	39.85	0.17	12	连续三个交易日内，涨幅偏离值累计达到12的ST证券、*ST证券	20210305	星期五
41	002998	优彩资源	实力游资卖出，成功率32.15	13.53	-9.98	-3718.22	3378.28	7096.50	10474.79	52940.39	-7.02	19.79	46.60	11	日跌幅偏离值达到7的前5只证券	20210305	星期五
42	002998	优彩资源	实力游资卖出，成功率32.15	13.53	-9.98	-3718.22	3378.28	7096.50	10474.79	52940.39	-7.02	19.79	46.60	11	日换手率达到20的前5只证券	20210305	星期五
43	003033	征和工业	实力游资卖出，成功率19.73	34.39	-9.31	-1285.73	2631.85	3917.57	6549.42	33549.11	-3.83	19.52	46.62	7	日跌幅偏离值达到7的前5只证券	20210305	星期五
44	003033	征和工业	实力游资卖出，成功率19.73	34.39	-9.31	-1285.73	2631.85	3917.57	6549.42	33549.11	-3.83	19.52	46.62	7	日换手率达到20的前5只证券	20210305	星期五
45	003035	南网能源	主力做T，成功率41.88	6.94	-8.80	9068.01	23338.11	14270.10	37608.21	161876.27	5.60	23.23	29.70	53	日跌幅偏离值达到7的前5只证券	20210305	星期五
46	003035	南网能源	主力做T，成功率41.88	6.94	-8.80	9068.01	23338.11	14270.10	37608.21	161876.27	5.60	23.23	29.70	53	日换手率达到20的前5只证券	20210305	星期五
47	003037	三和管桩	实力游资卖出，成功率39.64	13.22	-5.84	756.37	2801.29	2044.91	4846.20	23715.51	3.19	20.43	25.41	9	日换手率达到20的前5只证券	20210305	星期五
48	300064	ST金刚	实力游资买入，成功率39.11	3.43	19.93	3776.43	8128.01	4351.58	12479.59	62561.23	6.04	19.95	27.51	24	日涨幅达到15的前5只证券	20210305	星期五
49	300179	四方达	1家机构买入，成功率38.35	6.48	20.00	2271.39	3433.94	1162.55	4596.49	16574.06	13.70	27.73	7.87	22	日涨幅达到15的前5只证券	20210305	星期五
50	300234	开尔新材	浙江资金卖出，成功率39.29	9.00	-9.46	-8990.92	7173.85	16164.77	23338.61	122945.33	-7.31	18.98	39.98	28	日换手率达到30的前5只证券	20210305	星期五
51	300312	邦讯技术	实力游资买入，成功率27.36	6.98	8.72	-2948.28	2927.05	5875.34	8802.39	63397.71	-4.65	13.88	42.90	15	日换手率达到30的前5只证券	20210305	星期五
52	300312	邦讯技术	主力做T，成功率39.96	6.98	8.72	-2094.99	5189.83	7284.82	12474.65	105218.39	-1.99	11.86	42.90	15	连续三个交易日内，涨幅偏离值累计达到30的证券	20210305	星期五
53	300312	邦讯技术	主力做T，成功率72.73	6.98	8.72	14203.77	663251.80	649048.03	1312299.84	344709.16	4.12	380.70	42.90	15	严重异常期间3次出现正向异常波动的证券	20210305	星期五
54	300675	建科院	实力游资买入，成功率27.89	18.02	19.97	3356.61	4770.56	1413.95	6184.51	19767.33	16.98	31.29	7.68	26	日涨幅达到15的前5只证券	20210305	星期五
55	300839	博汇股份	1家机构卖出，成功率31.54	28.48	-0.87	-946.62	2834.74	3781.37	6616.11	36973.82	-2.56	17.89	45.52	7	日换手率达到30的前5只证券	20210305	星期五
56	300940	南极光	1家机构买入，成功率45.65	51.30	20.00	7346.80	9575.83	2229.03	11804.87	46125.68	15.93	25.59	34.18	14	日涨幅达到15的前5只证券	20210305	星期五
57	300946	恒而达	实力游资买入，成功率35.15	74.88	20.00	2060.89	4678.92	2618.03	7296.96	53864.97	3.83	13.55	46.19	12	日涨幅达到15的前5只证券	20210305	星期五
58	300946	恒而达	实力游资买入，成功率35.15	74.88	20.00	2060.89	4678.92	2618.03	7296.96	53864.97	3.83	13.55	46.19	12	日换手率达到30的前5只证券	20210305	星期五
59	300948	冠中生态	西藏自治区资金卖出，成功率30.79	45.43	-12.65	-1055.95	2931.68	3987.63	6919.32	47530.98	-2.22	14.56	45.81	10	日换手率达到30的前5只证券	20210305	星期五
60	600086	退市金钰	浙江资金卖出，成功率58.57	0.17	-5.56	-30.20	220.82	251.02	471.85	643.60	-4.69	73.31	3.56	2	退市整理的证券	20210305	星期五
61	600121	郑州煤电	买一主买，成功率40.98	5.87	9.93	513.35	11269.29	10755.94	22025.23	167172.22	0.31	13.18	15.31	72	非ST、*ST和S证券连续三个交易日内收盘价格涨幅偏离值累计达到20的证券	20210305	星期五
62	600145	*ST新亿	实力游资买入，成功率51.11	1.38	5.34	-210.68	329.54	540.22	869.76	3475.65	-6.06	25.02	1.29	21	ST、*ST和S证券连续三个交易日内收盘价格涨幅偏离值累计达到15的证券	20210305	星期五
63	600169	太原重工	实力游资买入，成功率37.81	2.61	10.13	3278.79	6085.88	2807.10	8892.98	34244.41	9.57	25.97	5.20	67	有价格涨跌幅限制的日收盘价格涨幅偏离值达到7的前三只证券	20210305	星期五
64	600191	华资实业	浙江资金买入，成功率48.49	4.33	9.90	949.31	3786.47	2837.17	6623.64	41839.11	2.27	15.83	8.43	21	非ST、*ST和S证券连续三个交易日内收盘价格涨幅偏离值累计达到20的证券	20210305	星期五
65	600242	*ST中昌	实力游资买入，成功率44.33	2.84	5.19	-130.75	969.41	1100.16	2069.57	9734.80	-1.34	21.26	1.56	13	ST、*ST和S证券连续三个交易日内收盘价格涨幅偏离值累计达到15的证券	20210305	星期五
66	600291	西水股份	实力游资买入，成功率39.94	3.91	10.14	153.10	3392.48	3239.39	6631.87	13668.89	1.12	48.52	3.33	43	有价格涨跌幅限制的日收盘价格涨幅偏离值达到7的前三只证券	20210305	星期五
67	600295	鄂尔多斯	2家机构买入，成功率49.07	23.40	0.91	-5346.78	21157.67	26504.45	47662.12	176703.88	-3.03	26.97	12.38	153	有价格涨跌幅限制的日价格振幅达到15的前三只证券	20210305	星期五
68	600438	通威股份	3家机构卖出，成功率43.39	37.24	-4.00	-110497.40	337069.31	447566.72	784636.03	2227193.73	-4.96	35.23	3.75	1597	非ST、*ST和S证券连续三个交易日内收盘价格跌幅偏离值累计达到20的证券	20210305	星期五
69	600710	苏美达	实力游资买入，成功率37.62	6.12	10.07	-772.64	4543.46	5316.09	9859.55	62723.50	-1.23	15.72	7.91	80	有价格涨跌幅限制的日收盘价格涨幅偏离值达到7的前三只证券	20210305	星期五
70	600710	苏美达	实力游资买入，成功率35.38	6.12	10.07	145.51	5493.37	5347.86	10841.23	73725.66	0.20	14.70	7.91	80	非ST、*ST和S证券连续三个交易日内收盘价格涨幅偏离值累计达到20的证券	20210305	星期五
71	600722	金牛化工	实力游资卖出，成功率35.69	7.81	-4.41	1881.79	8186.67	6304.88	14491.56	143892.84	1.31	10.07	25.34	53	有价格涨跌幅限制的日价格振幅达到15的前三只证券	20210305	星期五
72	600782	新钢股份	卖一主卖，成功率39.75	5.01	-10.05	923.00	22975.83	22052.82	45028.65	129043.57	0.72	34.89	7.94	160	有价格涨跌幅限制的日收盘价格跌幅偏离值达到7的前三只证券	20210305	星期五
73	600916	中国黄金	上海资金卖出，成功率37.98	15.89	-8.04	-1018.60	5370.29	6388.89	11759.17	89478.89	-1.14	13.14	30.85	29	有价格涨跌幅限制的日换手率达到20的前三只证券	20210305	星期五
74	601038	一拖股份	实力游资买入，成功率37.45	15.15	1.47	3887.84	16996.25	13108.41	30104.66	167570.35	2.32	17.97	18.61	90	有价格涨跌幅限制的日价格振幅达到15的前三只证券	20210305	星期五
75	601798	蓝科高新	实力游资买入，成功率56.17	6.64	9.93	59.48	1476.16	1416.68	2892.84	14215.24	0.42	20.35	4.12	24	非ST、*ST和S证券连续三个交易日内收盘价格涨幅偏离值累计达到20的证券	20210305	星期五
76	603016	新宏泰	实力游资卖出，成功率38.49	33.35	-10.01	-2195.57	2461.58	4657.15	7118.73	16678.75	-13.16	42.68	3.27	49	有价格涨跌幅限制的日收盘价格跌幅偏离值达到7的前三只证券	20210305	星期五
77	603222	济民制药	普通席位买入，成功率33.82	19.10	10.02	2677.15	11627.34	8950.20	20577.54	163718.66	1.64	12.57	14.04	61	非ST、*ST和S证券连续三个交易日内收盘价格涨幅偏离值累计达到20的证券	20210305	星期五
78	603338	浙江鼎力	4家机构卖出，成功率43.54	93.03	-10.00	-10577.35	51876.54	62453.89	114330.42	167148.65	-6.33	68.40	1.88	452	非ST、*ST和S证券连续三个交易日内收盘价格跌幅偏离值累计达到20的证券	20210305	星期五
79	603616	韩建河山	实力游资买入，成功率45.40	6.78	10.06	1077.98	2465.03	1387.04	3852.07	7893.94	13.66	48.80	2.64	20	非ST、*ST和S证券连续三个交易日内收盘价格涨幅偏离值累计达到20的证券	20210305	星期五
80	603929	亚翔集成	实力游资买入，成功率45.52	12.56	9.98	574.87	3323.47	2748.60	6072.07	24351.13	2.36	24.94	7.78	27	非ST、*ST和S证券连续三个交易日内收盘价格涨幅偏离值累计达到20的证券	20210305	星期五
81	603996	*ST中新	实力游资买入，成功率64.20	2.57	4.90	10.76	547.98	537.22	1085.20	3590.55	0.30	30.22	0.15	8	ST、*ST和S证券连续三个交易日内收盘价格涨幅偏离值累计达到15的证券	20210305	星期五
82	605006	山东玻纤	1家机构卖出，成功率28.04	10.43	-10.01	-5659.75	2486.73	8146.48	10633.21	31761.84	-17.82	33.48	29.86	10	有价格涨跌幅限制的日收盘价格跌幅偏离值达到7的前三只证券	20210305	星期五
83	605136	丽人丽妆	实力游资卖出，成功率38.11	33.38	-2.51	-2554.35	3191.29	5745.65	8936.94	43214.60	-5.91	20.68	31.60	13	有价格涨跌幅限制的日换手率达到20的前三只证券	20210305	星期五
84	605298	必得科技	实力游资卖出，成功率30.48	23.08	-9.95	-663.10	1348.65	2011.74	3360.39	22637.35	-2.93	14.84	35.57	6	有价格涨跌幅限制的日换手率达到20的前三只证券	20210305	星期五
