1	000007	全新好	1家机构卖出，成功率34.79	4.37	-0.23	-12.69	4332.39	4345.08	8677.47	44554.09	-0.03	19.48	31.78	14	日振幅值达到15的前5只证券	20210310	星期三
2	000007	全新好	1家机构卖出，成功率34.79	4.37	-0.23	-12.69	4332.39	4345.08	8677.47	44554.09	-0.03	19.48	31.78	14	日换手率达到20的前5只证券	20210310	星期三
3	000027	深圳能源	实力游资买入，成功率45.61	8.11	10.04	11036.37	19276.83	8240.46	27517.28	107418.27	10.27	25.62	2.88	386	日涨幅偏离值达到7的前5只证券	20210310	星期三
4	000150	宜华健康	实力游资卖出，成功率29.11	2.59	-9.76	-1344.36	1106.41	2450.77	3557.18	17048.93	-7.89	20.86	7.84	21	日跌幅偏离值达到7的前5只证券	20210310	星期三
5	000662	天夏退	主力做T，成功率43.49	0.23	-4.17	403.95	801.70	397.75	1199.46	3313.27	12.19	36.20	12.89	3	退市整理期	20210310	星期三
6	000667	美好置业	西藏自治区资金卖出，成功率40.48	1.95	-8.02	2337.03	6628.09	4291.06	10919.15	59790.87	3.91	18.26	12.32	48	日跌幅偏离值达到7的前5只证券	20210310	星期三
7	000680	山推股份	实力游资卖出，成功率26.64	4.25	-7.61	-3419.88	3193.02	6612.90	9805.92	47912.58	-7.14	20.47	10.52	45	日跌幅偏离值达到7的前5只证券	20210310	星期三
8	000687	*ST华讯	主力做T，成功率68.35	2.03	5.18	60.85	820.34	759.49	1579.84	5274.89	1.15	29.95	1.75	15	连续三个交易日内，涨幅偏离值累计达到12的ST证券、*ST证券和未完成股改证券	20210310	星期三
9	000711	京蓝科技	1家机构卖出，成功率54.79	2.32	-9.38	-615.83	772.82	1388.65	2161.47	6967.56	-8.84	31.02	3.51	19	日跌幅偏离值达到7的前5只证券	20210310	星期三
10	000903	云内动力	实力游资买入，成功率45.81	4.34	7.43	3950.97	10394.99	6444.02	16839.01	73671.13	5.36	22.86	9.22	86	日振幅值达到15的前5只证券	20210310	星期三
11	000903	云内动力	主力做T，成功率47.11	4.34	7.43	2411.65	17338.57	14926.92	32265.50	172378.76	1.40	18.72	9.22	86	连续三个交易日内，涨幅偏离值累计达到20的证券	20210310	星期三
12	000911	南宁糖业	买一主买，成功率28.18	9.57	10.00	5430.45	7180.25	1749.79	8930.04	27341.72	19.86	32.66	9.39	31	日振幅值达到15的前5只证券	20210310	星期三
13	000911	南宁糖业	买一主买，成功率28.18	9.57	10.00	5430.45	7180.25	1749.79	8930.04	27341.72	19.86	32.66	9.39	31	日涨幅偏离值达到7的前5只证券	20210310	星期三
14	000927	中国铁物	实力游资买入，成功率23.52	4.22	9.90	2821.19	3686.70	865.50	4552.20	9527.16	29.61	47.78	1.44	67	日涨幅偏离值达到7的前5只证券	20210310	星期三
15	000929	兰州黄河	主力做T，成功率36.11	8.80	10.00	580.93	4157.66	3576.73	7734.40	21361.90	2.72	36.21	13.44	16	日涨幅偏离值达到7的前5只证券	20210310	星期三
16	000932	华菱钢铁	4家机构买入，成功率47.75	7.11	5.18	4385.12	50461.69	46076.57	96538.26	198066.56	2.21	48.74	5.59	351	日振幅值达到15的前5只证券	20210310	星期三
17	000966	长源电力	实力游资买入，成功率43.68	4.29	10.00	6119.17	8424.99	2305.82	10730.81	22008.16	27.80	48.76	4.75	48	日涨幅偏离值达到7的前5只证券	20210310	星期三
18	000977	浪潮信息	2家机构卖出，成功率45.34	28.96	-10.01	-11641.31	17339.44	28980.75	46320.19	240910.81	-4.83	19.23	5.53	421	日跌幅偏离值达到7的前5只证券	20210310	星期三
19	000980	*ST众泰	实力游资买入，成功率70.28	3.48	5.14	2983.43	4541.82	1558.40	6100.22	11113.83	26.84	54.89	0.20	43	连续三个交易日内，涨幅偏离值累计达到12的ST证券、*ST证券和未完成股改证券	20210310	星期三
20	002096	南岭民爆	实力游资卖出，成功率16.96	8.93	-9.98	-1841.15	2262.37	4103.52	6365.89	30418.75	-6.05	20.93	8.91	33	日跌幅偏离值达到7的前5只证券	20210310	星期三
21	002118	紫鑫药业	实力游资买入，成功率31.33	3.17	10.07	4884.66	8480.02	3595.36	12075.38	37188.52	13.13	32.47	9.30	41	日涨幅偏离值达到7的前5只证券	20210310	星期三
22	002178	延华智能	实力游资卖出，成功率33.91	3.40	-10.05	-1909.27	1380.78	3290.05	4670.83	19392.01	-9.85	24.09	7.81	24	日跌幅偏离值达到7的前5只证券	20210310	星期三
23	002210	*ST飞马	福建资金买入，成功率54.22	2.67	5.12	-1630.24	1706.49	3336.72	5043.21	14220.28	-11.46	35.46	0.43	71	连续三个交易日内，涨幅偏离值累计达到12的ST证券、*ST证券	20210310	星期三
24	002219	*ST恒康	浙江资金买入，成功率46.87	1.94	4.86	-507.58	959.36	1466.94	2426.30	7520.19	-6.75	32.26	1.34	36	连续三个交易日内，涨幅偏离值累计达到12的ST证券、*ST证券	20210310	星期三
25	002315	焦点科技	上海资金卖出，成功率58.52	17.85	-9.98	-1579.61	3419.09	4998.70	8417.79	28276.47	-5.59	29.77	9.19	30	日跌幅偏离值达到7的前5只证券	20210310	星期三
26	002366	台海核电	主力做T，成功率39.88	3.31	-8.82	-1281.06	2681.27	3962.33	6643.60	29939.62	-4.28	22.19	14.10	20	日振幅值达到15的前5只证券	20210310	星期三
27	002410	广联达	3家机构买入，成功率47.29	62.81	10.00	33632.13	56810.37	23178.24	79988.61	112680.29	29.85	70.99	1.84	622	日涨幅偏离值达到7的前5只证券	20210310	星期三
28	002549	凯美特气	实力游资买入，成功率53.74	7.90	10.03	1435.86	3133.40	1697.55	4830.95	17344.66	8.28	27.85	3.67	49	日涨幅偏离值达到7的前5只证券	20210310	星期三
29	002554	惠博普	实力游资卖出，成功率49.27	2.81	-9.94	-2193.31	2792.30	4985.60	7777.90	32563.82	-6.74	23.89	13.57	24	日跌幅偏离值达到7的前5只证券	20210310	星期三
30	002620	瑞和股份	1家机构买入，成功率33.22	6.65	0.76	-399.29	3939.19	4338.48	8277.66	46759.33	-0.85	17.70	21.70	21	日换手率达到20的前5只证券	20210310	星期三
31	002836	新宏泽	实力游资买入，成功率31.18	11.20	2.75	-174.01	3664.79	3838.80	7503.59	17459.03	-1.00	42.98	9.51	18	日振幅值达到15的前5只证券	20210310	星期三
32	002862	实丰文化	1家机构卖出，成功率29.97	10.98	-10.00	-1774.26	1543.34	3317.61	4860.95	23478.45	-7.56	20.70	18.10	12	日跌幅偏离值达到7的前5只证券	20210310	星期三
33	002862	实丰文化	1家机构卖出，成功率29.97	10.98	-10.00	-1774.26	1543.34	3317.61	4860.95	23478.45	-7.56	20.70	18.10	12	日换手率达到20的前5只证券	20210310	星期三
34	002863	今飞凯达	1家机构买入，成功率34.38	6.26	10.02	1826.41	3507.11	1680.70	5187.81	22467.98	8.13	23.09	9.20	25	日涨幅偏离值达到7的前5只证券	20210310	星期三
35	002996	顺博合金	1家机构买入，成功率41.21	14.53	9.99	2508.08	3652.10	1144.02	4796.12	12368.53	20.28	38.78	16.78	8	日涨幅偏离值达到7的前5只证券	20210310	星期三
36	002998	优彩资源	2家机构买入，成功率45.68	11.44	2.05	-875.60	2100.47	2976.07	5076.54	28853.81	-3.03	17.59	31.78	9	日换手率达到20的前5只证券	20210310	星期三
37	003035	南网能源	主力做T，成功率37.53	7.30	-4.82	-713.26	14698.48	15411.74	30110.22	170290.06	-0.42	17.68	30.76	55	日换手率达到20的前5只证券	20210310	星期三
38	003039	顺控发展	买一主买，成功率53.74	10.21	10.02	429.93	460.75	30.81	491.56	460.75	93.31	106.69	0.29	6	连续三个交易日内，涨幅偏离值累计达到20的证券	20210310	星期三
39	300600	国瑞科技	浙江资金卖出，成功率28.61	14.00	-20.00	-13544.67	3363.16	16907.83	20271.00	47820.18	-28.32	42.39	16.44	29	日跌幅达到15的前5只证券	20210310	星期三
40	300819	聚杰微纤	吉林资金买入，成功率28.57	34.99	9.62	3489.63	11807.54	8317.91	20125.45	47737.55	7.31	42.16	56.23	9	日换手率达到30的前5只证券	20210310	星期三
41	300819	聚杰微纤	吉林资金买入，成功率25.55	34.99	9.62	714.00	16246.41	15532.41	31778.82	80288.39	0.89	39.58	56.23	9	连续三个交易日内，涨幅偏离值累计达到30的证券	20210310	星期三
42	300859	西域旅游	2家机构卖出，成功率53.70	22.61	-3.17	-2916.72	3609.59	6526.31	10135.90	38481.31	-7.58	26.34	43.34	9	日换手率达到30的前5只证券	20210310	星期三
43	300863	卡倍亿	1家机构买入，成功率37.97	99.13	20.00	2521.84	4377.07	1855.23	6232.30	24466.21	10.31	25.47	18.36	14	日涨幅达到15的前5只证券	20210310	星期三
44	300926	博俊科技	实力游资买入，成功率16.61	23.77	10.82	-71.39	1831.05	1902.43	3733.48	35179.10	-0.20	10.61	43.13	8	日换手率达到30的前5只证券	20210310	星期三
45	300940	南极光	西藏自治区资金买入，成功率29.30	54.99	0.35	-647.14	4400.65	5047.79	9448.44	67413.78	-0.96	14.02	44.49	15	日换手率达到30的前5只证券	20210310	星期三
46	300950	德固特	西藏自治区资金卖出，成功率32.47	48.14	-7.65	-774.69	2206.23	2980.91	5187.14	44820.57	-1.73	11.57	38.41	11	日换手率达到30的前5只证券	20210310	星期三
47	600086	退市金钰	卖一主卖，成功率21.11	0.16	-5.88	159.40	427.40	267.99	695.39	1239.93	12.86	56.08	7.02	2	退市整理的证券	20210310	星期三
48	600121	郑州煤电	西藏自治区资金卖出，成功率30.36	6.94	-2.39	2020.89	13896.55	11875.66	25772.21	184388.10	1.10	13.98	21.15	85	有价格涨跌幅限制的日价格振幅达到15的前三只证券	20210310	星期三
49	600169	太原重工	卖一主卖，成功率30.59	2.84	-10.13	-2842.66	3269.20	6111.86	9381.06	56265.65	-5.05	16.67	7.56	73	有价格涨跌幅限制的日收盘价格跌幅偏离值达到7的前三只证券	20210310	星期三
50	600192	长城电工	江苏资金买入，成功率30.93	4.35	10.13	1535.52	2139.12	603.61	2742.73	2645.93	58.03	103.66	1.38	19	有价格涨跌幅限制的日收盘价格涨幅偏离值达到7的前三只证券	20210310	星期三
51	600722	金牛化工	买一主买，成功率49.35	7.70	10.00	5261.40	12529.28	7267.88	19797.16	106882.63	4.92	18.52	22.17	52	有价格涨跌幅限制的日价格振幅达到15的前三只证券	20210310	星期三
52	600744	华银电力	买一主买，成功率47.09	4.00	9.89	-282.51	6766.09	7048.60	13814.69	41935.58	-0.67	32.94	13.25	33	有价格涨跌幅限制的日价格振幅达到15的前三只证券	20210310	星期三
53	600792	云煤能源	实力游资买入，成功率38.21	4.57	10.12	2612.05	4299.10	1687.05	5986.15	28209.37	9.26	21.22	6.39	45	有价格涨跌幅限制的日收盘价格涨幅偏离值达到7的前三只证券	20210310	星期三
54	600896	览海医疗	实力游资买入，成功率45.22	4.69	10.09	1170.17	1801.57	631.40	2432.97	5466.74	21.41	44.50	1.41	41	有价格涨跌幅限制的日收盘价格涨幅偏离值达到7的前三只证券	20210310	星期三
55	600916	中国黄金	实力游资买入，成功率41.85	14.49	0.69	-54.97	5970.69	6025.66	11996.36	67316.48	-0.08	17.82	26.26	26	有价格涨跌幅限制的日换手率达到20的前三只证券	20210310	星期三
56	601127	小康股份	实力游资卖出，成功率38.02	17.85	-8.04	-5988.62	21428.45	27417.07	48845.53	263794.58	-2.27	18.52	4.53	170	非ST、*ST和S证券连续三个交易日内收盘价格跌幅偏离值累计达到20的证券	20210310	星期三
57	603098	森特股份	上海资金买入，成功率38.67	14.00	9.98	2145.23	4977.03	2831.80	7808.83	6809.77	31.50	114.67	0.46	67	非ST、*ST和S证券连续三个交易日内收盘价格涨幅偏离值累计达到20的证券	20210310	星期三
58	603332	苏州龙杰	实力游资卖出，成功率18.63	19.87	-10.01	-75.33	1012.80	1088.12	2100.92	13958.51	-0.54	15.05	23.15	6	有价格涨跌幅限制的日收盘价格跌幅偏离值达到7的前三只证券	20210310	星期三
59	603655	朗博科技	实力游资卖出，成功率42.87	23.84	-10.00	-119.62	1519.27	1638.89	3158.16	11785.94	-1.01	26.80	4.63	25	有价格涨跌幅限制的日收盘价格跌幅偏离值达到7的前三只证券	20210310	星期三
60	605055	迎丰股份	实力游资买入，成功率31.71	8.34	10.03	4293.42	5596.84	1303.42	6900.26	19832.61	21.65	34.79	31.00	7	有价格涨跌幅限制的日换手率达到20的前三只证券	20210310	星期三
61	605122	N四方	实力游资买入，成功率44.40	56.98	32.88	3155.98	5948.52	2792.54	8741.05	88111.68	3.58	9.92	48.76	18	当日无价格涨跌幅限制的A股，出现异常波动停牌的	20210310	星期三
62	605122	N四方	实力游资买入，成功率44.40	56.98	32.88	3155.98	5948.52	2792.54	8741.05	88111.68	3.58	9.92	48.76	18	无价格涨跌幅限制的证券	20210310	星期三
63	605208	永茂泰	实力游资买入，成功率28.58	23.35	9.99	2855.82	5070.29	2214.47	7284.76	29509.56	9.68	24.69	3.34	11	非ST、*ST和S证券连续三个交易日内收盘价格涨幅偏离值累计达到20的证券	20210310	星期三
64	605399	晨光新材	买一主买，成功率36.55	18.56	2.20	162.56	3404.07	3241.51	6645.58	29526.26	0.55	22.51	33.39	9	有价格涨跌幅限制的日换手率达到20的前三只证券	20210310	星期三
