1	000007	全新好	1家机构卖出，成功率38.29	4.45	-5.32	-4368.83	3275.05	7643.88	10918.93	39158.84	-11.16	27.88	27.30	-	日换手率达到20的前5只证券	20210318	星期四
2	000301	东方盛虹	1家机构买入，成功率41.02	14.48	10.03	-1131.77	18776.47	19908.24	38684.72	71172.10	-1.59	54.35	2.88	-	日涨幅偏离值达到7的前5只证券	20210318	星期四
3	000488	晨鸣纸业	主力做T，成功率41.86	10.51	10.05	-2668.53	19697.83	22366.36	42064.19	102033.89	-2.62	41.23	6.08	-	日涨幅偏离值达到7的前5只证券	20210318	星期四
4	000612	焦作万方	上海资金卖出，成功率53.89	10.13	-4.97	-15957.22	19725.00	35682.22	55407.22	257683.78	-6.19	21.50	20.33	-	日换手率达到20的前5只证券	20210318	星期四
5	000662	天夏退	实力游资买入，成功率62.94	0.23	0.00	-25.72	229.80	255.52	485.32	783.01	-3.28	61.98	3.12	-	退市整理期	20210318	星期四
6	000687	*ST华讯	主力做T，成功率59.49	1.76	-4.86	-131.93	421.25	553.18	974.43	3412.14	-3.87	28.56	0.33	-	连续三个交易日内，跌幅偏离值累计达到12的ST证券、*ST证券和未完成股改证券	20210318	星期四
7	000762	西藏矿业	1家机构买入，成功率44.10	15.79	10.03	4476.77	14536.89	10060.12	24597.02	58155.17	7.70	42.30	7.18	-	日涨幅偏离值达到7的前5只证券	20210318	星期四
8	000830	鲁西化工	买一主买，成功率55.88	16.61	10.00	5384.83	29871.77	24486.94	54358.71	135756.97	3.97	40.04	5.71	-	日涨幅偏离值达到7的前5只证券	20210318	星期四
9	000963	华东医药	1家机构买入，成功率47.12	42.37	9.99	33791.62	61263.81	27472.19	88736.00	471214.04	7.17	18.83	6.49	-	日涨幅偏离值达到7的前5只证券	20210318	星期四
10	000969	安泰科技	1家机构卖出，成功率43.99	6.70	-6.82	-2669.45	2091.33	4760.78	6852.11	18061.07	-14.78	37.94	2.64	-	日跌幅偏离值达到7的前5只证券	20210318	星期四
11	002068	黑猫股份	1家机构卖出，成功率23.65	8.45	-5.69	-2331.70	9538.79	11870.49	21409.28	72340.86	-3.22	29.60	11.33	-	日振幅值达到15的前5只证券	20210318	星期四
12	002109	兴化股份	实力游资卖出，成功率23.36	6.48	-7.30	-5364.77	6609.11	11973.88	18582.99	94063.93	-5.70	19.76	13.46	-	日跌幅偏离值达到7的前5只证券	20210318	星期四
13	002129	中环股份	实力游资买入，成功率58.76	30.02	10.00	116120.91	148083.72	31962.81	180046.52	423870.53	27.40	42.48	4.91	-	日涨幅偏离值达到7的前5只证券	20210318	星期四
14	002309	中利集团	实力游资卖出，成功率37.43	5.47	-7.60	-6369.09	2139.51	8508.60	10648.11	36602.55	-17.40	29.09	9.16	-	日跌幅偏离值达到7的前5只证券	20210318	星期四
15	002612	朗姿股份	1家机构买入，成功率42.78	32.21	10.01	10215.71	14796.35	4580.63	19376.98	80003.46	12.77	24.22	9.80	-	日涨幅偏离值达到7的前5只证券	20210318	星期四
16	002647	仁东控股	西藏自治区资金卖出，成功率33.38	14.27	-10.03	3748.87	18739.06	14990.19	33729.24	216995.63	1.73	15.54	26.53	-	日跌幅偏离值达到7的前5只证券	20210318	星期四
17	002647	仁东控股	西藏自治区资金卖出，成功率31.93	14.27	-10.03	12250.37	55227.59	42977.23	98204.82	733233.71	1.67	13.39	26.53	-	连续三个交易日内，跌幅偏离值累计达到20的证券	20210318	星期四
18	002665	首航高科	实力游资买入，成功率39.30	3.06	10.07	-2403.50	20134.75	22538.25	42673.00	178071.63	-1.35	23.96	26.98	-	日振幅值达到15的前5只证券	20210318	星期四
19	002665	首航高科	实力游资买入，成功率39.30	3.06	10.07	-2403.50	20134.75	22538.25	42673.00	178071.63	-1.35	23.96	26.98	-	日涨幅偏离值达到7的前5只证券	20210318	星期四
20	002684	ST猛狮	卖一主卖，成功率33.48	2.55	-0.78	-3562.05	1518.37	5080.42	6598.79	14269.74	-24.96	46.24	2.52	-	连续三个交易日内，跌幅偏离值累计达到12的ST证券、*ST证券	20210318	星期四
21	002996	顺博合金	主力做T，成功率35.54	22.37	9.98	2679.49	13482.39	10802.90	24285.29	150715.85	1.78	16.11	30.79	-	连续三个交易日内，涨幅偏离值累计达到20的证券	20210318	星期四
22	002998	优彩资源	上海资金买入，成功率43.42	11.85	2.86	-303.72	2161.99	2465.71	4627.70	31328.12	-0.97	14.77	32.56	-	日换手率达到20的前5只证券	20210318	星期四
23	003026	中晶科技	1家机构卖出，成功率26.73	62.85	-0.90	-9587.84	2737.61	12325.45	15063.06	52553.04	-18.24	28.66	31.89	-	日换手率达到20的前5只证券	20210318	星期四
24	003035	南网能源	2家机构买入，成功率43.34	10.84	10.05	20415.47	39423.25	19007.77	58431.02	334633.54	6.10	17.46	42.05	-	日涨幅偏离值达到7的前5只证券	20210318	星期四
25	003035	南网能源	2家机构买入，成功率40.79	10.84	10.05	25808.64	89093.18	63284.54	152377.73	982728.33	2.63	15.51	42.05	-	连续三个交易日内，涨幅偏离值累计达到20的证券	20210318	星期四
26	003035	南网能源	2家机构买入，成功率43.34	10.84	10.05	20415.47	39423.25	19007.77	58431.02	334633.54	6.10	17.46	42.05	-	日换手率达到20的前5只证券	20210318	星期四
27	003038	鑫铂股份	1家机构买入，成功率40.54	31.34	10.00	3100.19	4406.71	1306.51	5713.22	25430.33	12.19	22.47	31.30	-	日换手率达到20的前5只证券	20210318	星期四
28	003039	顺控发展	西藏自治区资金买入，成功率30.47	18.10	10.03	-1780.90	7087.45	8868.35	15955.80	72038.37	-2.47	22.15	68.22	-	日振幅值达到15的前5只证券	20210318	星期四
29	003039	顺控发展	西藏自治区资金买入，成功率30.47	18.10	10.03	-1780.90	7087.45	8868.35	15955.80	72038.37	-2.47	22.15	68.22	-	日涨幅偏离值达到7的前5只证券	20210318	星期四
30	003039	顺控发展	主力做T，成功率32.32	18.10	10.03	339.54	12522.18	12182.64	24704.83	163468.36	0.21	15.11	68.22	-	连续三个交易日内，涨幅偏离值累计达到20的证券	20210318	星期四
31	003039	顺控发展	西藏自治区资金买入，成功率30.47	18.10	10.03	-1780.90	7087.45	8868.35	15955.80	72038.37	-2.47	22.15	68.22	-	日换手率达到20的前5只证券	20210318	星期四
32	200488	晨鸣B	买一主买，成功率37.33	6.25	10.04	1273.12	2507.06	1233.94	3741.00	6274.34	20.29	59.62	1.73	-	日涨幅偏离值达到7的前5只证券	20210318	星期四
33	200986	粤华包B	实力游资卖出，成功率55.06	5.33	-6.82	-91.02	222.22	313.24	535.46	1061.43	-8.57	50.45	1.38	-	日跌幅偏离值达到7的前5只证券	20210318	星期四
34	300641	正丹股份	1家机构买入，成功率36.84	7.20	20.00	1908.55	4074.71	2166.16	6240.86	32713.15	5.83	19.08	10.05	-	日涨幅达到15的前5只证券	20210318	星期四
35	300820	英杰电气	实力游资买入，成功率42.29	44.17	19.99	1878.30	2590.64	712.33	3302.97	11985.49	15.67	27.56	9.35	-	日涨幅达到15的前5只证券	20210318	星期四
36	300848	美瑞新材	2家机构买入，成功率42.64	78.06	8.96	2353.84	8634.30	6280.45	14914.75	78920.85	2.98	18.90	58.69	-	日换手率达到30的前5只证券	20210318	星期四
37	300859	西域旅游	3家机构买入，成功率43.35	30.32	1.85	3448.75	7379.61	3930.86	11310.47	47227.71	7.30	23.95	40.89	-	日换手率达到30的前5只证券	20210318	星期四
38	300901	中胤时尚	买一主买，成功率26.63	20.27	20.01	2674.78	5613.97	2939.19	8553.16	36025.50	7.42	23.74	32.22	-	日涨幅达到15的前5只证券	20210318	星期四
39	300933	中辰股份	1家机构买入，成功率40.19	13.99	12.64	1171.36	4423.98	3252.61	7676.59	52999.13	2.21	14.48	44.81	-	日换手率达到30的前5只证券	20210318	星期四
40	300940	南极光	1家机构买入，成功率37.86	70.50	4.80	-364.07	6790.83	7154.90	13945.73	111713.88	-0.33	12.48	58.51	-	日换手率达到30的前5只证券	20210318	星期四
41	300952	恒辉安防	西藏自治区资金卖出，成功率32.85	39.30	-7.20	-279.94	3075.70	3355.64	6431.34	60695.65	-0.46	10.60	44.14	-	日换手率达到30的前5只证券	20210318	星期四
42	300953	震裕科技	西藏自治区资金买入，成功率35.44	96.02	233.75	5149.45	8115.64	2966.19	11081.82	142658.09	3.61	7.77	73.37	-	无价格涨跌幅限制的证券	20210318	星期四
43	600187	国中水务	买一主买，成功率56.02	2.59	10.21	3576.21	5064.96	1488.75	6553.72	24818.30	14.41	26.41	5.84	-	有价格涨跌幅限制的日收盘价格涨幅偏离值达到7的前三只证券	20210318	星期四
44	600212	江泉实业	实力游资买入，成功率58.60	4.49	10.05	-306.75	2969.46	3276.22	6245.68	25849.18	-1.19	24.16	11.88	-	有价格涨跌幅限制的日价格振幅达到15的前三只证券	20210318	星期四
45	600701	退市工新	卖一主卖，成功率11.11	0.77	-10.47	-0.06	1.10	1.16	2.26	1.16	-5.30	194.70	0.00	-	退市整理的证券	20210318	星期四
46	600701	退市工新	卖一主卖，成功率7.78	0.77	-10.47	-0.06	1.10	1.16	2.26	1.16	-5.30	194.70	0.00	-	有价格涨跌幅限制的日收盘价格跌幅偏离值达到7的前三只证券	20210318	星期四
47	600773	西藏城投	实力游资买入，成功率41.24	11.28	10.05	-3262.88	5628.81	8891.69	14520.50	31566.66	-10.34	46.00	3.80	-	有价格涨跌幅限制的日收盘价格涨幅偏离值达到7的前三只证券	20210318	星期四
48	600773	西藏城投	实力游资买入，成功率42.44	11.28	10.05	-3704.37	6640.47	10344.84	16985.31	73898.21	-5.01	22.98	3.80	-	非ST、*ST和S证券连续三个交易日内收盘价格涨幅偏离值累计达到20的证券	20210318	星期四
49	600826	兰生股份	买一主买，成功率42.22	8.37	0.24	546.17	546.17	-	546.17	1071.41	50.98	50.98	0.30	-	单只标的证券的当日融资买入数量达到当日该证券总交易量的50％以上	20210318	星期四
50	600896	览海医疗	实力游资买入，成功率47.89	4.90	10.11	2052.61	2651.07	598.46	3249.52	6093.79	33.68	53.33	1.46	-	有价格涨跌幅限制的日收盘价格涨幅偏离值达到7的前三只证券	20210318	星期四
51	601038	一拖股份	实力游资卖出，成功率29.18	13.24	-9.00	-1384.42	5704.60	7089.02	12793.62	94138.30	-1.47	13.59	11.75	-	有价格涨跌幅限制的日收盘价格跌幅偏离值达到7的前三只证券	20210318	星期四
52	603869	新智认知	浙江资金卖出，成功率41.67	9.47	-9.98	-1870.80	1909.81	3780.61	5690.43	4312.07	-43.39	131.97	0.90	-	有价格涨跌幅限制的日收盘价格跌幅偏离值达到7的前三只证券	20210318	星期四
53	603869	新智认知	浙江资金卖出，成功率34.93	9.47	-9.98	-4630.59	3047.39	7677.98	10725.37	22474.23	-20.60	47.72	0.90	-	非ST、*ST和S证券连续三个交易日内收盘价格跌幅偏离值累计达到20的证券	20210318	星期四
54	605005	合兴股份	西藏自治区资金买入，成功率32.62	17.73	0.17	-3080.38	3006.85	6087.23	9094.08	47213.23	-6.52	19.26	65.80	-	有价格涨跌幅限制的日换手率达到20的前三只证券	20210318	星期四
55	605208	永茂泰	买一主买，成功率23.60	22.98	10.00	2810.98	5179.14	2368.16	7547.30	47552.77	5.91	15.87	45.58	-	有价格涨跌幅限制的日换手率达到20的前三只证券	20210318	星期四
56	605228	神通科技	买一主买，成功率32.75	11.05	3.27	-1338.73	2238.09	3576.82	5814.92	37573.82	-3.56	15.48	42.50	-	有价格涨跌幅限制的日换手率达到20的前三只证券	20210318	星期四
