1	000007	全新好	实力游资卖出，成功率35.03	4.17	-4.58	-2478.61	2099.44	4578.05	6677.50	26563.40	-9.33	25.14	20.87	13	日换手率达到20的前5只证券	20210311	星期四
2	000533	顺钠股份	实力游资卖出，成功率52.03	3.10	-6.34	-576.04	1779.85	2355.88	4135.73	28639.60	-2.01	14.44	13.82	21	日跌幅偏离值达到7的前5只证券	20210311	星期四
3	000626	远大控股	1家机构卖出，成功率38.19	15.63	-4.70	-428.82	3041.20	3470.03	6511.23	13107.60	-3.27	49.68	1.79	73	日跌幅偏离值达到7的前5只证券	20210311	星期四
4	000662	天夏退	卖一主卖，成功率58.89	0.22	-4.35	-55.89	219.39	275.27	494.66	988.65	-5.65	50.03	4.09	2	退市整理期	20210311	星期四
5	000807	云铝股份	买一主买，成功率34.65	10.96	10.04	13371.91	33296.56	19924.65	53221.20	185943.04	7.19	28.62	6.13	308	日涨幅偏离值达到7的前5只证券	20210311	星期四
6	000825	太钢不锈	1家机构买入，成功率49.38	4.86	9.95	8803.50	25101.21	16297.72	41398.93	158243.11	5.56	26.16	5.89	277	日涨幅偏离值达到7的前5只证券	20210311	星期四
7	000877	天山股份	主力做T，成功率39.96	16.56	10.03	4900.60	22929.73	18029.13	40958.86	137702.74	3.56	29.74	9.68	146	日涨幅偏离值达到7的前5只证券	20210311	星期四
8	000932	华菱钢铁	2家机构买入，成功率40.77	7.82	9.99	1193.56	41104.26	39910.70	81014.95	196951.89	0.61	41.13	5.32	386	日涨幅偏离值达到7的前5只证券	20210311	星期四
9	000932	华菱钢铁	3家机构买入，成功率47.11	7.82	9.99	-32032.97	85346.53	117379.50	202726.03	560636.52	-5.71	36.16	5.32	386	连续三个交易日内，涨幅偏离值累计达到20的证券	20210311	星期四
10	000933	神火股份	主力做T，成功率42.53	10.02	9.99	7964.65	16440.42	8475.77	24916.20	75843.91	10.50	32.85	4.05	190	日涨幅偏离值达到7的前5只证券	20210311	星期四
11	002027	分众传媒	4家机构卖出，成功率46.02	9.85	-7.16	-22685.23	145135.78	167821.01	312956.79	487109.91	-4.66	64.25	3.32	1446	日跌幅偏离值达到7的前5只证券	20210311	星期四
12	002096	南岭民爆	主力做T，成功率29.87	8.43	-5.60	-1112.98	1694.27	2807.25	4501.52	30018.20	-3.71	15.00	9.76	31	日跌幅偏离值达到7的前5只证券	20210311	星期四
13	002130	沃尔核材	买一主买，成功率39.19	6.60	10.00	4296.29	10570.32	6274.03	16844.35	60474.53	7.10	27.85	7.50	82	日涨幅偏离值达到7的前5只证券	20210311	星期四
14	002366	台海核电	实力游资买入，成功率30.90	3.64	9.97	4037.69	6185.85	2148.15	8334.00	29602.90	13.64	28.15	14.10	22	日振幅值达到15的前5只证券	20210311	星期四
15	002408	齐翔腾达	1家机构买入，成功率47.99	10.29	10.05	6341.88	18550.26	12208.38	30758.63	113039.75	5.61	27.21	6.27	185	日涨幅偏离值达到7的前5只证券	20210311	星期四
16	002532	天山铝业	主力做T，成功率37.85	11.75	10.02	-3172.26	5838.27	9010.53	14848.80	71903.74	-4.41	20.65	14.47	50	日涨幅偏离值达到7的前5只证券	20210311	星期四
17	002549	凯美特气	买一主买，成功率36.12	8.69	10.00	1480.06	4479.86	2999.81	7479.67	34071.87	4.34	21.95	6.65	54	日涨幅偏离值达到7的前5只证券	20210311	星期四
18	002602	世纪华通	1家机构买入，成功率43.17	7.70	10.00	12121.44	28294.47	16173.03	44467.49	189289.37	6.40	23.49	4.84	397	日涨幅偏离值达到7的前5只证券	20210311	星期四
19	002862	实丰文化	卖一主卖，成功率42.97	10.42	-5.10	53.55	1557.31	1503.76	3061.07	15189.27	0.35	20.15	13.10	12	日换手率达到20的前5只证券	20210311	星期四
20	002998	优彩资源	1家机构买入，成功率43.14	11.50	0.52	77.61	1874.21	1796.59	3670.80	27059.52	0.29	13.57	29.09	9	日换手率达到20的前5只证券	20210311	星期四
21	003035	南网能源	1家机构买入，成功率45.37	7.90	8.22	6078.58	19423.24	13344.66	32767.90	197940.17	3.07	16.55	34.42	60	日换手率达到20的前5只证券	20210311	星期四
22	003038	鑫铂股份	西藏自治区资金买入，成功率34.89	29.80	3.65	-165.34	1665.25	1830.59	3495.85	19005.89	-0.87	18.39	23.57	8	日换手率达到20的前5只证券	20210311	星期四
23	300102	乾照光电	买一主买，成功率46.06	6.84	20.00	4346.56	9379.92	5033.36	14413.29	68970.03	6.30	20.90	15.51	48	日涨幅达到15的前5只证券	20210311	星期四
24	300234	开尔新材	1家机构买入，成功率43.85	10.12	20.05	4213.31	12046.22	7832.90	19879.12	120456.45	3.50	16.50	39.78	32	日涨幅达到15的前5只证券	20210311	星期四
25	300234	开尔新材	1家机构买入，成功率43.85	10.12	20.05	4213.31	12046.22	7832.90	19879.12	120456.45	3.50	16.50	39.78	32	日换手率达到30的前5只证券	20210311	星期四
26	300417	南华仪器	买一主买，成功率44.81	13.62	20.00	1744.76	3033.21	1288.45	4321.67	8341.27	20.92	51.81	8.34	10	日涨幅达到15的前5只证券	20210311	星期四
27	300600	国瑞科技	浙江资金卖出，成功率58.33	13.24	-5.43	-19486.69	11512.50	30999.19	42511.69	105637.08	-18.45	40.24	11.96	27	连续三个交易日内，跌幅偏离值累计达到30的证券	20210311	星期四
28	300819	聚杰微纤	2家机构买入，成功率44.24	35.10	0.31	3718.62	7689.98	3971.36	11661.33	32399.75	11.48	35.99	37.64	9	日换手率达到30的前5只证券	20210311	星期四
29	300859	西域旅游	3家机构买入，成功率44.90	23.45	3.72	-603.57	4061.41	4664.98	8726.39	31531.42	-1.91	27.68	34.74	9	日换手率达到30的前5只证券	20210311	星期四
30	300940	南极光	实力游资卖出，成功率29.99	54.71	-0.51	-2556.40	2161.02	4717.42	6878.43	51676.71	-4.95	13.31	34.93	15	日换手率达到30的前5只证券	20210311	星期四
31	300950	德固特	西藏自治区资金买入，成功率35.53	49.30	2.41	159.02	2322.14	2163.12	4485.25	40366.34	0.39	11.11	35.13	12	日换手率达到30的前5只证券	20210311	星期四
32	300952	恒辉安防	西藏自治区资金买入，成功率31.68	65.25	456.74	5744.72	8726.17	2981.45	11707.62	140302.43	4.09	8.34	78.69	22	无价格涨跌幅限制的证券	20210311	星期四
33	600146	*ST环球	实力游资卖出，成功率69.80	1.46	-5.19	-165.41	506.56	671.97	1178.53	4202.51	-3.94	28.04	5.96	7	有价格涨跌幅限制的日收盘价格跌幅偏离值达到7的前三只证券	20210311	星期四
34	600146	*ST环球	上海资金卖出，成功率71.82	1.46	-5.19	-152.26	1195.50	1347.76	2543.26	14514.32	-1.05	17.52	5.96	7	ST、*ST和S证券连续三个交易日内收盘价格跌幅偏离值累计达到15的证券	20210311	星期四
35	600307	酒钢宏兴	实力游资买入，成功率28.14	1.86	10.06	2998.69	6819.94	3821.26	10641.20	37086.11	8.09	28.69	3.32	116	有价格涨跌幅限制的日收盘价格涨幅偏离值达到7的前三只证券	20210311	星期四
36	600734	*ST实达	广东资金卖出，成功率39.80	1.63	-5.23	5.04	450.47	445.43	895.90	3289.24	0.15	27.24	3.73	9	有价格涨跌幅限制的日收盘价格跌幅偏离值达到7的前三只证券	20210311	星期四
37	600734	*ST实达	实力游资卖出，成功率45.80	1.63	-5.23	211.83	1158.25	946.42	2104.67	12493.08	1.70	16.85	3.73	9	ST、*ST和S证券连续三个交易日内收盘价格跌幅偏离值累计达到15的证券	20210311	星期四
38	601388	怡球资源	买一主买，成功率43.36	3.50	10.06	5314.11	7318.00	2003.89	9321.89	25907.97	20.51	35.98	3.68	70	有价格涨跌幅限制的日收盘价格涨幅偏离值达到7的前三只证券	20210311	星期四
39	601600	中国铝业	买一主买，成功率56.82	4.37	10.08	3640.02	22885.25	19245.24	42130.49	149665.39	2.43	28.15	2.70	572	有价格涨跌幅限制的日收盘价格涨幅偏离值达到7的前三只证券	20210311	星期四
40	603222	济民制药	实力游资卖出，成功率49.88	18.42	-3.00	2228.12	9371.92	7143.80	16515.71	100416.03	2.22	16.45	17.35	59	有价格涨跌幅限制的日价格振幅达到15的前三只证券	20210311	星期四
41	603399	吉翔股份	实力游资卖出，成功率31.11	5.84	-2.01	1638.20	5448.38	3810.18	9258.55	45717.34	3.58	20.25	14.50	30	有价格涨跌幅限制的日价格振幅达到15的前三只证券	20210311	星期四
42	603655	朗博科技	实力游资卖出，成功率39.46	23.25	-2.47	1173.34	2786.57	1613.23	4399.79	27867.99	4.21	15.79	11.51	25	有价格涨跌幅限制的日价格振幅达到15的前三只证券	20210311	星期四
43	605055	迎丰股份	实力游资卖出，成功率36.90	8.19	-1.80	399.43	3894.45	3495.01	7389.46	25738.15	1.55	28.71	38.46	7	有价格涨跌幅限制的日换手率达到20的前三只证券	20210311	星期四
44	605122	四方新材	实力游资卖出，成功率26.39	53.86	-5.48	469.33	4587.32	4117.99	8705.32	74488.39	0.63	11.69	44.97	17	有价格涨跌幅限制的日收盘价格跌幅偏离值达到7的前三只证券	20210311	星期四
45	605122	四方新材	实力游资卖出，成功率26.39	53.86	-5.48	469.33	4587.32	4117.99	8705.32	74488.39	0.63	11.69	44.97	17	有价格涨跌幅限制的日换手率达到20的前三只证券	20210311	星期四
46	605298	必得科技	卖一主卖，成功率26.91	23.24	-3.41	-2311.90	1676.69	3988.60	5665.29	21733.43	-10.64	26.07	33.86	6	有价格涨跌幅限制的日换手率达到20的前三只证券	20210311	星期四
