1	000007	全新好	主力做T，成功率39.86	4.38	10.05	173.49	3510.33	3336.84	6847.16	21687.52	0.80	31.57	16.56	14	日涨幅偏离值达到7的前5只证券	20210309	星期二
2	000007	全新好	1家机构买入，成功率39.04	4.38	10.05	2137.01	6314.99	4177.98	10492.97	46572.72	4.59	22.53	16.56	14	连续三个交易日内，涨幅偏离值累计达到20的证券	20210309	星期二
3	000017	*ST中华A	实力游资买入，成功率31.00	2.65	3.92	-102.77	1088.84	1191.61	2280.45	7320.34	-1.40	31.15	3.40	8	连续三个交易日内，涨幅偏离值累计达到12的ST证券、*ST证券和未完成股改证券	20210309	星期二
4	000040	东旭蓝天	2家机构买入，成功率38.35	2.72	2.26	-400.40	1347.20	1747.60	3094.79	12671.81	-3.16	24.42	4.42	29	日振幅值达到15的前5只证券	20210309	星期二
5	000058	深赛格	实力游资买入，成功率51.57	6.68	10.05	1754.11	4123.25	2369.14	6492.39	21542.61	8.14	30.14	6.00	36	日涨幅偏离值达到7的前5只证券	20210309	星期二
6	000058	深赛格	实力游资买入，成功率52.12	6.68	10.05	1839.21	4919.35	3080.14	7999.48	31125.99	5.91	25.70	6.00	36	连续三个交易日内，涨幅偏离值累计达到20的证券	20210309	星期二
7	000150	宜华健康	实力游资买入，成功率47.27	2.87	9.96	241.08	2841.80	2600.72	5442.52	18656.66	1.29	29.17	4.51	23	连续三个交易日内，涨幅偏离值累计达到20的证券	20210309	星期二
8	000584	哈工智能	1家机构卖出，成功率29.16	7.19	-9.90	-1476.56	2871.92	4348.48	7220.41	31427.50	-4.70	22.97	5.76	53	日跌幅偏离值达到7的前5只证券	20210309	星期二
9	000662	天夏退	实力游资卖出，成功率22.55	0.24	-11.11	102.65	180.89	78.23	259.12	288.45	35.59	89.83	1.10	3	退市整理期	20210309	星期二
10	000667	美好置业	1家机构卖出，成功率39.60	2.12	-10.17	-2363.85	4975.39	7339.24	12314.63	76653.15	-3.08	16.07	14.41	52	日跌幅偏离值达到7的前5只证券	20210309	星期二
11	000768	中航西飞	主力做T，成功率45.39	27.38	-9.99	-22046.08	18657.37	40703.46	59360.83	159822.45	-13.79	37.14	2.08	758	日跌幅偏离值达到7的前5只证券	20210309	星期二
12	000778	新兴铸管	实力游资买入，成功率43.01	4.28	10.03	7363.64	14944.18	7580.54	22524.72	60392.31	12.19	37.30	3.77	166	日涨幅偏离值达到7的前5只证券	20210309	星期二
13	000782	美达股份	实力游资卖出，成功率35.35	3.50	-10.03	-1069.92	1306.47	2376.39	3682.86	15046.89	-7.11	24.48	8.06	18	日跌幅偏离值达到7的前5只证券	20210309	星期二
14	000813	德展健康	1家机构卖出，成功率41.81	4.22	-8.86	-1636.17	3467.15	5103.31	8570.46	44175.42	-3.70	19.40	4.48	94	日振幅值达到15的前5只证券	20210309	星期二
15	000822	山东海化	实力游资卖出，成功率40.12	4.71	-3.29	1252.12	6844.21	5592.09	12436.30	37610.03	3.33	33.07	8.71	42	日振幅值达到15的前5只证券	20210309	星期二
16	000825	太钢不锈	主力做T，成功率47.95	4.73	10.00	-1463.20	19943.40	21406.60	41350.00	141192.27	-1.04	29.29	5.49	269	日涨幅偏离值达到7的前5只证券	20210309	星期二
17	000825	太钢不锈	主力做T，成功率45.20	4.73	10.00	3440.93	26798.70	23357.77	50156.47	189471.79	1.82	26.47	5.49	269	连续三个交易日内，涨幅偏离值累计达到20的证券	20210309	星期二
18	000929	兰州黄河	买一主买，成功率39.71	8.00	10.04	2023.61	3142.94	1119.33	4262.27	11399.24	17.75	37.39	8.04	15	日涨幅偏离值达到7的前5只证券	20210309	星期二
19	000929	兰州黄河	1家机构买入，成功率56.03	8.00	10.04	1337.06	4850.04	3512.98	8363.02	28271.14	4.73	29.58	8.04	15	连续三个交易日内，涨幅偏离值累计达到20的证券	20210309	星期二
20	000933	神火股份	2家机构买入，成功率57.38	8.88	2.66	2052.44	16045.34	13992.90	30038.24	86950.08	2.36	34.55	5.19	169	日振幅值达到15的前5只证券	20210309	星期二
21	001896	豫能控股	西藏自治区资金卖出，成功率40.02	6.94	-9.99	477.21	6093.37	5616.16	11709.53	76600.65	0.62	15.29	9.34	80	日跌幅偏离值达到7的前5只证券	20210309	星期二
22	002047	宝鹰股份	主力做T，成功率52.45	3.52	4.76	-1649.68	1995.50	3645.18	5640.69	15050.23	-10.96	37.48	3.27	47	日振幅值达到15的前5只证券	20210309	星期二
23	002096	南岭民爆	实力游资买入，成功率36.66	9.92	9.98	1948.43	4288.62	2340.19	6628.81	39606.30	4.92	16.74	11.19	37	日涨幅偏离值达到7的前5只证券	20210309	星期二
24	002184	海得控制	1家机构卖出，成功率32.22	19.23	-10.01	1471.02	5220.44	3749.42	8969.85	49532.49	2.97	18.11	15.83	30	日跌幅偏离值达到7的前5只证券	20210309	星期二
25	002207	准油股份	实力游资买入，成功率40.15	8.23	10.03	-3051.29	5275.83	8327.11	13602.94	31191.01	-9.78	43.61	17.13	20	日振幅值达到15的前5只证券	20210309	星期二
26	002207	准油股份	实力游资买入，成功率40.15	8.23	10.03	-3051.29	5275.83	8327.11	13602.94	31191.01	-9.78	43.61	17.13	20	日涨幅偏离值达到7的前5只证券	20210309	星期二
27	002207	准油股份	主力做T，成功率39.78	8.23	10.03	-8469.92	5249.05	13718.97	18968.02	48201.49	-17.57	39.35	17.13	20	连续三个交易日内，涨幅偏离值累计达到20的证券	20210309	星期二
28	002218	拓日新能	四川资金买入，成功率41.78	4.93	10.04	5959.45	7825.16	1865.71	9690.87	29215.20	20.40	33.17	4.88	60	日涨幅偏离值达到7的前5只证券	20210309	星期二
29	002280	*ST联络	主力做T，成功率44.07	2.52	2.02	-628.00	3691.92	4319.92	8011.84	25456.60	-2.47	31.47	4.35	44	连续三个交易日内，涨幅偏离值累计达到12的ST证券、*ST证券	20210309	星期二
30	002340	格林美	主力做T，成功率43.27	8.57	10.01	19640.69	49105.78	29465.09	78570.87	506949.70	3.87	15.50	12.71	408	日涨幅偏离值达到7的前5只证券	20210309	星期二
31	002353	杰瑞股份	2家机构卖出，成功率46.02	40.49	-10.00	-1964.26	13074.81	15039.07	28113.88	63787.10	-3.08	44.07	2.58	244	日跌幅偏离值达到7的前5只证券	20210309	星期二
32	002356	*ST赫美	实力游资买入，成功率34.26	1.84	5.14	86.21	635.35	549.14	1184.49	2540.00	3.39	46.63	1.29	10	连续三个交易日内，涨幅偏离值累计达到12的ST证券、*ST证券	20210309	星期二
33	002356	*ST赫美	实力游资买入，成功率34.26	1.84	5.14	86.21	635.35	549.14	1184.49	2539.79	3.39	46.64	1.29	10	异常期间价格涨幅偏离值累计达到15.76	20210309	星期二
34	002366	台海核电	主力做T，成功率46.49	3.63	10.00	1912.48	4367.12	2454.63	6821.75	13738.61	13.92	49.65	5.00	22	连续三个交易日内，涨幅偏离值累计达到20的证券	20210309	星期二
35	002378	章源钨业	1家机构卖出，成功率33.99	9.01	-9.99	-6812.88	6262.45	13075.33	19337.78	90967.42	-7.49	21.26	10.91	82	日跌幅偏离值达到7的前5只证券	20210309	星期二
36	002400	省广集团	1家机构买入，成功率41.42	5.21	3.17	-2981.66	18020.93	21002.58	39023.51	286901.30	-1.04	13.60	11.54	87	连续三个交易日内，涨幅偏离值累计达到20的证券	20210309	星期二
37	002402	和而泰	3家机构卖出，成功率34.68	20.80	-10.00	3748.90	15936.52	12187.62	28124.14	109478.05	3.42	25.69	6.33	167	日跌幅偏离值达到7的前5只证券	20210309	星期二
38	002427	ST尤夫	四川资金买入，成功率80.00	5.71	4.96	452.00	1694.74	1242.75	2937.49	6875.13	6.57	42.73	0.91	25	连续三个交易日内，涨幅偏离值累计达到12的ST证券、*ST证券	20210309	星期二
39	002554	惠博普	实力游资卖出，成功率34.21	3.12	-4.00	-3919.81	4955.52	8875.32	13830.84	69519.93	-5.64	19.89	26.21	26	日振幅值达到15的前5只证券	20210309	星期二
40	002554	惠博普	实力游资卖出，成功率34.21	3.12	-4.00	-3919.81	4955.52	8875.32	13830.84	69519.93	-5.64	19.89	26.21	26	日换手率达到20的前5只证券	20210309	星期二
41	002586	*ST围海	浙江资金买入，成功率33.35	2.27	5.09	-451.52	1291.47	1742.99	3034.47	7571.00	-5.96	40.08	2.10	20	连续三个交易日内，涨幅偏离值累计达到12的ST证券、*ST证券	20210309	星期二
42	002586	*ST围海	浙江资金买入，成功率33.35	2.27	5.09	-451.52	1291.47	1742.99	3034.47	7571.49	-5.96	40.08	2.10	20	异常期间价格涨幅偏离值累计达到15.76	20210309	星期二
43	002612	朗姿股份	2家机构卖出，成功率41.68	26.24	-9.98	-12802.51	7504.19	20306.71	27810.90	85683.22	-14.94	32.46	12.28	69	日跌幅偏离值达到7的前5只证券	20210309	星期二
44	002620	瑞和股份	浙江资金买入，成功率29.20	6.60	10.00	2031.51	3797.75	1766.24	5563.99	10905.25	18.63	51.02	2.98	20	连续三个交易日内，涨幅偏离值累计达到20的证券	20210309	星期二
45	002684	ST猛狮	主力做T，成功率41.40	2.99	4.91	-57.83	884.01	941.84	1825.85	9221.00	-0.63	19.80	7.02	13	连续三个交易日内，涨幅偏离值累计达到12的ST证券、*ST证券	20210309	星期二
46	002684	ST猛狮	主力做T，成功率41.40	2.99	4.91	-57.83	884.01	941.84	1825.85	9221.03	-0.63	19.80	7.02	13	异常期间价格涨幅偏离值累计达到15.76	20210309	星期二
47	002756	永兴材料	2家机构买入，成功率44.60	42.76	6.90	739.33	16234.88	15495.55	31730.43	99503.23	0.74	31.89	8.91	113	日振幅值达到15的前5只证券	20210309	星期二
48	002781	奇信股份	主力做T，成功率59.35	10.52	0.38	-3739.74	2491.47	6231.21	8722.68	38379.77	-9.74	22.73	17.26	22	日振幅值达到15的前5只证券	20210309	星期二
49	002836	新宏泽	主力做T，成功率41.20	10.90	9.99	-503.12	4169.79	4672.91	8842.70	10522.56	-4.78	84.04	4.80	17	连续三个交易日内，涨幅偏离值累计达到20的证券	20210309	星期二
50	002862	实丰文化	实力游资买入，成功率37.88	12.20	10.01	785.49	2977.36	2191.87	5169.23	22998.20	3.42	22.48	17.00	14	日涨幅偏离值达到7的前5只证券	20210309	星期二
51	002862	实丰文化	1家机构买入，成功率37.41	12.20	10.01	750.38	4151.68	3401.29	7552.97	37908.35	1.98	19.92	17.00	14	连续三个交易日内，涨幅偏离值累计达到20的证券	20210309	星期二
52	002862	实丰文化	实力游资买入，成功率37.88	12.20	10.01	785.49	2977.36	2191.87	5169.23	22998.20	3.42	22.48	17.00	14	日换手率达到20的前5只证券	20210309	星期二
53	002969	嘉美包装	实力游资买入，成功率37.01	6.00	10.09	1627.91	4049.67	2421.76	6471.43	19341.49	8.42	33.46	5.34	27	连续三个交易日内，涨幅偏离值累计达到20的证券	20210309	星期二
54	002998	优彩资源	实力游资卖出，成功率30.91	11.21	-10.03	-8923.78	6817.75	15741.53	22559.28	125551.91	-7.11	17.97	32.62	9	连续三个交易日内，跌幅偏离值累计达到20的证券	20210309	星期二
55	002998	优彩资源	2家机构卖出，成功率57.05	11.21	-10.03	-2569.63	2392.80	4962.44	7355.24	30492.34	-8.43	24.12	32.62	9	日换手率达到20的前5只证券	20210309	星期二
56	003033	征和工业	1家机构卖出，成功率20.48	31.14	-6.32	-317.16	1309.13	1626.29	2935.42	14210.91	-2.23	20.66	21.92	6	日换手率达到20的前5只证券	20210309	星期二
57	003035	南网能源	西藏自治区资金买入，成功率33.45	7.67	0.52	-18244.76	16040.78	34285.53	50326.31	263954.46	-6.91	19.07	44.00	58	日换手率达到20的前5只证券	20210309	星期二
58	300500	启迪设计	买一主买，成功率39.25	13.68	20.00	3584.16	4898.48	1314.32	6212.80	8038.00	44.59	77.29	3.74	22	日涨幅达到15的前5只证券	20210309	星期二
59	300621	维业股份	实力游资买入，成功率27.58	12.34	20.04	285.01	3518.06	3233.05	6751.11	25363.37	1.12	26.62	11.23	24	日涨幅达到15的前5只证券	20210309	星期二
60	300621	维业股份	浙江资金买入，成功率24.00	12.34	20.04	-176.63	7549.50	7726.12	15275.62	46768.34	-0.38	32.66	11.23	24	连续三个交易日内，涨幅偏离值累计达到30的证券	20210309	星期二
61	300675	建科院	主力做T，成功率27.91	19.39	13.52	-559.61	6120.21	6679.81	12800.02	88284.09	-0.63	14.50	13.30	28	连续三个交易日内，涨幅偏离值累计达到30的证券	20210309	星期二
62	300798	锦鸡股份	买一主买，成功率36.60	12.02	19.96	-1240.84	3840.34	5081.18	8921.52	27163.43	-4.57	32.84	10.14	28	日涨幅达到15的前5只证券	20210309	星期二
63	300819	聚杰微纤	1家机构买入，成功率27.21	31.92	20.00	-2457.94	5752.00	8209.94	13961.95	32550.84	-7.55	42.89	43.34	8	日涨幅达到15的前5只证券	20210309	星期二
64	300819	聚杰微纤	1家机构买入，成功率27.21	31.92	20.00	-2457.94	5752.00	8209.94	13961.95	32550.84	-7.55	42.89	43.34	8	日换手率达到30的前5只证券	20210309	星期二
65	300859	西域旅游	2家机构买入，成功率40.68	23.35	19.99	2541.77	5224.79	2683.02	7907.81	31911.47	7.97	24.78	37.82	9	日涨幅达到15的前5只证券	20210309	星期二
66	300929	华骐环保	1家机构卖出，成功率28.85	32.26	-11.59	-2463.47	2441.86	4905.33	7347.19	24630.53	-10.00	29.83	40.78	6	日换手率达到30的前5只证券	20210309	星期二
67	300937	药易购	主力做T，成功率31.85	90.00	-18.18	-811.34	4604.98	5416.32	10021.30	79279.61	-1.02	12.64	36.26	20	日跌幅达到15的前5只证券	20210309	星期二
68	300940	南极光	上海资金卖出，成功率32.21	54.80	-10.98	-3243.80	7019.00	10262.80	17281.79	118896.25	-2.73	14.54	66.31	15	日换手率达到30的前5只证券	20210309	星期二
69	300942	易瑞生物	1家机构买入，成功率22.59	26.95	0.30	1995.52	4490.20	2494.67	6984.87	40162.87	4.97	17.39	38.76	10	日换手率达到30的前5只证券	20210309	星期二
70	300945	曼卡龙	1家机构卖出，成功率51.64	23.63	-7.98	-3656.37	4146.46	7802.83	11949.30	57378.13	-6.37	20.83	48.21	11	日换手率达到30的前5只证券	20210309	星期二
71	600006	东风汽车	1家机构卖出，成功率26.94	6.44	-10.06	-25700.82	5157.91	30858.73	36016.64	87034.37	-29.53	41.38	6.64	129	有价格涨跌幅限制的日收盘价格跌幅偏离值达到7的前三只证券	20210309	星期二
72	600086	退市金钰	卖一主卖，成功率63.81	0.17	-5.56	-29.73	179.54	209.27	388.81	917.61	-3.24	42.37	5.07	2	退市整理的证券	20210309	星期二
73	600121	郑州煤电	西藏自治区资金买入，成功率33.57	7.11	10.06	3683.71	15657.82	11974.11	27631.93	234802.16	1.57	11.77	12.28	87	非ST、*ST和S证券连续三个交易日内收盘价格涨幅偏离值累计达到20的证券	20210309	星期二
74	600169	太原重工	实力游资买入，成功率37.23	3.16	10.10	186.23	10973.83	10787.59	21761.42	157553.15	0.12	13.81	19.69	81	有价格涨跌幅限制的日收盘价格涨幅偏离值达到7的前三只证券	20210309	星期二
75	600316	洪都航空	2家机构卖出，成功率40.45	33.95	-6.65	7081.46	25946.31	18864.84	44811.15	328222.32	2.16	13.65	3.75	243	非ST、*ST和S证券连续三个交易日内收盘价格跌幅偏离值累计达到20的证券	20210309	星期二
76	600392	盛和资源	实力游资卖出，成功率37.51	17.31	-9.98	-1442.18	78771.00	80213.19	158984.19	1065112.21	-0.14	14.93	9.29	304	非ST、*ST和S证券连续三个交易日内收盘价格跌幅偏离值累计达到20的证券	20210309	星期二
77	600722	金牛化工	卖一主卖，成功率29.38	7.00	-10.03	-553.05	5130.58	5683.63	10814.22	66393.40	-0.83	16.29	13.72	48	有价格涨跌幅限制的日收盘价格跌幅偏离值达到7的前三只证券	20210309	星期二
78	600744	华银电力	江苏资金买入，成功率26.11	3.64	9.97	240.93	8032.87	7791.94	15824.81	50366.73	0.48	31.42	17.85	30	有价格涨跌幅限制的日价格振幅达到15的前三只证券	20210309	星期二
79	600744	华银电力	实力游资买入，成功率42.19	3.64	9.97	4767.68	13231.67	8464.00	21695.67	81718.81	5.83	26.55	17.85	30	非ST、*ST和S证券连续三个交易日内收盘价格涨幅偏离值累计达到20的证券	20210309	星期二
80	600760	中航沈飞	2家机构卖出，成功率43.91	61.77	-6.56	8271.15	56099.14	47827.99	103927.12	513542.08	1.61	20.24	1.56	864	非ST、*ST和S证券连续三个交易日内收盘价格跌幅偏离值累计达到20的证券	20210309	星期二
81	600798	宁波海运	实力游资买入，成功率41.97	4.86	9.95	475.82	7943.24	7467.41	15410.65	111520.26	0.43	13.82	8.69	50	非ST、*ST和S证券连续三个交易日内收盘价格涨幅偏离值累计达到20的证券	20210309	星期二
82	600818	中路股份	买一主买，成功率40.62	8.53	10.06	1133.63	1669.29	535.66	2204.95	3573.87	31.72	61.70	1.84	20	有价格涨跌幅限制的日收盘价格涨幅偏离值达到7的前三只证券	20210309	星期二
83	600893	航发动力	实力游资卖出，成功率38.81	48.25	-9.54	23299.04	82073.11	58774.07	140847.18	1146751.71	2.03	12.28	3.51	1017	非ST、*ST和S证券连续三个交易日内收盘价格跌幅偏离值累计达到20的证券	20210309	星期二
84	601127	小康股份	卖一主卖，成功率43.50	19.41	-10.01	-8233.69	13379.19	21612.88	34992.07	85510.19	-9.63	40.92	4.53	185	有价格涨跌幅限制的日收盘价格跌幅偏离值达到7的前三只证券	20210309	星期二
85	601788	光大证券	买一主买，成功率39.56	18.21	4.54	5367.24	69841.69	64474.45	134316.14	920060.10	0.58	14.60	5.08	711	非ST、*ST和S证券连续三个交易日内收盘价格涨幅偏离值累计达到20的证券	20210309	星期二
86	603089	正裕工业	实力游资买入，成功率34.56	10.97	0.83	387.69	3306.32	2918.64	6224.96	26897.35	1.44	23.14	3.04	24	非ST、*ST和S证券连续三个交易日内收盘价格涨幅偏离值累计达到20的证券	20210309	星期二
87	603126	中材节能	卖一主卖，成功率34.88	9.67	-9.96	-2204.52	9582.53	11787.05	21369.58	168087.06	-1.31	12.71	26.79	59	有价格涨跌幅限制的日换手率达到20的前三只证券	20210309	星期二
88	603222	济民制药	实力游资买入，成功率33.84	21.10	0.43	1235.89	9371.27	8135.37	17506.64	129984.91	0.95	13.47	19.14	68	有价格涨跌幅限制的日价格振幅达到15的前三只证券	20210309	星期二
89	603332	苏州龙杰	实力游资卖出，成功率26.74	22.08	-3.62	-1585.95	1971.66	3557.60	5529.26	32486.75	-4.88	17.02	47.82	7	有价格涨跌幅限制的日价格振幅达到15的前三只证券	20210309	星期二
90	603332	苏州龙杰	实力游资卖出，成功率26.74	22.08	-3.62	-1585.95	1971.66	3557.60	5529.26	32486.75	-4.88	17.02	47.82	7	有价格涨跌幅限制的日换手率达到20的前三只证券	20210309	星期二
91	603333	尚纬股份	实力游资买入，成功率15.56	6.45	10.07	-1092.63	3064.87	4157.50	7222.37	23714.62	-4.61	30.46	7.42	33	有价格涨跌幅限制的日收盘价格涨幅偏离值达到7的前三只证券	20210309	星期二
92	603333	尚纬股份	实力游资买入，成功率20.06	6.45	10.07	-360.24	3873.18	4233.42	8106.60	27969.91	-1.29	28.98	7.42	33	非ST、*ST和S证券连续三个交易日内收盘价格涨幅偏离值累计达到20的证券	20210309	星期二
93	605208	永茂泰	实力游资买入，成功率19.18	21.23	10.00	1792.85	3976.64	2183.79	6160.44	25841.20	6.94	23.84	26.46	10	有价格涨跌幅限制的日换手率达到20的前三只证券	20210309	星期二
