1	000591	太阳能	上海资金买入，成功率46.79	7.40	9.96	13278.64	29794.15	16515.50	46309.65	250832.82	5.29	18.46	17.13	151	日涨幅偏离值达到7的前5只证券	20210312	星期五
2	000612	焦作万方	实力游资买入，成功率44.56	9.44	10.02	-2106.46	32001.96	34108.41	66110.37	180503.98	-1.17	36.63	16.36	112	日涨幅偏离值达到7的前5只证券	20210312	星期五
3	000662	天夏退	广东资金卖出，成功率44.35	0.20	-9.09	-88.25	294.40	382.65	677.05	1181.27	-7.47	57.32	5.15	2	退市整理期	20210312	星期五
4	000673	*ST当代	主力做T，成功率44.09	2.05	-5.09	1571.02	4286.36	2715.34	7001.69	20600.56	7.63	33.99	3.65	16	连续三个交易日内，跌幅偏离值累计达到12的ST证券、*ST证券和未完成股改证券	20210312	星期五
5	000707	*ST双环	卖一主卖，成功率67.58	2.23	-4.70	-1240.75	1584.45	2825.20	4409.66	7654.00	-16.21	57.61	1.78	10	连续三个交易日内，跌幅偏离值累计达到12的ST证券、*ST证券和未完成股改证券	20210312	星期五
6	000918	嘉凯城	广东资金买入，成功率55.17	6.62	9.97	668.91	3992.52	3323.61	7316.13	24690.80	2.71	29.63	2.16	119	日涨幅偏离值达到7的前5只证券	20210312	星期五
7	000933	神火股份	2家机构买入，成功率46.12	11.02	9.98	10661.38	37230.27	26568.88	63799.15	219703.26	4.85	29.04	10.76	209	日涨幅偏离值达到7的前5只证券	20210312	星期五
8	000966	长源电力	江苏资金买入，成功率37.37	5.19	9.96	982.41	13040.93	12058.52	25099.44	84870.62	1.16	29.57	14.98	58	日涨幅偏离值达到7的前5只证券	20210312	星期五
9	000966	长源电力	主力做T，成功率52.41	5.19	9.96	4009.19	20334.37	16325.17	36659.54	159594.42	2.51	22.97	14.98	58	连续三个交易日内，涨幅偏离值累计达到20的证券	20210312	星期五
10	002009	天奇股份	江苏资金买入，成功率46.62	9.44	10.02	4739.98	9590.04	4850.06	14440.10	34685.18	13.67	41.63	10.06	35	日涨幅偏离值达到7的前5只证券	20210312	星期五
11	002109	兴化股份	2家机构买入，成功率29.58	6.42	9.93	-3915.94	6359.44	10275.38	16634.83	61969.30	-6.32	26.84	9.47	68	日涨幅偏离值达到7的前5只证券	20210312	星期五
12	002207	准油股份	主力做T，成功率21.48	7.85	8.13	253.67	1831.28	1577.61	3408.90	24854.88	1.02	13.72	14.13	19	日振幅值达到15的前5只证券	20210312	星期五
13	002272	川润股份	实力游资买入，成功率45.70	5.65	9.92	1944.97	5654.56	3709.59	9364.15	31755.96	6.12	29.49	17.47	18	日涨幅偏离值达到7的前5只证券	20210312	星期五
14	002532	天山铝业	2家机构卖出，成功率31.36	11.32	-3.66	-12587.68	6283.23	18870.91	25154.13	119377.05	-10.54	21.07	23.60	48	日换手率达到20的前5只证券	20210312	星期五
15	002585	双星新材	买一主买，成功率46.62	11.41	10.03	-1946.82	15718.70	17665.52	33384.23	99357.56	-1.96	33.60	9.95	100	日涨幅偏离值达到7的前5只证券	20210312	星期五
16	002630	华西能源	实力游资买入，成功率42.12	2.55	9.91	4799.81	7708.89	2909.08	10617.97	30485.99	15.74	34.83	13.24	25	日振幅值达到15的前5只证券	20210312	星期五
17	002658	雪迪龙	1家机构买入，成功率37.24	7.61	5.99	-399.48	1880.72	2280.20	4160.91	34956.37	-1.14	11.90	15.44	23	日振幅值达到15的前5只证券	20210312	星期五
18	002759	天际股份	1家机构卖出，成功率52.25	16.56	-10.00	-3829.58	4377.26	8206.85	12584.11	42125.08	-9.09	29.87	6.20	67	日跌幅偏离值达到7的前5只证券	20210312	星期五
19	002996	顺博合金	实力游资买入，成功率43.16	17.58	10.01	4034.45	5935.46	1901.01	7836.47	23017.56	17.53	34.05	4.12	9	连续三个交易日内，涨幅偏离值累计达到20的证券	20210312	星期五
20	002998	优彩资源	3家机构卖出，成功率35.26	11.36	-1.22	-1130.71	1168.57	2299.28	3467.86	24103.54	-4.69	14.39	25.57	9	日换手率达到20的前5只证券	20210312	星期五
21	003035	南网能源	1家机构买入，成功率45.55	8.69	10.00	11573.47	22890.82	11317.34	34208.16	158967.32	7.28	21.52	25.34	66	日涨幅偏离值达到7的前5只证券	20210312	星期五
22	003035	南网能源	1家机构买入，成功率45.55	8.69	10.00	11573.47	22890.82	11317.34	34208.16	158967.32	7.28	21.52	25.34	66	日换手率达到20的前5只证券	20210312	星期五
23	003037	三和管桩	1家机构买入，成功率24.49	14.23	4.02	-1804.18	3732.58	5536.76	9269.34	45004.52	-4.01	20.60	45.84	10	日换手率达到20的前5只证券	20210312	星期五
24	300234	开尔新材	西藏自治区资金买入，成功率38.60	10.18	0.59	-7930.17	6802.55	14732.72	21535.27	147986.48	-5.36	14.55	44.87	32	日换手率达到30的前5只证券	20210312	星期五
25	300385	雪浪环境	1家机构买入，成功率38.67	8.27	20.03	2679.02	4020.98	1341.96	5362.93	16294.46	16.44	32.91	8.69	20	日涨幅达到15的前5只证券	20210312	星期五
26	300713	英可瑞	1家机构买入，成功率38.48	20.23	19.99	1916.09	3828.27	1912.18	5740.45	20904.95	9.17	27.46	13.66	16	日涨幅达到15的前5只证券	20210312	星期五
27	300859	西域旅游	1家机构买入，成功率42.86	25.80	10.02	-1473.33	3001.38	4474.72	7476.10	36799.30	-4.00	20.32	37.90	10	日换手率达到30的前5只证券	20210312	星期五
28	300940	南极光	西藏自治区资金买入，成功率34.15	57.00	4.19	469.24	3520.67	3051.43	6572.10	69189.29	0.68	9.50	42.44	16	日换手率达到30的前5只证券	20210312	星期五
29	300948	冠中生态	1家机构买入，成功率30.39	44.08	5.03	19.82	2600.52	2580.70	5181.22	40866.40	0.05	12.68	41.87	10	日换手率达到30的前5只证券	20210312	星期五
30	300950	德固特	西藏自治区资金买入，成功率27.37	55.80	13.18	1312.60	4953.12	3640.52	8593.64	72399.65	1.81	11.87	56.91	13	日换手率达到30的前5只证券	20210312	星期五
31	600236	桂冠电力	实力游资买入，成功率41.25	5.34	10.10	-5986.24	5333.19	11319.43	16652.62	36264.73	-16.51	45.92	0.88	421	有价格涨跌幅限制的日收盘价格涨幅偏离值达到7的前三只证券	20210312	星期五
32	600307	酒钢宏兴	实力游资买入，成功率50.37	2.05	10.22	2833.13	9541.92	6708.78	16250.70	35979.88	7.87	45.17	2.82	128	有价格涨跌幅限制的日收盘价格涨幅偏离值达到7的前三只证券	20210312	星期五
33	600565	迪马股份	实力游资买入，成功率41.78	2.83	10.12	1146.22	2863.76	1717.54	4581.30	6357.79	18.03	72.06	0.94	68	有价格涨跌幅限制的日收盘价格涨幅偏离值达到7的前三只证券	20210312	星期五
34	600722	金牛化工	西藏自治区资金买入，成功率32.54	7.80	2.50	974.25	6415.73	5441.49	11857.22	98760.87	0.99	12.01	18.74	53	有价格涨跌幅限制的日价格振幅达到15的前三只证券	20210312	星期五
35	600744	华银电力	买一主买，成功率55.35	4.84	10.00	-1953.08	8168.71	10121.79	18290.49	75106.55	-2.60	24.35	1.34	40	非ST、*ST和S证券连续三个交易日内收盘价格涨幅偏离值累计达到20的证券	20210312	星期五
36	601702	华峰铝业	实力游资买入，成功率46.56	7.89	2.07	-2111.84	3475.55	5587.39	9062.94	49534.84	-4.26	18.30	25.09	20	有价格涨跌幅限制的日换手率达到20的前三只证券	20210312	星期五
37	603160	汇顶科技	卖一主卖，成功率41.84	115.45	-10.00	-8590.06	11553.49	20143.55	31697.04	108374.41	-7.93	29.25	2.03	523	有价格涨跌幅限制的日收盘价格跌幅偏离值达到7的前三只证券	20210312	星期五
38	603222	济民制药	实力游资卖出，成功率17.61	16.58	-9.99	-3396.34	5639.65	9036.00	14675.65	73358.08	-4.63	20.01	13.52	53	有价格涨跌幅限制的日收盘价格跌幅偏离值达到7的前三只证券	20210312	星期五
39	603222	济民制药	西藏自治区资金卖出，成功率31.41	16.58	-9.99	2030.70	15643.07	13612.37	29255.44	232230.03	0.87	12.60	13.52	53	非ST、*ST和S证券连续三个交易日内收盘价格跌幅偏离值累计达到20的证券	20210312	星期五
40	603655	朗博科技	西藏自治区资金卖出，成功率34.19	22.03	-5.25	61.02	4279.05	4218.04	8497.09	61027.86	0.10	13.92	9.13	23	非ST、*ST和S证券连续三个交易日内收盘价格跌幅偏离值累计达到20的证券	20210312	星期五
41	605122	四方新材	西藏自治区资金卖出，成功率29.08	48.48	-9.99	-186.47	3283.74	3470.21	6753.95	58515.91	-0.32	11.54	37.63	15	有价格涨跌幅限制的日收盘价格跌幅偏离值达到7的前三只证券	20210312	星期五
42	605122	四方新材	西藏自治区资金卖出，成功率29.08	48.48	-9.99	-186.47	3283.74	3470.21	6753.95	58515.91	-0.32	11.54	37.63	15	有价格涨跌幅限制的日换手率达到20的前三只证券	20210312	星期五
43	605208	永茂泰	卖一主卖，成功率27.43	23.52	-8.45	1892.18	6449.13	4556.95	11006.08	68977.96	2.74	15.96	58.71	11	有价格涨跌幅限制的日价格振幅达到15的前三只证券	20210312	星期五
44	605208	永茂泰	卖一主卖，成功率27.43	23.52	-8.45	1892.18	6449.13	4556.95	11006.08	68977.96	2.74	15.96	58.71	11	有价格涨跌幅限制的日换手率达到20的前三只证券	20210312	星期五
