1	000007	全新好	2家机构买入，成功率42.13	3.98	9.94	1833.94	4114.90	2280.95	6395.85	24885.20	7.37	25.70	21.30	12	日振幅值达到15的前5只证券	20210308	星期一
2	000007	全新好	2家机构买入，成功率42.13	3.98	9.94	1833.94	4114.90	2280.95	6395.85	24885.20	7.37	25.70	21.30	12	日换手率达到20的前5只证券	20210308	星期一
3	000027	深圳能源	买一主买，成功率46.42	7.74	9.94	-5590.88	10971.44	16562.32	27533.76	85848.72	-6.51	32.07	2.36	304	日涨幅偏离值达到7的前5只证券	20210308	星期一
4	000027	深圳能源	主力做T，成功率39.17	7.74	9.94	5899.34	29377.97	23478.63	52856.60	191293.50	3.08	27.63	2.36	304	连续三个交易日内，涨幅偏离值累计达到20的证券	20210308	星期一
5	000531	穗恒运A	买一主买，成功率46.18	9.72	9.95	2912.42	7880.86	4968.44	12849.30	34986.90	8.32	36.73	5.32	59	日涨幅偏离值达到7的前5只证券	20210308	星期一
6	000531	穗恒运A	买一主买，成功率43.71	9.72	9.95	3930.71	9091.13	5160.42	14251.55	49952.46	7.87	28.53	5.32	59	连续三个交易日内，涨幅偏离值累计达到20的证券	20210308	星期一
7	000550	江铃汽车	2家机构买入，成功率47.24	25.63	10.00	1151.47	13938.73	12787.25	26725.98	52446.05	2.20	50.96	4.03	117	日涨幅偏离值达到7的前5只证券	20210308	星期一
8	000662	天夏退	卖一主卖，成功率22.71	0.27	-10.00	-2.23	10.79	13.02	23.82	13.22	-16.89	180.13	0.04	4	退市整理期	20210308	星期一
9	000667	美好置业	西藏自治区资金买入，成功率29.79	2.36	4.42	-8044.94	10135.15	18180.09	28315.24	155133.48	-5.19	18.25	27.88	50	日振幅值达到15的前5只证券	20210308	星期一
10	000667	美好置业	西藏自治区资金买入，成功率29.79	2.36	4.42	-8044.94	10135.15	18180.09	28315.24	155133.48	-5.19	18.25	27.88	50	日换手率达到20的前5只证券	20210308	星期一
11	000737	ST南风	主力做T，成功率56.67	5.87	1.73	-422.52	1653.10	2075.62	3728.72	25525.70	-1.66	14.61	2.96	31	连续三个交易日内，涨幅偏离值累计达到12的ST证券、*ST证券和未完成股改证券	20210308	星期一
12	000782	美达股份	主力做T，成功率41.49	3.89	-9.95	-1183.64	3856.17	5039.81	8895.98	28874.79	-4.10	30.81	13.47	21	日振幅值达到15的前5只证券	20210308	星期一
13	000813	德展健康	实力游资买入，成功率24.57	4.63	9.98	3188.18	7109.09	3920.91	11029.99	15703.25	20.30	70.24	0.73	85	连续三个交易日内，涨幅偏离值累计达到20的证券	20210308	星期一
14	000825	太钢不锈	实力游资买入，成功率45.75	4.30	9.97	8074.77	12311.42	4236.65	16548.08	48279.52	16.73	34.28	2.01	231	日涨幅偏离值达到7的前5只证券	20210308	星期一
15	000903	云内动力	买一主买，成功率40.43	3.96	10.00	4821.28	6408.35	1587.07	7995.42	25277.75	19.07	31.63	3.31	72	日涨幅偏离值达到7的前5只证券	20210308	星期一
16	002025	航天电器	2家机构卖出，成功率47.37	47.55	-9.99	-188.13	7393.54	7581.67	14975.21	38611.97	-0.49	38.78	1.81	233	日跌幅偏离值达到7的前5只证券	20210308	星期一
17	002044	美年健康	1家机构卖出，成功率48.02	15.63	-10.02	-2945.14	13372.33	16317.47	29689.80	78009.13	-3.78	38.06	1.25	648	日跌幅偏离值达到7的前5只证券	20210308	星期一
18	002076	*ST雪莱	主力做T，成功率56.67	2.17	4.83	-95.34	861.07	956.41	1817.48	7227.89	-1.32	25.15	1.87	15	连续三个交易日内，涨幅偏离值累计达到12的ST证券、*ST证券	20210308	星期一
19	002096	南岭民爆	实力游资买入，成功率45.81	9.02	10.00	-2863.88	1713.79	4577.67	6291.46	34896.60	-8.21	18.03	10.90	28	日涨幅偏离值达到7的前5只证券	20210308	星期一
20	002096	南岭民爆	主力做T，成功率38.82	9.02	10.00	-605.48	3989.13	4594.62	8583.75	47915.76	-1.26	17.91	10.90	28	连续三个交易日内，涨幅偏离值累计达到20的证券	20210308	星期一
21	002109	兴化股份	实力游资买入，成功率35.40	5.70	10.04	700.10	3992.99	3292.90	7285.89	38126.36	1.84	19.11	6.45	55	日涨幅偏离值达到7的前5只证券	20210308	星期一
22	002122	*ST天马	主力做T，成功率57.50	2.16	4.85	-21.84	1702.91	1724.75	3427.66	12203.00	-0.18	28.09	1.44	24	连续三个交易日内，涨幅偏离值累计达到12的ST证券、*ST证券	20210308	星期一
23	002178	延华智能	买一主买，成功率36.80	3.44	9.90	2280.97	3498.17	1217.20	4715.38	14161.05	16.11	33.30	2.97	21	连续三个交易日内，涨幅偏离值累计达到20的证券	20210308	星期一
24	002200	ST云投	实力游资买入，成功率56.07	4.58	3.62	-29.20	689.40	718.61	1408.01	2446.84	-1.19	57.54	1.26	7	连续三个交易日内，涨幅偏离值累计达到12的ST证券、*ST证券	20210308	星期一
25	002210	*ST飞马	买一主买，成功率42.45	2.42	5.22	-535.63	2285.75	2821.38	5107.13	17507.55	-3.06	29.17	1.29	59	连续三个交易日内，涨幅偏离值累计达到12的ST证券、*ST证券	20210308	星期一
26	002256	*ST兆新	浙江资金买入，成功率62.59	1.46	0.00	-165.88	1442.83	1608.71	3051.54	16685.53	-0.99	18.29	3.53	19	连续三个交易日内，涨幅偏离值累计达到12的ST证券、*ST证券	20210308	星期一
27	002378	章源钨业	实力游资买入，成功率41.78	10.01	10.00	-2772.35	12073.77	14846.12	26919.90	144318.09	-1.92	18.65	16.49	86	日涨幅偏离值达到7的前5只证券	20210308	星期一
28	002378	章源钨业	1家机构买入，成功率39.85	10.01	10.00	-6351.97	23915.12	30267.09	54182.20	383542.81	-1.66	14.13	16.49	86	连续三个交易日内，涨幅偏离值累计达到20的证券	20210308	星期一
29	002425	凯撒文化	卖一主卖，成功率34.94	8.09	-10.01	-5427.69	2984.36	8412.05	11396.41	43262.00	-12.55	26.34	6.31	70	日跌幅偏离值达到7的前5只证券	20210308	星期一
30	002514	宝馨科技	实力游资买入，成功率37.27	4.96	9.98	5168.14	10288.68	5120.54	15409.23	49329.60	10.48	31.24	15.87	17	连续三个交易日内，涨幅偏离值累计达到20的证券	20210308	星期一
31	002569	ST步森	主力做T，成功率40.56	8.91	3.73	-212.39	581.84	794.23	1376.07	3262.65	-6.51	42.18	1.03	12	连续三个交易日内，涨幅偏离值累计达到12的ST证券、*ST证券	20210308	星期一
32	002594	比亚迪	主力做T，成功率43.26	176.73	-10.00	-52370.03	118525.07	170895.10	289420.17	1092288.93	-4.79	26.50	5.16	2274	日跌幅偏离值达到7的前5只证券	20210308	星期一
33	002629	ST仁智	主力做T，成功率44.35	2.26	4.15	-640.24	431.87	1072.11	1503.97	4307.00	-14.87	34.92	3.19	7	连续三个交易日内，涨幅偏离值累计达到12的ST证券、*ST证券	20210308	星期一
34	002647	仁东控股	主力做T，成功率39.56	17.47	10.01	2319.95	13472.30	11152.35	24624.64	193211.04	1.20	12.74	20.42	81	日涨幅偏离值达到7的前5只证券	20210308	星期一
35	002647	仁东控股	西藏自治区资金买入，成功率31.95	17.47	10.01	2711.50	25265.43	22553.93	47819.37	406468.47	0.67	11.76	20.42	81	连续三个交易日内，涨幅偏离值累计达到20的证券	20210308	星期一
36	002653	海思科	2家机构买入，成功率42.92	23.39	5.74	3489.58	9728.25	6238.67	15966.92	47098.65	7.41	33.90	2.37	96	连续三个交易日内，涨幅偏离值累计达到20的证券	20210308	星期一
37	002712	思美传媒	主力做T，成功率55.92	5.28	7.54	1004.89	3454.02	2449.13	5903.16	31185.37	3.22	18.93	10.73	20	连续三个交易日内，涨幅偏离值累计达到20的证券	20210308	星期一
38	002747	埃斯顿	1家机构卖出，成功率35.80	26.01	-10.00	-715.27	15231.47	15946.74	31178.20	45040.39	-1.59	69.22	2.25	210	日跌幅偏离值达到7的前5只证券	20210308	星期一
39	002781	奇信股份	1家机构买入，成功率51.99	10.48	9.97	251.53	6338.16	6086.63	12424.79	64050.47	0.39	19.40	10.97	19	连续三个交易日内，涨幅偏离值累计达到20的证券	20210308	星期一
40	002805	丰元股份	实力游资卖出，成功率34.44	17.80	-3.84	-1426.18	6714.12	8140.30	14854.43	45762.18	-3.12	32.46	25.23	16	日换手率达到20的前5只证券	20210308	星期一
41	002998	优彩资源	实力游资卖出，成功率30.37	12.46	-7.91	-2303.74	2766.26	5070.00	7836.26	42119.17	-5.47	18.60	40.86	12	日换手率达到20的前5只证券	20210308	星期一
42	003026	中晶科技	西藏自治区资金买入，成功率22.90	71.51	5.19	-4715.97	2834.53	7550.50	10385.02	49215.47	-9.58	21.10	27.67	17	日换手率达到20的前5只证券	20210308	星期一
43	003031	中瓷电子	西藏自治区资金买入，成功率37.29	61.99	5.79	-780.40	2195.39	2975.79	5171.17	35142.81	-2.22	14.71	21.37	15	日换手率达到20的前5只证券	20210308	星期一
44	003033	征和工业	1家机构卖出，成功率32.73	33.24	-3.34	302.59	1851.53	1548.94	3400.46	18790.80	1.61	18.10	27.37	8	日换手率达到20的前5只证券	20210308	星期一
45	003035	南网能源	实力游资买入，成功率38.99	7.63	9.94	8424.66	13832.93	5408.27	19241.19	90973.65	9.26	21.15	16.03	58	日涨幅偏离值达到7的前5只证券	20210308	星期一
46	003039	顺控发展	买一主买，成功率77.78	8.44	44.03	498.99	517.01	18.01	535.02	517.01	96.52	103.48	0.99	-	无价格涨跌幅限制的证券	20210308	星期一
47	300146	汤臣倍健	2家机构买入，成功率46.13	28.08	20.00	19252.46	66917.92	47665.46	114583.38	277842.08	6.93	41.24	11.43	204	日涨幅达到15的前5只证券	20210308	星期一
48	300740	御家汇	主力做T，成功率51.27	26.88	20.00	2580.53	12257.97	9677.44	21935.41	72348.08	3.57	30.32	7.14	83	日涨幅达到15的前5只证券	20210308	星期一
49	300929	华骐环保	1家机构买入，成功率47.65	36.49	19.99	3674.53	5385.74	1711.21	7096.95	24099.43	15.25	29.45	39.93	6	日涨幅达到15的前5只证券	20210308	星期一
50	300929	华骐环保	1家机构买入，成功率47.65	36.49	19.99	3674.53	5385.74	1711.21	7096.95	24099.43	15.25	29.45	39.93	6	日换手率达到30的前5只证券	20210308	星期一
51	300939	秋田微	1家机构买入，成功率33.79	85.60	15.96	2127.20	7282.33	5155.12	12437.45	77084.34	2.76	16.13	47.07	14	日换手率达到30的前5只证券	20210308	星期一
52	300940	南极光	上海资金买入，成功率37.42	61.56	20.00	-2016.86	6313.58	8330.44	14644.02	50860.74	-3.97	28.79	30.64	12	日涨幅达到15的前5只证券	20210308	星期一
53	300940	南极光	上海资金买入，成功率36.56	61.56	20.00	5296.71	14598.94	9302.23	23901.16	96986.41	5.46	24.64	30.64	12	连续三个交易日内，涨幅偏离值累计达到30的证券	20210308	星期一
54	300943	春晖智控	1家机构买入，成功率41.23	28.43	6.08	161.71	1844.92	1683.20	3528.12	30531.76	0.53	11.56	36.53	8	日换手率达到30的前5只证券	20210308	星期一
55	300945	曼卡龙	1家机构买入，成功率41.52	25.68	20.00	4304.60	6570.30	2265.70	8836.01	42840.37	10.05	20.63	36.29	10	日涨幅达到15的前5只证券	20210308	星期一
56	300946	恒而达	1家机构买入，成功率39.35	79.49	6.16	-1609.61	4093.65	5703.27	9796.92	73288.26	-2.20	13.37	55.05	10	日换手率达到30的前5只证券	20210308	星期一
57	300948	冠中生态	主力做T，成功率26.45	48.54	6.85	1055.07	3556.34	2501.28	6057.62	48565.14	2.17	12.47	46.21	12	日换手率达到30的前5只证券	20210308	星期一
58	600010	包钢股份	卖一主卖，成功率35.16	1.94	-6.73	-67800.16	44981.54	112781.70	157763.24	743244.99	-9.12	21.23	11.39	675	有价格涨跌幅限制的日价格振幅达到15的前三只证券	20210308	星期一
59	600086	退市金钰	实力游资买入，成功率38.00	0.18	5.88	-33.58	178.10	211.68	389.79	866.29	-3.88	44.99	4.78	2	退市整理的证券	20210308	星期一
60	600163	中闽能源	实力游资买入，成功率40.19	4.90	10.11	1155.49	4631.64	3476.16	8107.80	32153.28	3.59	25.22	6.66	45	有价格涨跌幅限制的日收盘价格涨幅偏离值达到7的前三只证券	20210308	星期一
61	600169	太原重工	实力游资买入，成功率37.11	2.87	9.96	3710.02	6890.50	3180.48	10070.97	42122.38	8.81	23.91	1.07	61	非ST、*ST和S证券连续三个交易日内收盘价格涨幅偏离值累计达到20的证券	20210308	星期一
62	600291	西水股份	实力游资买入，成功率35.45	4.15	6.14	-3224.90	5042.66	8267.56	13310.22	48602.07	-6.64	27.39	5.23	39	非ST、*ST和S证券连续三个交易日内收盘价格涨幅偏离值累计达到20的证券	20210308	星期一
63	600392	盛和资源	卖一主卖，成功率39.74	19.23	-10.01	-9616.64	28980.74	38597.37	67578.11	387851.00	-2.48	17.42	10.71	416	有价格涨跌幅限制的日收盘价格跌幅偏离值达到7的前三只证券	20210308	星期一
64	600462	*ST九有	实力游资买入，成功率50.00	2.42	3.86	155.50	845.91	690.41	1536.31	5616.24	2.77	27.35	2.17	12	ST、*ST和S证券连续三个交易日内收盘价格涨幅偏离值累计达到15的证券	20210308	星期一
65	600483	福能股份	1家机构买入，成功率46.46	9.83	1.87	-2202.17	14771.14	16973.31	31744.45	88717.31	-2.48	35.78	1.99	143	非ST、*ST和S证券连续三个交易日内收盘价格涨幅偏离值累计达到20的证券	20210308	星期一
66	600652	ST游久	实力游资买入，成功率44.97	1.71	4.91	-276.04	606.54	882.58	1489.11	8315.28	-3.32	17.91	2.66	13	ST、*ST和S证券连续三个交易日内收盘价格涨幅偏离值累计达到15的证券	20210308	星期一
67	600760	中航沈飞	3家机构卖出，成功率44.60	66.11	-10.01	1959.92	25070.78	23110.87	48181.65	192133.08	1.02	25.08	2.00	1131	有价格涨跌幅限制的日收盘价格跌幅偏离值达到7的前三只证券	20210308	星期一
68	600893	航发动力	3家机构卖出，成功率38.13	53.34	-10.01	15343.69	37764.18	22420.49	60184.66	421469.71	3.64	14.28	3.60	1366	有价格涨跌幅限制的日收盘价格跌幅偏离值达到7的前三只证券	20210308	星期一
69	600916	中国黄金	实力游资买入，成功率37.99	15.95	0.38	329.23	4710.20	4380.97	9091.18	68949.58	0.48	13.19	24.05	31	有价格涨跌幅限制的日换手率达到20的前三只证券	20210308	星期一
70	603098	森特股份	实力游资买入，成功率29.63	11.57	9.98	2111.74	2769.39	657.65	3427.04	2905.83	72.67	117.94	0.18	46	非ST、*ST和S证券连续三个交易日内收盘价格涨幅偏离值累计达到20的证券	20210308	星期一
71	603126	中材节能	实力游资买入，成功率35.15	10.74	10.04	554.12	10611.96	10057.84	20669.79	170051.13	0.33	12.16	12.49	54	非ST、*ST和S证券连续三个交易日内收盘价格涨幅偏离值累计达到20的证券	20210308	星期一
72	603157	*ST拉夏	实力游资买入，成功率35.56	1.94	4.86	-45.73	324.92	370.65	695.58	3148.38	-1.45	22.09	0.51	3	ST、*ST和S证券连续三个交易日内收盘价格涨幅偏离值累计达到15的证券	20210308	星期一
73	603169	兰石重装	买一主买，成功率43.16	4.36	10.10	2929.35	3621.42	692.06	4313.48	4147.59	70.63	104.00	0.91	41	有价格涨跌幅限制的日收盘价格涨幅偏离值达到7的前三只证券	20210308	星期一
74	603177	德创环保	实力游资买入，成功率37.13	12.39	4.12	-63.37	2445.69	2509.06	4954.75	26528.21	-0.24	18.68	3.82	22	非ST、*ST和S证券连续三个交易日内收盘价格涨幅偏离值累计达到20的证券	20210308	星期一
75	603332	苏州龙杰	实力游资买入，成功率48.16	22.91	9.99	736.59	3393.65	2657.06	6050.71	28617.78	2.57	21.14	43.51	6	有价格涨跌幅限制的日换手率达到20的前三只证券	20210308	星期一
76	603616	韩建河山	实力游资卖出，成功率46.04	6.33	-6.64	-1832.41	1212.13	3044.54	4256.67	20203.56	-9.07	21.07	10.10	18	有价格涨跌幅限制的日价格振幅达到15的前三只证券	20210308	星期一
77	603655	朗博科技	实力游资买入，成功率46.89	27.21	9.98	-2962.27	4794.15	7756.42	12550.57	47571.35	-6.23	26.38	8.70	24	非ST、*ST和S证券连续三个交易日内收盘价格涨幅偏离值累计达到20的证券	20210308	星期一
78	603799	华友钴业	4家机构卖出，成功率42.69	68.05	-7.07	-97695.37	156944.88	254640.25	411585.14	1294364.39	-7.55	31.80	4.76	929	非ST、*ST和S证券连续三个交易日内收盘价格跌幅偏离值累计达到20的证券	20210308	星期一
79	603818	曲美家居	实力游资买入，成功率27.49	8.57	3.50	-3185.95	7264.18	10450.13	17714.31	63418.84	-5.02	27.93	3.90	46	非ST、*ST和S证券连续三个交易日内收盘价格涨幅偏离值累计达到20的证券	20210308	星期一
80	603828	柯利达	实力游资买入，成功率45.81	4.90	10.11	449.37	3023.34	2573.97	5597.31	13470.43	3.34	41.55	5.11	24	有价格涨跌幅限制的日收盘价格涨幅偏离值达到7的前三只证券	20210308	星期一
81	603929	亚翔集成	实力游资卖出，成功率37.61	11.40	-9.24	-1284.62	1128.03	2412.65	3540.68	17466.47	-7.35	20.27	6.81	24	有价格涨跌幅限制的日价格振幅达到15的前三只证券	20210308	星期一
82	605208	N永茂泰	买一主买，成功率53.74	19.30	44.03	1573.88	1650.72	76.84	1727.55	1650.72	95.35	104.65	1.82	-	当日无价格涨跌幅限制的A股，出现异常波动停牌的	20210308	星期一
83	605208	N永茂泰	买一主买，成功率53.74	19.30	44.03	1573.88	1650.72	76.84	1727.55	1650.72	95.35	104.65	1.82	-	无价格涨跌幅限制的证券	20210308	星期一
84	605298	必得科技	实力游资买入，成功率37.77	23.11	0.13	-318.46	1001.01	1319.47	2320.48	15657.96	-2.03	14.82	25.24	7	有价格涨跌幅限制的日换手率达到20的前三只证券	20210308	星期一
