1	000007	全新好	实力游资卖出，成功率31.70	3.77	-10.02	-2564.35	2110.21	4674.55	6784.76	26608.28	-9.64	25.50	22.27	12	日跌幅偏离值达到7的前5只证券	20210304	星期四
2	000007	全新好	实力游资卖出，成功率31.70	3.77	-10.02	-2564.35	2110.21	4674.55	6784.76	26608.28	-9.64	25.50	22.27	12	日换手率达到20的前5只证券	20210304	星期四
3	000545	金浦钛业	实力游资买入，成功率27.77	3.39	10.06	2771.50	4417.17	1645.67	6062.84	14442.29	19.19	41.98	2.00	33	连续三个交易日内，涨幅偏离值累计达到20的证券	20210304	星期四
4	000564	*ST大集	上海资金买入，成功率42.13	2.32	4.98	6661.25	10955.43	4294.18	15249.62	47994.00	13.88	31.77	7.11	47	连续三个交易日内，涨幅偏离值累计达到12的ST证券、*ST证券和未完成股改证券	20210304	星期四
5	000570	苏常柴A	主力做T，成功率43.42	6.28	9.98	2877.42	7426.98	4549.56	11976.53	55666.62	5.17	21.51	16.74	26	连续三个交易日内，涨幅偏离值累计达到20的证券	20210304	星期四
6	000662	天夏退	卖一主卖，成功率19.56	0.33	-10.81	-0.07	3.80	3.87	7.67	3.87	-1.88	198.12	0.01	4	退市整理期	20210304	星期四
7	000667	美好置业	实力游资买入，成功率37.78	2.05	10.22	5368.09	9593.15	4225.06	13818.21	57167.45	9.39	24.17	11.66	50	日涨幅偏离值达到7的前5只证券	20210304	星期四
8	000673	*ST当代	实力游资买入，成功率42.89	2.39	4.82	-889.97	1847.76	2737.73	4585.49	11703.00	-7.60	39.18	0.28	19	连续三个交易日内，涨幅偏离值累计达到12的ST证券、*ST证券和未完成股改证券	20210304	星期四
9	000687	*ST华讯	主力做T，成功率48.22	1.83	2.81	-363.76	740.73	1104.49	1845.22	7357.93	-4.94	25.08	2.10	14	连续三个交易日内，涨幅偏离值累计达到12的ST证券、*ST证券和未完成股改证券	20210304	星期四
10	000767	晋控电力	西藏自治区资金买入，成功率30.92	3.85	7.54	664.09	13862.93	13198.83	27061.76	198031.22	0.34	13.67	8.42	112	连续三个交易日内，涨幅偏离值累计达到20的证券	20210304	星期四
11	000820	*ST节能	主力做T，成功率21.45	1.62	5.19	-467.80	780.31	1248.11	2028.42	7695.40	-6.08	26.36	6.81	5	连续三个交易日内，涨幅偏离值累计达到12的ST证券、*ST证券和未完成股改证券	20210304	星期四
12	000835	*ST长动	买一主买，成功率57.78	1.98	4.76	98.23	641.08	542.86	1183.94	3919.41	2.51	30.21	3.95	6	连续三个交易日内，涨幅偏离值累计达到12的ST证券、*ST证券和未完成股改证券	20210304	星期四
13	000898	鞍钢股份	1家机构买入，成功率48.14	3.98	9.94	8390.89	33252.69	24861.80	58114.49	96481.79	8.70	60.23	3.11	316	日涨幅偏离值达到7的前5只证券	20210304	星期四
14	000898	鞍钢股份	1家机构买入，成功率47.40	3.98	9.94	16803.41	50596.41	33793.00	84389.41	151022.53	11.13	55.88	3.11	316	连续三个交易日内，涨幅偏离值累计达到20的证券	20210304	星期四
15	000899	赣能股份	西藏自治区资金买入，成功率35.14	6.40	6.49	789.08	7254.00	6464.91	13718.91	102445.03	0.77	13.39	7.37	62	连续三个交易日内，涨幅偏离值累计达到20的证券	20210304	星期四
16	000928	中钢国际	实力游资买入，成功率45.64	6.80	10.03	5885.09	12099.54	6214.45	18313.98	75905.22	7.75	24.13	9.17	85	日涨幅偏离值达到7的前5只证券	20210304	星期四
17	000970	中科三环	实力游资买入，成功率47.42	11.59	9.96	6521.12	22289.36	15768.24	38057.59	143701.98	4.54	26.48	11.91	123	日涨幅偏离值达到7的前5只证券	20210304	星期四
18	001896	豫能控股	西藏自治区资金买入，成功率32.37	7.57	10.03	-2209.36	7327.54	9536.90	16864.44	121435.35	-1.82	13.89	14.39	87	日涨幅偏离值达到7的前5只证券	20210304	星期四
19	001896	豫能控股	1家机构买入，成功率37.12	7.57	10.03	-871.79	11365.25	12237.04	23602.29	202224.53	-0.43	11.67	14.39	87	连续三个交易日内，涨幅偏离值累计达到20的证券	20210304	星期四
20	002239	奥特佳	主力做T，成功率47.61	3.87	9.94	6223.19	9354.34	3131.16	12485.50	50173.91	12.40	24.88	4.25	121	日涨幅偏离值达到7的前5只证券	20210304	星期四
21	002378	章源钨业	实力游资买入，成功率27.09	9.45	10.01	-3496.58	8281.08	11777.66	20058.73	107111.03	-3.26	18.73	12.62	86	日涨幅偏离值达到7的前5只证券	20210304	星期四
22	002460	赣锋锂业	2家机构卖出，成功率47.38	97.37	-9.72	-8288.36	60314.99	68603.34	128918.33	434254.11	-1.91	29.69	5.46	782	日跌幅偏离值达到7的前5只证券	20210304	星期四
23	002494	华斯股份	卖一主卖，成功率46.79	4.28	-7.16	-348.78	2479.82	2828.60	5308.43	20369.55	-1.71	26.06	15.35	13	日振幅值达到15的前5只证券	20210304	星期四
24	002601	龙蟒佰利	3家机构卖出，成功率46.87	37.57	-9.99	3374.65	28548.06	25173.42	53721.48	133417.92	2.53	40.27	2.45	533	日跌幅偏离值达到7的前5只证券	20210304	星期四
25	002638	*ST勤上	浙江资金买入，成功率63.89	1.74	4.82	200.02	1847.96	1647.94	3495.90	15278.94	1.31	22.88	4.17	17	连续三个交易日内，涨幅偏离值累计达到12的ST证券、*ST证券	20210304	星期四
26	002647	仁东控股	1家机构买入，成功率40.24	14.44	9.98	-3342.21	12223.57	15565.78	27789.35	177406.42	-1.88	15.66	22.75	81	日涨幅偏离值达到7的前5只证券	20210304	星期四
27	002647	仁东控股	1家机构买入，成功率36.64	14.44	9.98	-826.61	27456.05	28282.66	55738.70	376124.23	-0.22	14.82	22.75	81	连续三个交易日内，涨幅偏离值累计达到20的证券	20210304	星期四
28	002658	雪迪龙	实力游资买入，成功率37.52	7.93	9.99	305.64	5746.64	5441.00	11187.64	44339.38	0.69	25.23	8.02	24	连续三个交易日内，涨幅偏离值累计达到20的证券	20210304	星期四
29	002665	首航高科	主力做T，成功率48.32	2.18	-1.80	-3769.32	9950.90	13720.22	23671.12	111636.39	-3.38	21.20	14.74	51	连续三个交易日内，涨幅偏离值累计达到20的证券	20210304	星期四
30	002756	永兴材料	主力做T，成功率38.43	38.70	-10.00	1537.50	13479.92	11942.42	25422.34	64214.90	2.39	39.59	6.05	102	日跌幅偏离值达到7的前5只证券	20210304	星期四
31	002996	顺博合金	实力游资买入，成功率24.71	15.03	4.38	2265.57	4087.78	1822.21	5909.99	30576.08	7.41	19.33	37.98	8	日换手率达到20的前5只证券	20210304	星期四
32	002998	优彩资源	2家机构买入，成功率40.83	15.03	10.03	2213.52	5784.79	3571.27	9356.06	61333.52	3.61	15.25	53.04	12	日振幅值达到15的前5只证券	20210304	星期四
33	002998	优彩资源	2家机构买入，成功率40.83	15.03	10.03	2213.52	5784.79	3571.27	9356.06	61333.52	3.61	15.25	53.04	12	日涨幅偏离值达到7的前5只证券	20210304	星期四
34	002998	优彩资源	2家机构买入，成功率40.83	15.03	10.03	2213.52	5784.79	3571.27	9356.06	61333.52	3.61	15.25	53.04	12	日换手率达到20的前5只证券	20210304	星期四
35	003022	联泓新科	2家机构卖出，成功率44.17	30.11	-9.99	-4728.85	2901.80	7630.65	10532.45	36927.62	-12.81	28.52	8.03	44	日跌幅偏离值达到7的前5只证券	20210304	星期四
36	003033	征和工业	实力游资买入，成功率29.25	37.92	10.01	-1235.06	4604.21	5839.27	10443.48	39724.01	-3.11	26.29	52.53	8	日涨幅偏离值达到7的前5只证券	20210304	星期四
37	003033	征和工业	主力做T，成功率31.41	37.92	10.01	-3645.51	8278.09	11923.60	20201.69	59195.98	-6.16	34.13	52.53	8	连续三个交易日内，涨幅偏离值累计达到20的证券	20210304	星期四
38	003033	征和工业	实力游资买入，成功率29.25	37.92	10.01	-1235.06	4604.21	5839.27	10443.48	39724.01	-3.11	26.29	52.53	8	日换手率达到20的前5只证券	20210304	星期四
39	003035	南网能源	1家机构卖出，成功率33.13	7.61	-1.68	-3285.62	16597.54	19883.15	36480.69	198017.14	-1.66	18.42	33.92	58	日换手率达到20的前5只证券	20210304	星期四
40	003037	三和管桩	1家机构卖出，成功率42.71	14.04	-1.13	-812.96	2013.36	2826.32	4839.68	28129.94	-2.89	17.20	29.03	10	日换手率达到20的前5只证券	20210304	星期四
41	200468	宁通信B	实力游资买入，成功率54.76	3.68	9.20	-18.79	117.59	136.37	253.96	411.98	-4.56	61.64	1.38	3	日涨幅偏离值达到7的前5只证券	20210304	星期四
42	300022	吉峰科技	1家机构买入，成功率38.03	6.24	11.03	-776.12	5446.18	6222.30	11668.48	87911.43	-0.88	13.27	27.68	22	连续三个交易日内，涨幅偏离值累计达到30的证券	20210304	星期四
43	300234	开尔新材	浙江资金买入，成功率24.95	9.94	20.05	-2654.64	9895.17	12549.81	22444.98	110145.45	-2.41	20.38	37.27	31	日涨幅达到15的前5只证券	20210304	星期四
44	300234	开尔新材	浙江资金买入，成功率24.95	9.94	20.05	-2654.64	9895.17	12549.81	22444.98	110145.45	-2.41	20.38	37.27	31	日换手率达到30的前5只证券	20210304	星期四
45	300274	阳光电源	1家机构卖出，成功率39.07	72.49	-15.32	-180.16	189244.32	189424.49	378668.81	861157.84	-0.02	43.97	10.47	787	日跌幅达到15的前5只证券	20210304	星期四
46	300312	邦讯技术	实力游资买入，成功率47.74	6.42	20.00	1231.33	4099.30	2867.96	6967.26	41820.67	2.94	16.66	34.31	13	日涨幅达到15的前5只证券	20210304	星期四
47	300356	光一科技	浙江资金买入，成功率26.48	5.23	19.95	983.17	4925.35	3942.19	8867.54	24599.00	4.00	36.05	13.18	20	日涨幅达到15的前5只证券	20210304	星期四
48	300839	博汇股份	1家机构买入，成功率40.25	28.73	20.01	2016.73	3378.90	1362.17	4741.08	16388.82	12.31	28.93	23.09	7	日涨幅达到15的前5只证券	20210304	星期四
49	300881	盛德鑫泰	2家机构买入，成功率32.94	33.65	10.29	677.31	2988.34	2311.04	5299.38	35283.66	1.92	15.02	44.76	8	日换手率达到30的前5只证券	20210304	星期四
50	300891	惠云钛业	1家机构卖出，成功率37.81	18.90	-3.18	-27.24	5670.43	5697.67	11368.11	64326.44	-0.04	17.67	35.08	18	日换手率达到30的前5只证券	20210304	星期四
51	300937	药易购	1家机构卖出，成功率27.23	108.31	-1.28	2365.99	8679.34	6313.35	14992.69	86530.41	2.73	17.33	35.11	25	日换手率达到30的前5只证券	20210304	星期四
52	300948	冠中生态	主力做T，成功率48.75	52.01	-3.40	491.52	4584.95	4093.42	8678.37	59290.21	0.83	14.64	48.91	12	日换手率达到30的前5只证券	20210304	星期四
53	600086	退市金钰	浙江资金买入，成功率71.58	0.18	0.00	-33.37	209.50	242.87	452.37	703.46	-4.74	64.31	3.74	2	退市整理的证券	20210304	星期四
54	600112	ST天成	买一主买，成功率67.62	1.51	4.86	107.57	409.26	301.69	710.95	2237.62	4.81	31.77	0.24	8	ST、*ST和S证券连续三个交易日内收盘价格涨幅偏离值累计达到15的证券	20210304	星期四
55	600121	郑州煤电	买一主买，成功率39.68	5.34	10.10	4261.52	8459.26	4197.74	12657.00	59357.00	7.18	21.32	9.75	65	有价格涨跌幅限制的日收盘价格涨幅偏离值达到7的前三只证券	20210304	星期四
56	600146	*ST环球	实力游资买入，成功率67.56	1.59	5.30	56.54	487.85	431.30	919.15	2025.52	2.79	45.38	0.54	7	ST、*ST和S证券连续三个交易日内收盘价格涨幅偏离值累计达到15的证券	20210304	星期四
57	600178	东安动力	实力游资买入，成功率47.48	7.81	10.00	1216.70	3829.08	2612.38	6441.46	45273.69	2.69	14.23	10.68	36	非ST、*ST和S证券连续三个交易日内收盘价格涨幅偏离值累计达到20的证券	20210304	星期四
58	600295	鄂尔多斯	1家机构卖出，成功率44.57	23.19	-5.15	-8601.21	30060.48	38661.69	68722.17	206809.25	-4.16	33.23	13.04	151	有价格涨跌幅限制的日价格振幅达到15的前三只证券	20210304	星期四
59	600381	青海春天	实力游资买入，成功率54.21	6.70	1.52	407.92	5285.36	4877.44	10162.80	71947.57	0.57	14.13	8.95	39	非ST、*ST和S证券连续三个交易日内收盘价格涨幅偏离值累计达到20的证券	20210304	星期四
60	600438	通威股份	3家机构卖出，成功率37.56	38.79	-10.00	-35406.15	97076.36	132482.51	229558.87	653293.15	-5.42	35.14	3.87	1663	有价格涨跌幅限制的日收盘价格跌幅偏离值达到7的前三只证券	20210304	星期四
61	600710	苏美达	实力游资买入，成功率36.10	5.56	10.10	2346.87	3824.63	1477.76	5302.38	11002.16	21.33	48.19	1.54	73	有价格涨跌幅限制的日收盘价格涨幅偏离值达到7的前三只证券	20210304	星期四
62	600714	金瑞矿业	实力游资买入，成功率51.61	8.42	4.47	-139.89	2048.09	2187.98	4236.07	32394.73	-0.43	13.08	13.86	24	有价格涨跌幅限制的日价格振幅达到15的前三只证券	20210304	星期四
63	600722	金牛化工	实力游资买入，成功率26.94	8.17	9.96	-780.20	11291.89	12072.10	23363.99	258339.57	-0.30	9.04	26.86	56	非ST、*ST和S证券连续三个交易日内收盘价格涨幅偏离值累计达到20的证券	20210304	星期四
64	600763	通策医疗	4家机构卖出，成功率42.37	231.92	-10.00	-15289.98	42882.92	58172.90	101055.82	243453.52	-6.28	41.51	3.19	744	有价格涨跌幅限制的日收盘价格跌幅偏离值达到7的前三只证券	20210304	星期四
65	600782	新钢股份	买一主买，成功率42.83	5.57	10.08	-9093.47	14818.75	23912.22	38730.97	148374.74	-6.13	26.10	8.43	178	有价格涨跌幅限制的日收盘价格涨幅偏离值达到7的前三只证券	20210304	星期四
66	600782	新钢股份	买一主买，成功率42.83	5.57	10.08	-9475.22	16544.45	26019.67	42564.12	184031.60	-5.15	23.13	8.43	178	非ST、*ST和S证券连续三个交易日内收盘价格涨幅偏离值累计达到20的证券	20210304	星期四
67	600916	中国黄金	上海资金买入，成功率36.90	17.28	1.05	-1599.43	7362.27	8961.70	16323.97	122987.75	-1.30	13.27	39.06	31	有价格涨跌幅限制的日换手率达到20的前三只证券	20210304	星期四
68	601015	陕西黑猫	上海资金买入，成功率32.42	8.55	3.51	-980.74	6150.60	7131.34	13281.93	101776.04	-0.96	13.05	7.61	139	有价格涨跌幅限制的日价格振幅达到15的前三只证券	20210304	星期四
69	601038	一拖股份	实力游资买入，成功率29.87	14.93	10.02	-1397.95	12253.77	13651.72	25905.48	185217.97	-0.75	13.99	15.12	89	非ST、*ST和S证券连续三个交易日内收盘价格涨幅偏离值累计达到20的证券	20210304	星期四
70	601127	小康股份	实力游资买入，成功率43.85	22.37	9.98	1857.26	26157.79	24300.52	50458.31	186925.14	0.99	26.99	5.33	213	非ST、*ST和S证券连续三个交易日内收盘价格涨幅偏离值累计达到20的证券	20210304	星期四
71	603126	中材节能	实力游资买入，成功率33.67	8.87	10.05	-7074.37	6552.81	13627.19	20180.00	131382.42	-5.38	15.36	6.05	54	非ST、*ST和S证券连续三个交易日内收盘价格涨幅偏离值累计达到20的证券	20210304	星期四
72	603725	天安新材	实力游资买入，成功率29.49	10.13	9.99	25.03	8816.56	8791.53	17608.10	51347.21	0.05	34.29	15.49	21	非ST、*ST和S证券连续三个交易日内收盘价格涨幅偏离值累计达到20的证券	20210304	星期四
73	605111	新洁能	2家机构卖出，成功率31.21	187.11	-10.00	-10181.03	7750.67	17931.70	25682.37	89938.04	-11.32	28.56	17.93	47	有价格涨跌幅限制的日收盘价格跌幅偏离值达到7的前三只证券	20210304	星期四
74	605268	王力安防	实力游资卖出，成功率34.00	15.33	-9.45	451.76	6902.97	6451.21	13354.19	93639.79	0.48	14.26	34.15	10	非ST、*ST和S证券连续三个交易日内收盘价格跌幅偏离值累计达到20的证券	20210304	星期四
75	605268	王力安防	卖一主卖，成功率38.80	15.33	-9.45	-812.86	2815.42	3628.28	6443.69	35822.46	-2.27	17.99	34.15	10	有价格涨跌幅限制的日换手率达到20的前三只证券	20210304	星期四
76	605298	必得科技	1家机构卖出，成功率31.90	25.63	-8.00	867.76	2724.78	1857.02	4581.80	35819.45	2.42	12.79	51.05	7	有价格涨跌幅限制的日换手率达到20的前三只证券	20210304	星期四
77	688578	艾力斯	实力游资卖出，成功率36.88	31.89	-16.08	-3475.77	3643.03	7118.80	10761.83	33393.82	-10.41	32.23	14.48	22	有价格涨跌幅限制的日收盘价格跌幅达到15的前五只证券	20210304	星期四
