1	000007	全新好	主力做T，成功率25.51	4.19	6.89	1175.66	4029.88	2854.22	6884.10	29402.75	4.00	23.41	24.98	13	日振幅值达到15的前5只证券	20210303	星期三
2	000007	全新好	主力做T，成功率25.51	4.19	6.89	1175.66	4029.88	2854.22	6884.10	29402.75	4.00	23.41	24.98	13	日换手率达到20的前5只证券	20210303	星期三
3	000056	皇庭国际	实力游资卖出，成功率26.33	2.83	-1.39	-4914.36	3051.20	7965.57	11016.77	47277.66	-10.39	23.30	3.81	26	连续三个交易日内，跌幅偏离值累计达到20的证券	20210303	星期三
4	000633	合金投资	2家机构买入，成功率30.46	7.83	9.97	2393.63	9555.66	7162.03	16717.68	64507.69	3.71	25.92	8.87	30	连续三个交易日内，涨幅偏离值累计达到20的证券	20210303	星期三
5	000662	天夏退	卖一主卖，成功率30.29	0.37	-9.76	-0.04	4.24	4.27	8.51	4.27	-0.87	199.13	0.01	4	退市整理期	20210303	星期三
6	000683	远兴能源	实力游资买入，成功率48.82	2.77	9.92	7957.88	20814.03	12856.16	33670.19	86538.73	9.20	38.91	9.41	94	日涨幅偏离值达到7的前5只证券	20210303	星期三
7	000767	晋控电力	实力游资买入，成功率39.15	3.58	10.15	3831.49	7915.80	4084.30	12000.10	55708.91	6.88	21.54	5.63	104	日涨幅偏离值达到7的前5只证券	20210303	星期三
8	000803	北清环能	卖一主卖，成功率45.18	15.11	-6.67	-2602.31	2130.13	4732.44	6862.57	27118.96	-9.60	25.31	14.04	19	日跌幅偏离值达到7的前5只证券	20210303	星期三
9	000831	五矿稀土	1家机构买入，成功率44.47	22.21	10.01	2098.36	22425.66	20327.29	42752.95	270220.34	0.78	15.82	12.89	218	日涨幅偏离值达到7的前5只证券	20210303	星期三
10	000928	中钢国际	3家机构买入，成功率48.62	6.18	5.28	4089.42	20273.52	16184.10	36457.62	244859.98	1.67	14.89	17.08	78	连续三个交易日内，涨幅偏离值累计达到20的证券	20210303	星期三
11	000932	华菱钢铁	2家机构买入，成功率47.49	6.73	9.97	10705.54	25210.80	14505.26	39716.05	106175.85	10.08	37.41	3.23	332	日涨幅偏离值达到7的前5只证券	20210303	星期三
12	001896	豫能控股	1家机构买入，成功率39.20	6.88	10.08	-836.40	6527.44	7363.84	13891.27	80789.18	-1.04	17.19	10.74	79	日涨幅偏离值达到7的前5只证券	20210303	星期三
13	002142	宁波银行	4家机构买入，成功率48.11	44.09	10.01	28723.21	68434.99	39711.79	108146.78	201105.76	14.28	53.78	0.79	2614	日涨幅偏离值达到7的前5只证券	20210303	星期三
14	002145	中核钛白	1家机构买入，成功率42.75	10.12	10.00	-617.79	12703.00	13320.79	26023.79	112315.72	-0.55	23.17	7.20	161	日涨幅偏离值达到7的前5只证券	20210303	星期三
15	002372	伟星新材	2家机构买入，成功率47.58	23.57	9.93	5718.23	37222.77	31504.54	68727.31	149296.23	3.83	46.03	2.89	335	连续三个交易日内，涨幅偏离值累计达到20的证券	20210303	星期三
16	002378	章源钨业	2家机构买入，成功率40.90	8.59	9.99	10130.28	22110.48	11980.21	34090.69	212731.63	4.76	16.03	7.92	79	连续三个交易日内，涨幅偏离值累计达到20的证券	20210303	星期三
17	002439	启明星辰	4家机构买入，成功率48.11	34.66	10.00	16207.68	42002.44	25794.76	67797.20	163110.85	9.94	41.57	6.71	247	日涨幅偏离值达到7的前5只证券	20210303	星期三
18	002610	爱康科技	实力游资买入，成功率50.35	2.72	10.12	4763.50	12262.30	7498.80	19761.10	105871.12	4.50	18.67	9.07	119	日涨幅偏离值达到7的前5只证券	20210303	星期三
19	002647	仁东控股	1家机构买入，成功率47.44	13.13	9.97	3839.81	18252.16	14412.35	32664.51	198717.81	1.93	16.44	28.47	74	日振幅值达到15的前5只证券	20210303	星期三
20	002647	仁东控股	1家机构买入，成功率47.44	13.13	9.97	3839.81	18252.16	14412.35	32664.51	198717.81	1.93	16.44	28.47	74	日涨幅偏离值达到7的前5只证券	20210303	星期三
21	002847	盐津铺子	1家机构买入，成功率44.60	124.52	10.00	4820.65	18032.31	13211.66	31243.96	72241.73	6.67	43.25	5.63	136	日振幅值达到15的前5只证券	20210303	星期三
22	002998	优彩资源	实力游资卖出，成功率37.51	13.66	-8.01	-5535.77	3364.64	8900.41	12265.06	62895.84	-8.80	19.50	55.83	11	日振幅值达到15的前5只证券	20210303	星期三
23	002998	优彩资源	实力游资卖出，成功率37.51	13.66	-8.01	-5535.77	3364.64	8900.41	12265.06	62895.84	-8.80	19.50	55.83	11	日跌幅偏离值达到7的前5只证券	20210303	星期三
24	002998	优彩资源	实力游资卖出，成功率37.51	13.66	-8.01	-5535.77	3364.64	8900.41	12265.06	62895.84	-8.80	19.50	55.83	11	日换手率达到20的前5只证券	20210303	星期三
25	002999	天禾股份	1家机构买入，成功率35.50	13.30	3.42	2144.37	3581.32	1436.95	5018.27	25591.22	8.38	19.61	31.85	8	日换手率达到20的前5只证券	20210303	星期三
26	003035	南网能源	1家机构买入，成功率36.31	7.74	2.65	-1071.73	18085.57	19157.30	37242.87	241868.65	-0.44	15.40	42.11	59	日换手率达到20的前5只证券	20210303	星期三
27	003037	三和管桩	1家机构买入，成功率53.97	14.20	1.43	807.60	2706.55	1898.95	4605.50	27289.73	2.96	16.88	28.89	10	日换手率达到20的前5只证券	20210303	星期三
28	003038	鑫铂股份	西藏自治区资金买入，成功率38.21	32.00	1.04	474.42	2421.48	1947.07	4368.55	27914.39	1.70	15.65	32.42	9	日换手率达到20的前5只证券	20210303	星期三
29	300022	吉峰科技	1家机构买入，成功率41.24	5.62	20.09	3314.60	5294.62	1980.02	7274.64	30376.87	10.91	23.95	16.61	19	日涨幅达到15的前5只证券	20210303	星期三
30	300159	新研股份	2家机构买入，成功率41.07	3.55	19.93	305.34	3342.17	3036.83	6379.00	50004.26	0.61	12.76	10.50	50	日涨幅达到15的前5只证券	20210303	星期三
31	300234	开尔新材	实力游资买入，成功率36.23	8.28	20.00	-366.95	4651.37	5018.32	9669.69	58947.73	-0.62	16.40	24.89	26	日涨幅达到15的前5只证券	20210303	星期三
32	300234	开尔新材	主力做T，成功率32.46	8.28	20.00	717.84	7529.43	6811.58	14341.01	90243.60	0.80	15.89	24.89	26	连续三个交易日内，涨幅偏离值累计达到30的证券	20210303	星期三
33	300289	利德曼	实力游资买入，成功率41.99	7.19	16.53	75.47	1703.67	1628.21	3331.88	18579.04	0.41	17.93	6.52	30	日涨幅达到15的前5只证券	20210303	星期三
34	300864	南大环境	1家机构买入，成功率33.97	111.81	7.15	916.42	3564.61	2648.19	6212.81	44935.45	2.04	13.83	34.44	13	日换手率达到30的前5只证券	20210303	星期三
35	300891	惠云钛业	1家机构买入，成功率33.50	19.52	19.98	1662.66	5084.02	3421.36	8505.38	62590.07	2.66	13.59	35.71	19	日涨幅达到15的前5只证券	20210303	星期三
36	300891	惠云钛业	1家机构买入，成功率33.50	19.52	19.98	1662.66	5084.02	3421.36	8505.38	62590.07	2.66	13.59	35.71	19	日换手率达到30的前5只证券	20210303	星期三
37	300927	江天化学	1家机构买入，成功率31.62	33.69	6.88	167.92	1438.55	1270.63	2709.18	19623.06	0.86	13.81	31.10	6	日换手率达到30的前5只证券	20210303	星期三
38	300937	药易购	1家机构买入，成功率37.78	109.71	3.50	-1962.51	5614.05	7576.56	13190.61	100531.02	-1.95	13.12	41.53	25	日换手率达到30的前5只证券	20210303	星期三
39	300950	德固特	实力游资买入，成功率30.19	61.39	629.96	4879.63	6672.74	1793.11	8465.85	108680.91	4.49	7.79	79.34	15	无价格涨跌幅限制的证券	20210303	星期三
40	600010	包钢股份	实力游资买入，成功率44.75	1.94	10.23	6093.90	49734.61	43640.72	93375.33	496930.67	1.23	18.79	8.50	615	有价格涨跌幅限制的日收盘价格涨幅偏离值达到7的前三只证券	20210303	星期三
41	600010	包钢股份	实力游资买入，成功率45.95	1.94	10.23	2388.02	101266.23	98878.22	200144.45	1337728.07	0.18	14.96	8.50	615	非ST、*ST和S证券连续三个交易日内收盘价格涨幅偏离值累计达到20的证券	20210303	星期三
42	600086	退市金钰	卖一主卖，成功率38.48	0.18	-5.26	-29.50	143.62	173.12	316.75	355.18	-8.31	89.18	1.83	2	退市整理的证券	20210303	星期三
43	600178	东安动力	实力游资买入，成功率47.25	7.10	10.08	2089.98	2686.38	596.40	3282.78	7410.38	28.20	44.30	2.30	33	有价格涨跌幅限制的日收盘价格涨幅偏离值达到7的前三只证券	20210303	星期三
44	600188	兖州煤业	3家机构买入，成功率44.03	12.20	7.11	74270.95	114986.14	40715.19	155701.33	384541.87	19.31	40.49	4.07	363	非ST、*ST和S证券连续三个交易日内收盘价格涨幅偏离值累计达到20的证券	20210303	星期三
45	600259	广晟有色	实力游资买入，成功率50.98	47.05	10.01	8229.77	31006.66	22776.89	53783.54	400058.40	2.06	13.44	11.33	142	非ST、*ST和S证券连续三个交易日内收盘价格涨幅偏离值累计达到20的证券	20210303	星期三
46	600438	通威股份	3家机构卖出，成功率41.98	43.10	-7.98	-129329.06	130827.80	260156.85	390984.65	975339.35	-13.26	40.09	5.28	1848	有价格涨跌幅限制的日收盘价格跌幅偏离值达到7的前三只证券	20210303	星期三
47	600714	金瑞矿业	实力游资买入，成功率40.89	8.06	2.68	-226.33	1966.92	2193.25	4160.17	30471.04	-0.74	13.65	13.27	23	有价格涨跌幅限制的日价格振幅达到15的前三只证券	20210303	星期三
48	600722	金牛化工	实力游资买入，成功率32.57	7.43	10.07	1254.53	8165.14	6910.62	15075.76	118886.45	1.06	12.68	24.66	51	有价格涨跌幅限制的日价格振幅达到15的前三只证券	20210303	星期三
49	600740	山西焦化	1家机构买入，成功率39.43	7.57	10.03	19208.88	51263.40	32054.51	83317.91	258432.74	7.43	32.24	20.74	73	非ST、*ST和S证券连续三个交易日内收盘价格涨幅偏离值累计达到20的证券	20210303	星期三
50	600890	中房股份	实力游资买入，成功率41.39	3.81	10.12	2038.41	2966.73	928.32	3895.04	6847.93	29.77	56.88	3.21	22	有价格涨跌幅限制的日收盘价格涨幅偏离值达到7的前三只证券	20210303	星期三
51	600916	中国黄金	实力游资卖出，成功率34.45	17.10	-7.42	1790.41	9628.13	7837.72	17465.85	153060.72	1.17	11.41	48.86	31	有价格涨跌幅限制的日换手率达到20的前三只证券	20210303	星期三
52	601369	陕鼓动力	2家机构买入，成功率46.01	8.93	9.98	5484.92	11714.88	6229.96	17944.84	89970.54	6.10	19.95	2.56	146	非ST、*ST和S证券连续三个交易日内收盘价格涨幅偏离值累计达到20的证券	20210303	星期三
53	603277	银都股份	2家机构卖出，成功率30.96	15.75	-8.96	930.74	3066.58	2135.84	5202.42	15155.53	6.14	34.33	2.32	64	有价格涨跌幅限制的日收盘价格跌幅偏离值达到7的前三只证券	20210303	星期三
54	603332	苏州龙杰	实力游资买入，成功率31.80	21.60	3.60	1312.02	2377.03	1065.01	3442.04	23393.13	5.61	14.71	38.21	6	有价格涨跌幅限制的日换手率达到20的前三只证券	20210303	星期三
55	603958	哈森股份	江苏资金卖出，成功率28.14	5.99	-9.10	-1468.40	977.90	2446.29	3424.19	5847.27	-25.11	58.56	4.36	13	有价格涨跌幅限制的日收盘价格跌幅偏离值达到7的前三只证券	20210303	星期三
56	605133	嵘泰股份	实力游资卖出，成功率48.96	27.45	-4.39	5990.35	10646.11	4655.77	15301.88	60125.75	9.96	25.45	36.67	11	非ST、*ST和S证券连续三个交易日内收盘价格跌幅偏离值累计达到20的证券	20210303	星期三
57	605268	王力安防	4家机构卖出，成功率32.79	16.93	-4.94	3234.63	4666.58	1431.95	6098.53	51775.47	6.25	11.78	45.87	11	有价格涨跌幅限制的日价格振幅达到15的前三只证券	20210303	星期三
58	605268	王力安防	4家机构卖出，成功率32.79	16.93	-4.94	3234.63	4666.58	1431.95	6098.53	51775.47	6.25	11.78	45.87	11	有价格涨跌幅限制的日换手率达到20的前三只证券	20210303	星期三
59	688578	艾力斯	1家机构买入，成功率48.32	38.00	19.46	3075.48	5724.81	2649.33	8374.14	23802.98	12.92	35.18	10.03	26	有价格涨跌幅限制的日收盘价格涨幅达到15的前五只证券	20210303	星期三
