1	000007	全新好	1家机构买入，成功率0.00	4.70	10.07	5857.32	8849.98	2992.65	11842.63	42799.45	13.69	27.67	30.18	-	日涨幅偏离值达到7的前5只证券	20210317	星期三
2	000007	全新好	1家机构买入，成功率0.00	4.70	10.07	5857.32	8849.98	2992.65	11842.63	42799.45	13.69	27.67	30.18	-	日换手率达到20的前5只证券	20210317	星期三
3	000011	深物业A	实力游资买入，成功率0.00	15.57	10.04	1672.52	5620.36	3947.84	9568.20	35089.71	4.77	27.27	4.33	-	日涨幅偏离值达到7的前5只证券	20210317	星期三
4	000027	深圳能源	1家机构卖出，成功率0.00	8.44	-8.36	-11336.48	16656.48	27992.96	44649.43	186889.78	-6.07	23.89	4.58	-	日跌幅偏离值达到7的前5只证券	20210317	星期三
5	000540	中天金融	实力游资买入，成功率0.00	3.07	10.04	2203.40	7051.37	4847.97	11899.34	29371.25	7.50	40.51	1.41	-	日涨幅偏离值达到7的前5只证券	20210317	星期三
6	000612	焦作万方	1家机构卖出，成功率0.00	10.66	-6.66	-8197.44	16849.34	25046.78	41896.12	246212.02	-3.33	17.02	19.21	-	日跌幅偏离值达到7的前5只证券	20210317	星期三
7	000613	大东海A	1家机构买入，成功率0.00	5.42	9.94	2360.39	4390.35	2029.96	6420.31	28111.05	8.40	22.84	20.01	-	日振幅值达到15的前5只证券	20210317	星期三
8	000613	大东海A	1家机构买入，成功率0.00	5.42	9.94	2360.39	4390.35	2029.96	6420.31	28111.05	8.40	22.84	20.01	-	日换手率达到20的前5只证券	20210317	星期三
9	000662	天夏退	实力游资买入，成功率0.00	0.23	0.00	-216.64	308.46	525.09	833.55	1290.54	-16.79	64.59	5.02	-	退市整理期	20210317	星期三
10	000673	*ST当代	上海资金买入，成功率0.00	2.37	4.87	354.11	2095.15	1741.04	3836.19	13282.00	2.67	28.88	1.99	-	连续三个交易日内，涨幅偏离值累计达到12的ST证券、*ST证券和未完成股改证券	20210317	星期三
11	000798	中水渔业	1家机构买入，成功率0.00	9.98	10.03	5677.56	7551.84	1874.28	9426.13	32373.00	17.54	29.12	10.36	-	日涨幅偏离值达到7的前5只证券	20210317	星期三
12	000806	*ST银河	主力做T，成功率0.00	2.28	3.17	-248.94	4901.96	5150.90	10052.85	29575.06	-0.84	33.99	9.15	-	连续三个交易日内，涨幅偏离值累计达到12的ST证券、*ST证券和未完成股改证券	20210317	星期三
13	000820	*ST节能	实力游资买入，成功率0.00	1.64	5.13	399.74	985.98	586.25	1572.23	4523.00	8.84	34.76	7.14	-	连续三个交易日内，涨幅偏离值累计达到12的ST证券、*ST证券和未完成股改证券	20210317	星期三
14	000881	中广核技	1家机构卖出，成功率0.00	11.75	-6.75	139.07	3146.31	3007.25	6153.56	32798.19	0.42	18.76	3.90	-	日跌幅偏离值达到7的前5只证券	20210317	星期三
15	000966	长源电力	实力游资卖出，成功率0.00	5.22	-8.74	-6352.92	7344.02	13696.94	21040.96	100806.29	-6.30	20.87	17.07	-	日跌幅偏离值达到7的前5只证券	20210317	星期三
16	000993	闽东电力	实力游资买入，成功率0.00	8.82	9.98	1201.27	3746.36	2545.10	6291.46	29710.95	4.04	21.18	7.71	-	日涨幅偏离值达到7的前5只证券	20210317	星期三
17	002109	兴化股份	江苏资金卖出，成功率0.00	6.99	-10.04	-4848.48	6898.73	11747.22	18645.95	73358.22	-6.61	25.42	9.88	-	日跌幅偏离值达到7的前5只证券	20210317	星期三
18	002207	准油股份	1家机构买入，成功率0.00	7.59	4.26	558.49	1698.03	1139.54	2837.57	20282.88	2.75	13.99	11.72	-	日振幅值达到15的前5只证券	20210317	星期三
19	002309	中利集团	买一主买，成功率0.00	5.92	10.04	5429.92	10636.65	5206.72	15843.37	45560.23	11.92	34.77	6.01	-	连续三个交易日内，涨幅偏离值累计达到20的证券	20210317	星期三
20	002366	台海核电	主力做T，成功率0.00	5.32	9.92	-514.58	11255.06	11769.64	23024.70	113449.32	-0.45	20.30	35.82	-	日涨幅偏离值达到7的前5只证券	20210317	星期三
21	002366	台海核电	主力做T，成功率0.00	5.32	9.92	-514.58	11255.06	11769.64	23024.70	113449.32	-0.45	20.30	35.82	-	日换手率达到20的前5只证券	20210317	星期三
22	002407	多氟多	买一主买，成功率0.00	22.23	10.00	17971.38	27011.88	9040.50	36052.38	135839.82	13.23	26.54	10.79	-	日涨幅偏离值达到7的前5只证券	20210317	星期三
23	002422	科伦药业	买一主买，成功率0.00	21.69	9.99	8890.76	17116.86	8226.10	25342.96	78829.20	11.28	32.15	3.38	-	日涨幅偏离值达到7的前5只证券	20210317	星期三
24	002456	欧菲光	实力游资卖出，成功率0.00	9.14	-9.95	-429.92	1454.08	1884.00	3338.08	18849.42	-2.28	17.71	0.77	-	日跌幅偏离值达到7的前5只证券	20210317	星期三
25	002647	仁东控股	实力游资卖出，成功率0.00	15.86	-4.17	-8677.91	20492.59	29170.50	49663.09	290082.65	-2.99	17.12	31.05	-	日振幅值达到15的前5只证券	20210317	星期三
26	002665	首航高科	实力游资买入，成功率0.00	2.78	9.88	3988.46	14478.51	10490.05	24968.56	133051.76	3.00	18.77	21.69	-	日振幅值达到15的前5只证券	20210317	星期三
27	002665	首航高科	实力游资买入，成功率0.00	2.78	9.88	3988.46	14478.51	10490.05	24968.56	133051.76	3.00	18.77	21.69	-	日涨幅偏离值达到7的前5只证券	20210317	星期三
28	002709	天赐材料	1家机构买入，成功率0.00	92.93	10.00	17787.32	34043.27	16255.96	50299.23	112433.48	15.82	44.74	2.30	-	日涨幅偏离值达到7的前5只证券	20210317	星期三
29	002900	哈三联	1家机构买入，成功率0.00	9.80	9.99	708.40	2544.95	1836.55	4381.50	8841.09	8.01	49.56	1.18	-	连续三个交易日内，涨幅偏离值累计达到20的证券	20210317	星期三
30	002996	顺博合金	实力游资买入，成功率0.00	20.34	10.01	2948.73	8633.45	5684.71	14318.16	73997.27	3.98	19.35	71.53	-	日振幅值达到15的前5只证券	20210317	星期三
31	002996	顺博合金	实力游资买入，成功率0.00	20.34	10.01	2948.73	8633.45	5684.71	14318.16	73997.27	3.98	19.35	71.53	-	日换手率达到20的前5只证券	20210317	星期三
32	003035	南网能源	1家机构买入，成功率0.00	9.85	4.68	-19321.08	25540.30	44861.37	70401.67	366001.01	-5.28	19.24	48.94	-	日换手率达到20的前5只证券	20210317	星期三
33	003037	三和管桩	主力做T，成功率0.00	15.88	1.21	-3956.20	2277.54	6233.74	8511.28	45946.54	-8.61	18.52	42.81	-	日换手率达到20的前5只证券	20210317	星期三
34	003039	顺控发展	1家机构买入，成功率0.00	16.45	10.03	2377.07	4654.08	2277.00	6931.08	33619.30	7.07	20.62	35.10	-	日振幅值达到15的前5只证券	20210317	星期三
35	003039	顺控发展	1家机构买入，成功率0.00	16.45	10.03	2377.07	4654.08	2277.00	6931.08	33619.30	7.07	20.62	35.10	-	日换手率达到20的前5只证券	20210317	星期三
36	300140	中环装备	1家机构买入，成功率0.00	8.09	13.31	-1073.16	4669.75	5742.91	10412.66	64110.00	-1.67	16.24	16.56	-	连续三个交易日内，涨幅偏离值累计达到30的证券	20210317	星期三
37	300234	开尔新材	1家机构卖出，成功率0.00	10.91	-9.83	-5100.25	10832.40	15932.65	26765.05	132168.20	-3.86	20.25	37.16	-	日换手率达到30的前5只证券	20210317	星期三
38	300417	南华仪器	主力做T，成功率0.00	17.80	5.58	-75.83	6377.38	6453.21	12830.59	91935.77	-0.08	13.96	33.98	-	连续三个交易日内，涨幅偏离值累计达到30的证券	20210317	星期三
39	300697	电工合金	实力游资买入，成功率0.00	20.42	19.98	744.52	7266.59	6522.07	13788.66	34201.62	2.18	40.32	19.94	-	日涨幅达到15的前5只证券	20210317	星期三
40	300812	易天股份	实力游资买入，成功率0.00	42.67	19.99	-474.83	3289.65	3764.48	7054.14	22721.46	-2.09	31.05	17.44	-	日涨幅达到15的前5只证券	20210317	星期三
41	300812	易天股份	1家机构买入，成功率0.00	42.67	19.99	-1418.24	5756.04	7174.27	12930.31	32573.35	-4.35	39.70	17.44	-	连续三个交易日内，涨幅偏离值累计达到30的证券	20210317	星期三
42	300842	帝科股份	1家机构买入，成功率0.00	55.57	20.00	2293.91	3227.96	934.06	4162.02	20347.13	11.27	20.46	15.40	-	日涨幅达到15的前5只证券	20210317	星期三
43	300848	美瑞新材	买一主买，成功率0.00	71.64	20.00	1753.56	5580.84	3827.28	9408.13	45757.40	3.83	20.56	40.71	-	日涨幅达到15的前5只证券	20210317	星期三
44	300848	美瑞新材	买一主买，成功率0.00	71.64	20.00	1753.56	5580.84	3827.28	9408.13	45757.40	3.83	20.56	40.71	-	日换手率达到30的前5只证券	20210317	星期三
45	300848	美瑞新材	买一主买，成功率0.00	71.64	20.00	2056.94	6745.13	4688.19	11433.32	75203.91	2.74	15.20	40.71	-	连续三个交易日内，涨幅偏离值累计达到30的证券	20210317	星期三
46	300859	西域旅游	3家机构卖出，成功率0.00	29.77	-1.72	260.41	3785.90	3525.49	7311.39	46908.51	0.56	15.59	38.97	-	日换手率达到30的前5只证券	20210317	星期三
47	300940	南极光	主力做T，成功率0.00	67.27	20.00	3002.66	6886.15	3883.49	10769.63	78542.23	3.82	13.71	45.49	-	日涨幅达到15的前5只证券	20210317	星期三
48	300940	南极光	主力做T，成功率0.00	67.27	20.00	3002.66	6886.15	3883.49	10769.63	78542.23	3.82	13.71	45.49	-	日换手率达到30的前5只证券	20210317	星期三
49	300948	冠中生态	西藏自治区资金卖出，成功率0.00	45.30	-5.66	46.24	3026.10	2979.86	6005.96	34558.84	0.13	17.38	34.01	-	日换手率达到30的前5只证券	20210317	星期三
50	600255	鑫科材料	实力游资买入，成功率0.00	2.73	10.08	145.80	6607.40	6461.61	13069.01	27708.09	0.53	47.17	5.77	-	有价格涨跌幅限制的日收盘价格涨幅偏离值达到7的前三只证券	20210317	星期三
51	600295	鄂尔多斯	1家机构卖出，成功率0.00	18.50	-2.48	-14602.03	30944.78	45546.82	76491.60	322485.73	-4.53	23.72	7.86	-	非ST、*ST和S证券连续三个交易日内收盘价格跌幅偏离值累计达到20的证券	20210317	星期三
52	600506	香梨股份	浙江资金买入，成功率0.00	8.54	10.05	1844.90	2092.41	247.51	2339.92	4289.92	43.01	54.54	3.49	-	有价格涨跌幅限制的日收盘价格涨幅偏离值达到7的前三只证券	20210317	星期三
53	600526	菲达环保	实力游资买入，成功率0.00	5.89	10.09	1878.91	2337.03	458.12	2795.16	2779.36	67.60	100.57	0.86	-	有价格涨跌幅限制的日收盘价格涨幅偏离值达到7的前三只证券	20210317	星期三
54	600701	退市工新	卖一主卖，成功率3.33	0.86	-9.47	0.00	86.04	86.04	172.09	86.04	0.00	200.00	0.12	-	退市整理的证券	20210317	星期三
55	600701	退市工新	卖一主卖，成功率3.33	0.86	-9.47	0.00	86.04	86.04	172.09	86.04	0.00	200.00	0.12	-	有价格涨跌幅限制的日收盘价格跌幅偏离值达到7的前三只证券	20210317	星期三
56	600701	退市工新	浙江资金卖出，成功率0.00	0.86	-9.47	-0.07	89.75	89.83	179.58	89.83	-0.08	199.92	0.12	-	非ST、*ST和S证券连续三个交易日内收盘价格跌幅偏离值累计达到20的证券	20210317	星期三
57	600707	彩虹股份	实力游资买入，成功率0.00	11.37	9.96	7245.80	41829.36	34583.56	76412.92	390365.65	1.86	19.57	3.87	-	非ST、*ST和S证券连续三个交易日内收盘价格涨幅偏离值累计达到20的证券	20210317	星期三
58	600744	华银电力	实力游资卖出，成功率0.00	5.76	-1.54	-2619.78	10474.13	13093.91	23568.04	195901.95	-1.34	12.03	40.42	-	有价格涨跌幅限制的日换手率达到20的前三只证券	20210317	星期三
59	601038	一拖股份	实力游资买入，成功率0.00	14.55	7.30	328.78	8077.16	7748.38	15825.53	129820.52	0.25	12.19	15.14	-	有价格涨跌幅限制的日价格振幅达到15的前三只证券	20210317	星期三
60	603090	宏盛股份	实力游资买入，成功率0.00	14.69	10.04	849.41	1984.37	1134.96	3119.33	10030.65	8.47	31.10	4.22	-	非ST、*ST和S证券连续三个交易日内收盘价格涨幅偏离值累计达到20的证券	20210317	星期三
61	603098	森特股份	实力游资卖出，成功率0.00	14.53	-8.50	-2653.94	4903.95	7557.89	12461.84	79344.38	-3.34	15.71	10.91	-	有价格涨跌幅限制的日价格振幅达到15的前三只证券	20210317	星期三
62	603126	中材节能	西藏自治区资金卖出，成功率0.00	10.72	-9.54	1000.91	7324.26	6323.35	13647.61	130774.86	0.77	10.44	19.50	-	有价格涨跌幅限制的日收盘价格跌幅偏离值达到7的前三只证券	20210317	星期三
63	603869	新智认知	卖一主卖，成功率0.00	10.52	-10.01	-3692.98	1861.04	5554.02	7415.06	18162.16	-20.33	40.83	3.29	-	有价格涨跌幅限制的日收盘价格跌幅偏离值达到7的前三只证券	20210317	星期三
64	605005	合兴股份	实力游资买入，成功率0.00	17.70	10.01	267.41	2590.33	2322.92	4913.25	19962.32	1.34	24.61	29.32	-	有价格涨跌幅限制的日换手率达到20的前三只证券	20210317	星期三
65	605208	永茂泰	西藏自治区资金买入，成功率0.00	20.89	0.43	-53.75	1595.95	1649.70	3245.65	29650.47	-0.18	10.95	30.15	-	有价格涨跌幅限制的日换手率达到20的前三只证券	20210317	星期三
