1	000007	全新好	卖一主卖，成功率28.65	6.97	-9.95	-688.85	168.26	857.10	1025.36	857.10	-80.37	119.63	0.40	22	日跌幅偏离值达到7的前5只证券	20211231	星期五
2	000007	全新好	卖一主卖，成功率50.00	6.97	-9.95	-2751.13	3755.30	6506.43	10261.73	10552.44	-26.07	97.25	0.40	22	连续三个交易日内，跌幅偏离值累计达到20的证券	20211231	星期五
3	000421	南京公用	主力做T，成功率25.83	6.78	-6.48	-108.00	1956.48	2064.48	4020.95	27798.01	-0.39	14.46	7.00	39	日跌幅偏离值达到7的前5只证券	20211231	星期五
4	000521	长虹美菱	西藏自治区资金买入，成功率35.01	6.06	9.98	737.96	10673.61	9935.65	20609.27	110670.25	0.67	18.62	22.22	53	日涨幅偏离值达到7的前5只证券	20211231	星期五
5	000521	长虹美菱	西藏自治区资金买入，成功率35.01	6.06	9.98	737.96	10673.61	9935.65	20609.27	110670.25	0.67	18.62	22.22	53	日换手率达到20的前5只证券	20211231	星期五
6	000591	太阳能	买一主买，成功率51.69	7.27	9.98	26436.08	54209.70	27773.62	81983.33	365134.09	7.24	22.45	25.24	148	日涨幅偏离值达到7的前5只证券	20211231	星期五
7	000591	太阳能	买一主买，成功率51.69	7.27	9.98	26436.08	54209.70	27773.62	81983.33	365134.09	7.24	22.45	25.24	148	日换手率达到20的前5只证券	20211231	星期五
8	000593	大通燃气	1家机构卖出，成功率35.39	6.32	-7.60	-1268.03	1967.06	3235.08	5202.14	28952.36	-4.38	17.97	12.45	23	日跌幅偏离值达到7的前5只证券	20211231	星期五
9	000606	顺利办	实力游资卖出，成功率37.66	3.31	-6.76	-2491.38	784.62	3275.99	4060.61	11792.60	-21.13	34.43	5.09	23	日跌幅偏离值达到7的前5只证券	20211231	星期五
10	000662	*ST天夏	实力游资卖出，成功率38.03	0.82	-4.65	-103.00	724.94	827.95	1552.89	8962.19	-1.15	17.33	4.17	9	连续三个交易日内，跌幅偏离值累计达到12的ST证券、*ST证券和未完成股改证券	20211231	星期五
11	000676	智度股份	实力游资买入，成功率47.75	6.66	10.08	1366.78	7345.97	5979.19	13325.15	42692.37	3.20	31.21	6.36	68	日涨幅偏离值达到7的前5只证券	20211231	星期五
12	000676	智度股份	主力做T，成功率47.85	6.66	10.08	1792.98	10761.06	8968.08	19729.15	75672.77	2.37	26.07	6.36	68	连续三个交易日内，涨幅偏离值累计达到20的证券	20211231	星期五
13	000697	炼石航空	实力游资买入，成功率45.51	11.67	9.99	4567.69	8191.16	3623.47	11814.63	38518.62	11.86	30.67	5.82	67	日涨幅偏离值达到7的前5只证券	20211231	星期五
14	000713	丰乐种业	1家机构卖出，成功率30.98	17.40	-0.63	-8198.72	14424.94	22623.66	37048.60	195734.21	-4.19	18.93	27.96	69	日换手率达到20的前5只证券	20211231	星期五
15	000767	晋控电力	主力做T，成功率43.72	3.99	-6.56	1133.25	10699.90	9566.65	20266.55	131290.16	0.86	15.44	10.29	116	日振幅值达到15的前5只证券	20211231	星期五
16	000767	晋控电力	主力做T，成功率43.72	3.99	-6.56	1133.25	10699.90	9566.65	20266.55	131290.16	0.86	15.44	10.29	116	日跌幅偏离值达到7的前5只证券	20211231	星期五
17	000813	德展健康	2家机构买入，成功率46.69	4.43	9.93	4648.38	7073.86	2425.48	9499.35	30489.18	15.25	31.16	3.19	98	日涨幅偏离值达到7的前5只证券	20211231	星期五
18	000899	赣能股份	1家机构买入，成功率39.63	7.10	3.65	-1025.77	4134.11	5159.88	9293.99	54905.62	-1.87	16.93	8.17	69	日振幅值达到15的前5只证券	20211231	星期五
19	000981	*ST银亿	浙江资金卖出，成功率33.99	2.05	-5.09	-917.44	1443.48	2360.92	3804.39	9159.99	-10.02	41.53	0.82	53	连续三个交易日内，跌幅偏离值累计达到12的ST证券、*ST证券和未完成股改证券	20211231	星期五
20	000995	皇台酒业	主力做T，成功率33.82	31.90	3.44	-11497.21	10468.19	21965.40	32433.59	141115.17	-8.15	22.98	25.02	57	日换手率达到20的前5只证券	20211231	星期五
21	002013	中航机电	1家机构买入，成功率46.23	11.45	9.99	19460.11	33450.47	13990.36	47440.83	151773.43	12.82	31.26	3.54	445	日涨幅偏离值达到7的前5只证券	20211231	星期五
22	002022	科华生物	实力游资卖出，成功率42.42	15.42	-8.00	-1609.26	4459.54	6068.80	10528.34	44028.38	-3.66	23.91	5.56	79	日跌幅偏离值达到7的前5只证券	20211231	星期五
23	002071	*ST长城	实力游资卖出，成功率33.71	0.96	-4.00	-39.80	722.78	762.57	1485.35	5491.15	-0.72	27.05	5.89	5	连续三个交易日内，跌幅偏离值累计达到12的ST证券、*ST证券	20211231	星期五
24	002213	大为股份	卖一主卖，成功率38.10	12.98	-5.87	-3134.90	986.45	4121.35	5107.80	6238.71	-50.25	81.87	2.30	27	日跌幅偏离值达到7的前5只证券	20211231	星期五
25	002314	南山控股	实力游资买入，成功率70.59	4.14	10.11	-1618.01	4688.74	6306.75	10995.50	42456.63	-3.81	25.90	8.32	47	连续三个交易日内，涨幅偏离值累计达到20的证券	20211231	星期五
26	002500	山西证券	实力游资买入，成功率49.79	8.95	9.95	10644.92	25748.92	15104.00	40852.92	196579.56	5.42	20.78	6.20	321	日涨幅偏离值达到7的前5只证券	20211231	星期五
27	002553	南方轴承	1家机构买入，成功率42.39	10.55	5.29	-136.49	10481.54	10618.04	21099.58	63363.85	-0.22	33.30	25.51	25	日换手率达到20的前5只证券	20211231	星期五
28	002612	朗姿股份	实力游资卖出，成功率46.00	24.63	-10.01	4439.64	21185.10	16745.45	37930.55	235825.21	1.88	16.08	32.49	64	日振幅值达到15的前5只证券	20211231	星期五
29	002612	朗姿股份	实力游资卖出，成功率46.00	24.63	-10.01	4439.64	21185.10	16745.45	37930.55	235825.21	1.88	16.08	32.49	64	日跌幅偏离值达到7的前5只证券	20211231	星期五
30	002612	朗姿股份	实力游资卖出，成功率46.00	24.63	-10.01	4439.64	21185.10	16745.45	37930.55	235825.21	1.88	16.08	32.49	64	日换手率达到20的前5只证券	20211231	星期五
31	002625	光启技术	买一主买，成功率49.89	22.25	9.99	6071.97	17276.55	11204.58	28481.14	101071.35	6.01	28.18	3.11	331	日涨幅偏离值达到7的前5只证券	20211231	星期五
32	002670	国盛金控	买一主买，成功率45.94	13.75	10.00	3618.38	23274.53	19656.15	42930.68	244835.27	1.48	17.53	11.19	223	日涨幅偏离值达到7的前5只证券	20211231	星期五
33	002796	世嘉科技	浙江资金买入，成功率50.41	16.26	10.01	4211.11	11094.06	6882.95	17977.01	60316.43	6.98	29.80	12.24	35	连续三个交易日内，涨幅偏离值累计达到20的证券	20211231	星期五
34	002936	郑州银行	实力游资买入，成功率40.49	4.46	10.12	3432.82	18311.08	14878.26	33189.34	197769.44	1.74	16.78	27.13	74	日涨幅偏离值达到7的前5只证券	20211231	星期五
35	002936	郑州银行	实力游资买入，成功率40.49	4.46	10.12	3432.82	18311.08	14878.26	33189.34	197769.44	1.74	16.78	27.13	74	日换手率达到20的前5只证券	20211231	星期五
36	002996	顺博合金	2家机构卖出，成功率40.34	16.27	-2.92	-5799.75	2804.56	8604.31	11408.87	31706.89	-18.29	35.98	36.49	9	日换手率达到20的前5只证券	20211231	星期五
37	003009	中天火箭	实力游资买入，成功率32.78	72.90	6.86	-1044.44	7002.62	8047.06	15049.68	93146.02	-1.12	16.16	33.66	28	日换手率达到20的前5只证券	20211231	星期五
38	003026	中晶科技	买一主买，成功率55.32	47.16	10.01	1935.13	2125.78	190.65	2316.43	2125.78	91.03	108.97	0.72	12	连续三个交易日内，涨幅偏离值累计达到20的证券	20211231	星期五
39	003028	振邦智能	买一主买，成功率56.38	41.69	10.00	1061.24	1303.20	241.96	1545.16	1303.20	81.43	118.57	0.46	11	连续三个交易日内，涨幅偏离值累计达到20的证券	20211231	星期五
40	300894	火星人	5家机构买入，成功率49.00	49.00	248.26	21812.24	24692.82	2880.59	27573.41	117988.08	18.49	23.37	75.52	19	无价格涨跌幅限制的证券	20211231	星期五
41	300917	特发服务	1家机构卖出，成功率28.79	40.50	-4.28	340.00	3049.01	2709.01	5758.02	32077.13	1.06	17.95	36.26	9	日换手率达到30的前5只证券	20211231	星期五
42	600081	东风科技	实力游资卖出，成功率38.33	17.72	-3.49	-4496.99	8626.35	13123.34	21749.69	110584.70	-4.07	19.67	18.45	56	有价格涨跌幅限制的日价格振幅达到15的前三只证券	20211231	星期五
43	600185	格力地产	卖一主卖，成功率33.59	6.46	-10.03	-3031.36	709.82	3741.18	4451.00	9751.69	-31.09	45.64	0.73	133	有价格涨跌幅限制的日收盘价格跌幅偏离值达到7的前三只证券	20211231	星期五
44	600189	泉阳泉	实力游资买入，成功率35.96	14.69	10.04	10777.32	19262.54	8485.22	27747.76	112685.65	9.56	24.62	14.00	83	有价格涨跌幅限制的日收盘价格涨幅偏离值达到7的前三只证券	20211231	星期五
45	600333	长春燃气	西藏自治区资金卖出，成功率28.79	8.68	-6.36	-1202.67	6666.45	7869.12	14535.58	141360.40	-0.85	10.28	24.45	53	有价格涨跌幅限制的日价格振幅达到15的前三只证券	20211231	星期五
46	600408	ST安泰	实力游资卖出，成功率34.89	2.45	-5.04	-555.73	1695.50	2251.23	3946.73	19121.49	-2.91	20.64	2.90	25	ST、*ST和S证券连续三个交易日内收盘价格跌幅偏离值累计达到15的证券	20211231	星期五
47	600758	辽宁能源	买一主买，成功率49.55	4.04	10.08	-463.40	3910.44	4373.84	8284.28	8007.50	-5.79	103.46	1.50	53	有价格涨跌幅限制的日收盘价格涨幅偏离值达到7的前三只证券	20211231	星期五
48	600765	中航重机	买一主买，成功率37.71	25.00	8.18	-2371.75	37606.45	39978.20	77584.66	343636.14	-0.69	22.58	7.25	214	非ST、*ST和S证券连续三个交易日内收盘价格涨幅偏离值累计达到20的证券	20211231	星期五
49	600798	宁波海运	实力游资卖出，成功率43.69	5.15	-8.53	-4008.51	6185.68	10194.19	16379.87	113141.26	-3.54	14.48	20.24	53	有价格涨跌幅限制的日价格振幅达到15的前三只证券	20211231	星期五
50	601187	厦门银行	西藏自治区资金买入，成功率34.91	13.20	1.54	-1492.86	5654.64	7147.49	12802.13	125625.66	-1.19	10.19	35.59	35	有价格涨跌幅限制的日换手率达到20的前三只证券	20211231	星期五
51	601375	中原证券	买一主买，成功率43.25	7.02	10.03	6139.78	14958.98	8819.19	23778.17	104313.52	5.89	22.79	5.65	188	有价格涨跌幅限制的日收盘价格涨幅偏离值达到7的前三只证券	20211231	星期五
52	603617	君禾股份	卖一主卖，成功率25.39	9.96	-10.03	-2157.34	290.13	2447.47	2737.61	2473.37	-87.22	110.68	1.25	20	有价格涨跌幅限制的日收盘价格跌幅偏离值达到7的前三只证券	20211231	星期五
53	603617	君禾股份	卖一主卖，成功率44.67	9.96	-10.03	-1315.40	1734.25	3049.65	4783.90	8206.49	-16.03	58.29	1.25	20	非ST、*ST和S证券连续三个交易日内收盘价格跌幅偏离值累计达到20的证券	20211231	星期五
54	603665	康隆达	卖一主卖，成功率36.67	21.98	-9.99	-947.34	273.43	1220.77	1494.20	1220.77	-77.60	122.40	0.35	35	有价格涨跌幅限制的日收盘价格跌幅偏离值达到7的前三只证券	20211231	星期五
55	603665	康隆达	实力游资卖出，成功率36.74	21.98	-9.99	-1649.59	483.02	2132.61	2615.63	2132.61	-77.35	122.65	0.35	35	非ST、*ST和S证券连续三个交易日内收盘价格跌幅偏离值累计达到20的证券	20211231	星期五
56	605155	N西大门	实力游资买入，成功率46.62	30.48	43.98	1369.68	2261.46	891.78	3153.24	30254.89	4.53	10.42	42.09	7	无价格涨跌幅限制的证券	20211231	星期五
57	605155	N西大门	实力游资买入，成功率46.62	30.48	43.98	1369.68	2261.46	891.78	3153.24	30254.89	4.53	10.42	42.09	7	当日无价格涨跌幅限制的A股，出现异常波动停牌的	20211231	星期五
58	605179	一鸣食品	实力游资买入，成功率65.00	17.66	10.03	1752.09	3600.34	1848.26	5448.60	8372.39	20.93	65.08	7.14	11	非ST、*ST和S证券连续三个交易日内收盘价格涨幅偏离值累计达到20的证券	20211231	星期五
59	605186	健麾信息	实力游资卖出，成功率41.42	28.13	-6.70	-2221.12	4821.88	7043.00	11864.88	37544.80	-5.92	31.60	38.99	10	有价格涨跌幅限制的日换手率达到20的前三只证券	20211231	星期五
60	605376	博迁新材	上海资金买入，成功率53.08	47.00	5.36	-1344.44	10107.11	11451.55	21558.65	95228.05	-1.41	22.64	31.10	31	有价格涨跌幅限制的日换手率达到20的前三只证券	20211231	星期五
61	605377	华旺科技	西藏自治区资金卖出，成功率31.47	19.97	-1.48	-73.76	4559.35	4633.11	9192.45	68593.80	-0.11	13.40	21.27	10	非ST、*ST和S证券连续三个交易日内收盘价格跌幅偏离值累计达到20的证券	20211231	星期五
62	688180	君实生物	上海资金买入，成功率37.70	81.10	17.13	16195.67	22770.30	6574.63	29344.93	56090.51	28.87	52.32	10.73	55	有价格涨跌幅限制的日收盘价格涨幅达到15的前五只证券	20211231	星期五
